"spearman" "pvalcorr" "pvallinear" "pvalanova" "bootstrap" "pearson" "Ncount"
"rho" -0.589190222102098 0.00794259865669086 0.00248633556294979 0.0274364054159584 "notsigdifferent" 0.751360960361534 12
"rho1" -0.667819929598038 0.0126153197026895 0.0362004872721658 0.309339177577497 "notsigdifferent" 0.488413206171808 14
"rho2" -0.13812102228464 0.597044708465505 0.0236602721498748 0.245804572059833 "notsigdifferent" 0.492658907634929 24
"rho3" -0.81891262602886 0.00204802634992343 0.00102205573503206 0.000779676570500212 "sigdifferent" 0.903351842467004 16
"rho4" -0.67741935483871 0.139303816588903 0.114533780895078 0.068373810391583 "notsigdifferent" 0.784050425175966 17
"rho5" -0.499239771748413 0.0413262495927122 0.00471123752665884 0.0140589522830793 "notsigdifferent" 0.703600145043436 35
"rho6" -0.451358322742048 0.0912577169775546 0.00691447041659443 0.0411621829781468 "notsigdifferent" 0.729799316815792 19
"rho7" -0.673214194394262 0.0231757167030748 0.00278328746395575 0.00118877641489781 "notsigdifferent" 0.856773402368504 26
"rho8" -0.970588235294118 0.00128485650315491 0.0220691873468002 0.0252674846765318 "sigdifferent" 0.864614088003508 10
"rho9" -0.676116719518084 0.0318399483166377 0.00663606762056734 0.00200193470841948 "notsigdifferent" 0.869981473182762 24
"rho10" -0.658552774098175 0.019877475968417 0.00800775472983131 0.0125826229180296 "notsigdifferent" 0.784068801128421 19
"rho11" -0.702362985828346 0.0520788187373784 0.00779889803476057 0.0393370132638593 "notsigdifferent" 0.719220790356865 21
"rho12" -0.898026510133874 0.0150676985628473 0.0544201197747697 0.0141791585926824 "notsigdifferent" 0.894121309886761 16
"rho13" -0.94112394811432 0.00509754056486142 0.0344772508812255 0.0949084516186394 "notsigdifferent" 0.712839378397792 13
"rho14" -0.801783725737273 0.0300992478974625 0.0521638145258596 0.20943852928348 "notsigdifferent" 0.562553702071052 12
"rho15" -0.229036973710421 0.250492963286335 0.0128249037194086 0.47998479304702 "notsigdifferent" 0.444451177073845 32
"rho16" -0.479681569516303 0.060074346595404 0.00511510059384185 0.0837616549387235 "notsigdifferent" 0.600098222321428 22
"rho17" -0.681999219526999 0.00361219551321058 0.000704824938137551 0.00504054177636527 "notsigdifferent" 0.780098994667666 22
"rho18" -0.520476736110018 0.100713102728321 0.0152824485781531 0.100583775197214 "notsigdifferent" 0.652593002365982 13
"rho19" -0.748117356120796 0.0051365025983659 0.00681675656630856 0.0111407193549542 "notsigdifferent" 0.797083717707114 13
"rho20" -0.948683298050514 0.0513167019494862 0.077268305284338 0.0780804880315347 "notsigdifferent" 0.851433780432838 10
"rho21" -0.755567795340114 0.00715805622699256 0.00274954705583617 0.00163948200399311 "notsigdifferent" 0.85745474597546 18
"rho22" -0.821468634480981 0.000573528005942963 0.00133444855580157 0.0043117291263199 "notsigdifferent" 0.79072876655813 18
"rho23" -0.497633605648303 0.209534927122384 0.0458200351827306 0.175195782648676 "notsigdifferent" 0.582795654590101 12
"rho24" -0.571380044523348 0.180247522833793 0.0355326603451339 0.150061292214234 "notsigdifferent" 0.620125221937645 12
"rho25" -0.778832625935979 0.0133903102305365 0.0161981573030978 0.0498964226447076 "notsigdifferent" 0.717200959995981 11
"rho26" -0.654134824840292 0.0559629840578202 0.0116151170479379 0.0485611862546106 "notsigdifferent" 0.681371706934692 23
"rho27" -0.845154254728517 0.0341094231674097 0.0641699467914716 0.147308310987132 "notsigdifferent" 0.616766502125235 24
"rho28" -0.219329434178051 0.451215923498249 0.0257209068666654 0.184856951869196 "notsigdifferent" 0.532097927357663 24
"rho29" -0.809039834955891 0.0275341805145111 0.0141378885895445 0.021108051173463 "notsigdifferent" 0.812302592768546 13
"rho30" -0.71374642714633 0.0204390370077823 0.00611103654357071 0.00206648404669002 "notsigdifferent" 0.87511200509544 15
"rho31" -0.919102202395081 6.33942763185535e-05 0.000502311801685574 0.00845105796797595 "notsigdifferent" 0.79752372780184 15
"rho32" -0.4785609959637 0.0208855662585721 0.0188363390829855 0.108425630808367 "notsigdifferent" 0.569072232853611 51
"rho33" -0.0676631334319845 0.737371717007987 0.0192240430885537 0.290245165910093 "notsigdifferent" 0.473620184590438 39
"rho34" -0.66804061533704 0.0701951659056952 0.018509029196701 0.0672830470884073 "notsigdifferent" 0.702526161734171 15
"rho35" -0.583920130037775 0.0763303999389238 0.0322007759545019 0.16950335814374 "notsigdifferent" 0.562098014552905 13
"rho36" -0.121875 0.737323241095128 0.0357267679395339 0.115929009966587 "notsigdifferent" 0.619357489096001 19
"rho37" -0.34913103917796 0.202142793546897 0.0693684120289325 0.296761941288961 "notsigdifferent" 0.515101074249644 20
"rho38" -0.527435903976738 0.0954437831970881 0.0114375422744861 0.162288883851118 "notsigdifferent" 0.622888684117079 14
"rho39" -0.763762615825973 0.027396043909112 0.00380492634593546 0.0243891433328334 "notsigdifferent" 0.776931299878416 10
"rho40" -0.770051379542122 0.0732351281317064 0.0386226876828693 0.0646289127610582 "notsigdifferent" 0.806015072551785 10
"rho41" -0.625741569192526 0.0970224558250037 0.0200970319096195 0.130550949213438 "notsigdifferent" 0.62150915956223 12
"rho42" -0.458349248514106 0.214669447642145 0.0101755234999391 0.0762500453192701 "notsigdifferent" 0.694444602711415 12
"rho43" -0.103980117965858 0.613211327884588 0.0169283799992036 0.164530708987556 "notsigdifferent" 0.530329598758076 35
"rho44" -0.948683298050514 0.0513167019494862 0.0591882298669176 0.0499698703489239 "notsigdifferent" 0.885126786820944 10
"rho45" -0.376545611201774 0.0924780581995846 0.00479822093644344 0.00869334553440462 "notsigdifferent" 0.70211266396484 39
"rho46" -0.853310335187925 0.0306985629726778 0.0081713318026324 0.0152934211802516 "notsigdifferent" 0.856097650806491 11
"rho47" -1 0.333333333333333 0.266458426600861 0.232046493541795 "sigdifferent" 0.834808316269203 10
"rho48" -1 1 NA NA "sigdifferent" 1 11
"rho49" -0.405653540007416 0.318720756026118 0.0122479959258166 0.0131827773171534 "notsigdifferent" 0.824869093918619 19
"rho50" -0.809039834955891 0.0275341805145111 0.0212221983815159 0.0286343583077951 "notsigdifferent" 0.771887357678949 22
"rho51" -0.69774359090702 0.0543309953125189 0.00732270728261922 0.0176694309196774 "notsigdifferent" 0.791392555824345 14
"rho52" -0.838307340612269 0.0184707650688541 0.00758072587438995 0.00107122553625109 "sigdifferent" 0.932608842181502 26
"rho53" -0.773020682523926 0.0244838825146554 0.0055598459632333 0.00295118274350786 "notsigdifferent" 0.880753125261581 19
"rho54" -0.324430336193348 0.330362620185995 0.0334196813320477 0.173428243923224 "notsigdifferent" 0.55708369633547 18
"rho55" -0.514035282127066 0.0416569367544185 0.0114149275170989 0.123734010335374 "notsigdifferent" 0.571513123166886 20
"rho56" -0.548821299948452 0.158922793699263 0.015910781940111 0.0479998973169726 "notsigdifferent" 0.719118459931338 13
"rho57" -0.462998226549963 0.129574804005284 0.00524351165685051 0.0768594755324906 "notsigdifferent" 0.598006374534562 35
"rho58" -0.764217101207358 0.0100589835968317 0.00464892895659613 0.00667139434473019 "notsigdifferent" 0.825063529344105 22
"rho59" -0.857492925712544 0.0290153635313838 0.0268808689864689 0.022150847509601 "notsigdifferent" 0.846227711700913 13
"rho60" -0.788893491655541 0.0621448549200896 0.0754665014492596 0.086254290161264 "notsigdifferent" 0.704360281957866 12
"rho61" -0.598184171287097 0.0143768176999867 0.00582527148771248 0.00943754958904327 "notsigdifferent" 0.744214858448127 32
"rho62" -0.291976158588875 0.482862705656671 0.03788338714711 0.0740032192348795 "notsigdifferent" 0.699842320714369 19
