15
7
2
6
8
11
18
21
20
20
8
3
2
330
91
102
112
156
208
231
243
166
70
14
6
25
1158
232
332
340
420
408
412
300
1
1
2
133
2
23
2
1
6
12
1
25
2049
362
473
534
511
1
461
325
1
130
47
4
2
1
1
2
1
1
2
1
1
1
9
3
1
27
2639
450
539
540
476
1
342
175
44
1
1
1
1
1
3
1
1
1
1
1
1
1
1
1
1
1
1
1
3
1
1
1
1
1
1
1
1
1
1
1
1
4
1
1
3
1
1
1
1
4
3023
473
508
499
340
162
37
2
1
3
1
1
1
1
1
1
1
1
2
1
1
1
1
1
3320
450
396
292
136
47
2
1
2
1
2
1
1
1
1
1
1
1
2
1
1
1
1
1
1
3456
360
247
123
34
3
1
1
2
1
1
1
1
2
1
1
1
1
1
1
1
1
1
3522
227
123
25
1
1
1
1
1
1
2
1
1
1
1
3307
112
26
2
3
1
1
1
2
1
1
1
1
1
3070
25
1
2
2
1
1
1
1
1
1
2816
2
3
2
2
1
2543
3
2
2
1
2
2274
2
3
1
2196
1
1
1925
1899
43646
