"spearman" "pvalcorr" "pvallinear" "pvalanova" "bootstrap" "pearson" "Ncount"
"rho" -0.322894159926161 9.02310190802597e-08 0.00893162139618343 3.49844087248743e-92 "sigdifferent" 0.774793592276948 262
"rho1" -0.264935056281242 1.36821363060724e-06 0.00577852038651495 8.18758972307823e-22 "notsigdifferent" 0.74487423762211 323
"rho2" -0.3175715564233 5.02864359931751e-09 0.000577550472678277 6.22131713715908e-20 "notsigdifferent" 0.879217262539987 324
"rho3" -0.33204960540769 3.25418403943398e-08 0.00116732300748304 1.13630962373036e-22 "notsigdifferent" 0.847959886712185 264
"rho4" -0.177578176583018 0.0014002969614804 0.175750978454995 2.00284791865298e-57 "sigdifferent" 0.332008143651792 321
"rho5" -0.235197426008711 4.24361694212309e-05 0.00242192380671792 3.75666469844762e-83 "sigdifferent" 0.753156305196914 297
"rho6" -0.281174571743551 4.30160407368754e-06 0.04266920697788 4.34400374330605e-33 "notsigdifferent" 0.522859089749938 259
"rho7" -0.291886605849306 1.67857479701516e-08 0.0117281200532992 9.50936302245454e-96 "sigdifferent" 0.749972993649025 360
"rho8" -0.270501824490196 1.47541838890335e-07 0.00785639454254467 4.00859792106375e-22 "notsigdifferent" 0.785651896606485 366
"rho9" -0.193511420473796 0.00048933218392407 0.0346136861432167 1.66340523554538e-55 "sigdifferent" 0.552300356015143 321
"rho10" -0.219485171696706 0.000152352346099632 0.471216176548547 3.5181738628906e-62 "sigdifferent" 0.108234814726061 293
"rho11" -0.170589865069563 0.00187095770954198 0.00164152560298465 6.63557058404054e-152 "sigdifferent" 0.934574784529494 330
"rho12" -0.082088254065187 0.0554666394483824 0.00172950259480543 2.312569599598e-44 "notsigdifferent" 0.542820699304589 545
"rho13" -0.371670792425273 2.46644490082369e-29 0.00551934862356872 3.10104195292306e-183 "sigdifferent" 0.748598528861912 853
"rho14" -0.320056956542473 3.10638962317485e-16 0.000289054056008939 1.947062000576e-202 "sigdifferent" 0.620844889126092 620
"rho15" -0.281667325689256 2.4230343889644e-08 0.00444537184548842 1.9413096969034e-51 "sigdifferent" 0.828082275172203 379
"rho16" -0.251563168625487 0.000255757743758448 0.573748206274089 1.86818749167612e-50 "sigdifferent" 0.0674736951421418 207
"rho17" -0.0954560646140251 0.00139614868895512 0.000293504161917242 1.12309252011504e-120 "sigdifferent" 0.593996576443248 1118
"rho18" -0.170017126116356 0.00187823661724119 0.400142185504443 8.52294888102044e-22 "notsigdifferent" 0.102835362937967 332
"rho19" -0.17775749287704 0.00233813081153104 0.0294927473204186 2.21680040095532e-117 "sigdifferent" 0.645559419896674 291
"rho20" -0.022613781372306 0.584844138999311 0.00341379014121743 0 "sigdifferent" 0.844884460025266 586
"rho21" -0.0727580841233367 0.0313982019057723 0.886901897542753 2.46474482947578e-108 "sigdifferent" 0.00365616245214509 875
"rho22" -0.279905605389695 1.51273726291847e-19 0.131652405761708 8.15669122929264e-104 "sigdifferent" 0.166047355630449 1005
"rho23" -0.140222938942212 0.0408986064442798 0.00349965018265228 8.34970909820799e-26 "sigdifferent" 0.72680895709659 213
"rho24" -0.215638780965861 9.86947114342729e-12 8.45848315068386e-05 9.17059011166528e-92 "sigdifferent" 0.737147655003179 976
"rho25" -0.0737493463112658 0.162614804356841 0.0921360941629248 4.28191553791376e-53 "sigdifferent" 0.400544529616755 360
"rho26" -0.294709254487055 7.13712467603342e-07 0.00226509953441723 2.18456377126795e-31 "notsigdifferent" 0.811370672137765 273
"rho27" -0.228165470852949 0.000531232494593645 0.0485743174783417 4.32860720297339e-33 "notsigdifferent" 0.573785664281548 227
"rho28" -0.31607677100115 1.46797019439719e-09 0.00367369740148573 1.12264717411916e-36 "notsigdifferent" 0.779440969940138 350
"rho29" -0.2541449473391 5.46920715153945e-06 0.000218705313335657 0.80838729465158 "notsigdifferent" 0.912221257017659 312
"rho30" -0.212788393509865 0.000119252684183388 0.00718247390288996 4.64448631329466e-145 "sigdifferent" 0.8648635312905 322
"rho31" -0.203436838780894 0.000905853927694503 0.0165027812307273 1.60702625772671e-59 "sigdifferent" 0.715192174888492 263
"rho32" -0.29829538395398 6.79449138936795e-08 0.199642223895403 6.08579331280692e-37 "notsigdifferent" 0.222706781805625 315
"rho33" -0.276161974256359 1.04732408278527e-06 0.0150510172272788 2.660801523497e-44 "notsigdifferent" 0.724991953813964 303
"rho34" -0.308666821210386 1.04670307545377e-07 0.292218437970753 1.17656312905513e-68 "sigdifferent" 0.21691580425583 285
"rho35" -0.301050164953028 2.33182727707152e-09 0.0316238518413672 1.3202515778242e-49 "notsigdifferent" 0.636220136277529 378
"rho36" -0.199766897435787 0.00399163291278958 0.116918850431882 4.09806113544234e-34 "notsigdifferent" 0.417466592799123 206
"rho37" -0.292006069527787 1.89386430541454e-07 0.6758822669325 2.19188131216739e-26 "notsigdifferent" 0.0378628702243853 307
"rho38" -0.212124878589348 0.00096749979823106 0.0546912537802306 1.01020369225147e-57 "sigdifferent" 0.554960173660938 239
"rho39" -0.242839914932106 8.12117085075526e-05 0.20015344821351 4.87742819712491e-55 "sigdifferent" 0.303278574686914 258
"rho40" -0.244720203035667 3.25796387243514e-05 0.904322268071854 6.61900895197304e-45 "sigdifferent" 0.00318645900326721 282
"rho41" -0.19843370485297 0.000546094039527457 0.0049124165991939 6.9649152419025e-108 "sigdifferent" 0.821276119034759 300
"rho42" -0.129656355641182 0.0100815623923018 0.951603059496651 4.87573194871258e-97 "sigdifferent" 0.000489965216504327 393
"rho43" -0.237435496918891 3.83040180147782e-10 0.0869852599085637 4.89967638704729e-68 "sigdifferent" 0.20861894981974 678
"rho44" -0.200705514145377 2.76925544435948e-09 0.00104345168070901 3.61998292235473e-146 "sigdifferent" 0.522554164341685 862
"rho45" -0.121937459304107 0.0243310635684382 0.917003557807776 1.09041875422692e-55 "sigdifferent" 0.00239586311027831 341
"rho46" -0.18414782442024 0.00397104246754228 0.32595179607975 5.32213910951082e-69 "sigdifferent" 0.16012594171231 243
"rho47" -0.172250207356913 0.00572378442480004 0.206607071306007 1.61938937624396e-39 "sigdifferent" 0.250402562089557 256
"rho48" -0.232812810522985 6.20549390994188e-06 0.247296934793964 6.35539056632461e-20 "notsigdifferent" 0.185400963053545 369
"rho49" -0.18159744357338 4.18250204978148e-12 0.0583216787896053 5.06822314789976e-76 "notsigdifferent" 0.24893143144919 1435
"rho50" -0.265032138624801 2.96009090791297e-05 0.494748867075376 4.20617958745661e-36 "sigdifferent" 0.0809039923418106 242
"rho51" -0.0765989754971174 0.0287702596957462 0.621535377054603 6.66658433625382e-126 "sigdifferent" 0.0431591859770854 815
"rho52" -0.3334192039406 6.89804006564235e-22 0.293974465554508 1.14329890277692e-109 "notsigdifferent" 0.180562817309249 787
"rho53" -0.180324182002894 4.03675360658258e-08 0.0908715005362098 2.05479917758276e-157 "sigdifferent" 0.204157692454381 914
"rho54" -0.219674949621124 4.66403453221059e-07 7.39796828758698e-06 0 "sigdifferent" 0.986371652024828 516
"rho55" 0.0310371878435037 0.37975368644999 0.414492508553058 2.37892351892737e-95 "sigdifferent" 0.0420240685201705 803
"rho56" -0.10712202994638 5.41937697298449e-07 2.11321875727717e-06 3.0832043704404e-134 "notsigdifferent" 0.832612343374195 2178
"rho57" -0.205506579920757 4.10818760727658e-08 0.0324498224704267 1.80559893867841e-36 "notsigdifferent" 0.287000450692879 700
"rho58" -0.0784569403508 0.00125949002461158 0.200174583300185 5.26488896154614e-90 "notsigdifferent" 0.222244336137473 1687
"rho59" -0.179184863757218 6.68243891196673e-06 0.00111431594348655 1.46459115319732e-69 "sigdifferent" 0.800961644343755 624
"rho60" -0.179322113100091 0.000608353927612328 0.010287737453709 4.995075650354e-11 "notsigdifferent" 0.693380371352207 362
"rho61" 0.0329920655807569 0.284565373322999 0.000829742225367594 1.4845443980942e-57 "notsigdifferent" 0.864002330656365 1054
"rho62" -0.20199004632558 0.000113845789373011 3.17919939587499e-05 3.44275734350298e-05 "notsigdifferent" 0.95359262074044 360
"rho63" -0.0952831118840797 0.00437394053882807 0.000676832003278617 7.06862970732387e-145 "sigdifferent" 0.917857738128394 893
"rho64" -0.311012508066151 1.46826847136684e-16 0.19507866846533 2.77808908873236e-61 "sigdifferent" 0.125532803417649 673
"rho65" -0.133583646308716 0.0238618684733027 0.0167567666061812 5.79644974575586e-31 "notsigdifferent" 0.582276334467599 286
"rho66" -0.186203304227253 6.49144470669153e-15 0.0227539225620342 2.31375331999174e-73 "notsigdifferent" 0.318543425443302 1724
"rho67" -0.114247591365397 0.00140287537489414 0.00011481379690547 5.16503296972829e-69 "sigdifferent" 0.666302513994428 779
"rho68" -0.0760048575549269 0.0507951649136849 0.938847222040918 2.16551594084269e-92 "sigdifferent" 0.000379458293181938 661
"rho69" -0.32287712729184 1.27139417795736e-07 0.505957974322063 5.46958044062162e-21 "notsigdifferent" 0.0769451084465934 256
"rho70" -0.205677969450472 3.32043762440621e-05 0.0105713280592668 0.407611511369488 "notsigdifferent" 0.759726957018616 401
"rho71" -0.298251561888106 1.5657123233282e-10 0.326526431669875 6.86663472516875e-24 "notsigdifferent" 0.159778558862968 442
"rho72" -0.182056020914061 0.0168372530673961 0.153188741452508 3.12459763665813e-33 "notsigdifferent" 0.436473095485039 172
"rho73" -0.193857722971943 5.15011989008254e-06 0.103500714695483 4.54023684700759e-23 "notsigdifferent" 0.44149988316084 545
"rho74" -0.0776783155994576 0.237556387677421 0.962301642091323 4.5045644131496e-37 "sigdifferent" 0.000342635745849737 233
"rho75" -0.276915503387732 8.27026003625911e-07 0.302096492088445 3.14118885412665e-56 "sigdifferent" 0.175157517794072 307
"rho76" -0.285526515878249 1.08980074658619e-05 0.0070427585574035 4.02658027846065e-16 "notsigdifferent" 0.7282083829457 230
"rho77" -0.222751568104495 4.22198160961114e-05 0.238740672488468 4.8137091221058e-82 "sigdifferent" 0.221883230521905 332
"rho78" -0.140753352593589 0.00978575091745945 0.020872546152672 4.91987557548842e-63 "sigdifferent" 0.617018611097633 336
"rho79" -0.262486970891984 3.49480436336378e-06 0.00635775962149748 3.07721510652504e-111 "sigdifferent" 0.872673428956217 304
"rho80" -0.19323915537262 0.00193591837512748 0.0121615537865029 5.31278818208459e-37 "sigdifferent" 0.746476795237393 255
"rho81" -0.16995795565214 0.0038801674806179 0.0184852415856023 9.93521383356566e-10 "notsigdifferent" 0.631255916849998 287
"rho82" -0.316349817807425 1.02550891317303e-09 0.00170625359388853 3.50482075845597e-14 "notsigdifferent" 0.827950412327999 356
"rho83" -0.256553787787251 7.61063749374239e-08 0.0203501595382922 1.94570060985962e-21 "notsigdifferent" 0.560145299601755 427
"rho84" -0.323264471994066 8.94844197006296e-09 0.0021907528978166 1.12892964412612e-99 "sigdifferent" 0.869583540730715 302
"rho85" -0.371816053240822 4.29553228228581e-12 0.000155261125793879 4.54965551887329e-09 "notsigdifferent" 0.921596214131917 325
"rho86" -0.378194926550504 1.64403893558939e-08 0.000886476068415502 6.78464443835052e-36 "notsigdifferent" 0.861029100460387 209
"rho87" -0.146657601807751 0.0319961243192583 0.012399825585437 1.34369450094181e-18 "notsigdifferent" 0.74458863927314 214
"rho88" -0.20093654194978 0.00086000170327433 0.0013619727857605 2.17643459992719e-95 "sigdifferent" 0.891784817228176 272
"rho89" -0.296734996357867 4.23846081916328e-06 0.00060942652630599 3.11392880471341e-26 "sigdifferent" 0.831803707214311 232
"rho90" -0.265946828557379 7.49544880662745e-06 0.00365375291648639 2.47912725822997e-05 "notsigdifferent" 0.840720505387977 276
"rho91" -0.341537897712391 2.34016742886618e-07 0.000603267567006528 1.06397773490344e-25 "notsigdifferent" 0.877480093909473 218
"rho92" -0.323322429470484 5.08751707491274e-07 0.281810207996429 3.45727531514833e-21 "notsigdifferent" 0.225302959946641 231
"rho93" -0.385725088080012 7.39486488388962e-15 0.000112998370190543 1.23040335621069e-12 "notsigdifferent" 0.929402098694521 378
"rho94" -0.11122816964984 0.0701165283815752 0.863288514325572 9.5471399319859e-48 "notsigdifferent" 0.00535437160844762 266
"rho95" -0.158479205953085 0.000182539321661828 0.00388265682561023 9.82274167689165e-32 "notsigdifferent" 0.836904068989958 553
"rho96" -0.239348191174143 1.50534725004514e-05 0.0002168941353558 8.57620049478278e-136 "sigdifferent" 0.947660520093661 320
"rho97" -0.276333757038798 7.72315500647946e-08 0.00355362174426863 4.35365396446915e-27 "notsigdifferent" 0.842436732849553 366
"rho98" -0.151421453474768 0.00872890931051589 0.013385185162215 5.03788276051688e-26 "notsigdifferent" 0.737017497402401 299
"rho99" -0.296570589509249 5.33186079485665e-27 0.000110447102919986 1.93150475090111e-15 "notsigdifferent" 0.756931061760212 1260
"rho100" -0.282524451281229 7.24936272910119e-12 1.96971447314751e-05 5.56906843415348e-154 "sigdifferent" 0.765310094251678 567
"rho101" -0.0734171212573901 0.0582687158012692 0.00545824858426571 0 "sigdifferent" 0.813816221759476 666
"rho102" -0.317836173645813 4.82347006323296e-16 0.000389690788965123 0.000298982486082402 "notsigdifferent" 0.893848758119458 621
"rho103" -0.334502157804537 3.15817495461452e-10 2.95930242013628e-05 2.39895532032457e-102 "sigdifferent" 0.954681830034557 336
"rho104" -0.318927489897581 2.0818045043211e-21 8.31964240261982e-08 1.55734297333755e-35 "notsigdifferent" 0.879191533480245 844
"rho105" -0.334632503962678 2.78072661911215e-09 0.00166165469560877 5.13842357928396e-86 "sigdifferent" 0.777594623194795 300
"rho106" -0.220157144836054 3.12781115513021e-06 0.0586336510162577 2.02319474021708e-18 "notsigdifferent" 0.475033978528565 440
"rho107" -0.15486585372276 6.18308516344477e-11 1.56855420710303e-06 6.23990129349329e-42 "notsigdifferent" 0.772669841257148 1764
"rho108" -0.207801402997967 4.43312751936021e-08 0.00514309280064812 3.08295879471121e-41 "notsigdifferent" 0.416518941234347 681
"rho109" -0.130714591841934 8.78585734156455e-06 0.00335265300108062 1.70919060511686e-33 "notsigdifferent" 0.425379459545082 1149
"rho110" -0.194306766353349 7.33763569252338e-05 0.0177479945464316 1.91363412912073e-103 "sigdifferent" 0.635918141963469 411
"rho111" -0.291704289550671 4.27050188552162e-07 9.9141533667247e-06 1.49908381831952e-45 "sigdifferent" 0.968469260541178 290
"rho112" -0.236986756636073 1.03743582217781e-09 0.963143530592141 2.81642672852449e-100 "sigdifferent" 0.000471557389637779 647
"rho113" -0.304033064725675 4.97047394670147e-08 0.000967546226799021 5.46289665588415e-62 "sigdifferent" 0.856997309226713 309
"rho114" -0.304303845249208 5.31688939704255e-12 0.268419265552543 4.8285961631518e-27 "notsigdifferent" 0.198626151317389 492
"rho115" -0.294278093725485 3.28032747809381e-09 0.00502059789581879 5.16906370235039e-181 "sigdifferent" 0.819757878135065 389
"rho116" -0.328411013146132 4.96545558331731e-08 0.439242944738986 4.35887541888948e-109 "sigdifferent" 0.102594492368743 263
"rho117" -0.32635921128071 3.00740692711421e-22 1.37052060876248e-06 0.00745446007837305 "notsigdifferent" 0.820493169542456 838
"rho118" -0.159800816391735 0.0272300508892927 0.676992752098078 1.31464475553372e-28 "sigdifferent" 0.0309277667293546 191
"rho119" -0.105470803374715 0.100251820052588 0.00839521937730564 1.39482141343859e-12 "notsigdifferent" 0.780100532468047 244
"rho120" -0.138423093393691 0.0430892549452695 0.157527428072262 8.19943171557685e-76 "sigdifferent" 0.429757302033425 214
"rho121" -0.331375570550213 1.46281053635466e-09 0.624217007633254 2.73208507408608e-32 "notsigdifferent" 0.0361355972343866 317
"rho122" -0.208018725402746 6.07265293887538e-05 0.440024681565766 8.46781393445459e-38 "notsigdifferent" 0.102263237302226 366
"rho123" -0.211648660148134 0.000211502606660718 0.25260927155795 5.210289819367e-45 "notsigdifferent" 0.250509037772814 302
"rho124" -0.113761457990322 0.0394816693297799 0.352379895080178 3.10800002814729e-76 "sigdifferent" 0.108624828349288 328
"rho125" -0.220073372655948 1.45889195494473e-05 0.000321931122893561 4.44284443239883e-07 "notsigdifferent" 0.900308966272396 381
"rho126" -0.230103254122289 4.3130993500638e-05 0.00632655891370545 2.08792664126445e-12 "notsigdifferent" 0.80285709966737 310
"rho127" -0.266661095955226 4.36065126884507e-05 0.0521162562250775 1.57250014787796e-49 "notsigdifferent" 0.562698993023863 229
"rho128" -0.202582441862268 3.67030973537312e-05 0.00215552849480259 1.92674624845784e-56 "notsigdifferent" 0.870409293059003 409
"rho129" -0.337990207704371 6.7764823168433e-33 6.04038616825444e-06 5.40530282078036e-35 "notsigdifferent" 0.855379863655538 1179
"rho130" -0.291317426889923 9.74608892369126e-08 0.668696875654872 7.96379935502938e-38 "notsigdifferent" 0.0326100243003647 323
"rho131" -0.0470542496750607 0.132582988065153 0.0751332431540516 2.65412897396379e-75 "notsigdifferent" 0.383908326231846 1023
"rho132" -0.203924541811651 0.000200586323916787 0.0551681361625927 3.46119817721446e-27 "notsigdifferent" 0.38607790513954 328
"rho133" -0.269716272630755 2.67237950740566e-07 0.804239358836119 4.95220661820349e-29 "notsigdifferent" 0.00813989959438097 353
"rho134" -0.070636368360241 0.0124194527086093 0.000198935300685653 1.42410033695954e-308 "sigdifferent" 0.914919254059081 1252
"rho135" -0.100316662446863 7.53197892547476e-05 0.710989475722627 4.90327987971344e-190 "sigdifferent" 0.00828217223610654 1552
"rho136" -0.195648184754541 6.70293863336546e-06 0.00141859335722843 3.82771728001183e-84 "sigdifferent" 0.787143753674349 522
"rho137" -0.114876364504624 0.00621879416402978 0.441248079221255 2.98769099639412e-43 "notsigdifferent" 0.1017463947945 566
"rho138" -0.215833089541805 0.000456891107452951 0.521118850220292 5.58576638357467e-42 "sigdifferent" 0.0717986988851844 260
"rho139" -0.0125245191793329 0.861685852422416 0.772708396037342 6.85055803423062e-33 "notsigdifferent" 0.0149916534792472 196
"rho140" -0.245154063979697 2.57013871502299e-09 0.925292429078883 2.59054798841934e-81 "sigdifferent" 0.00159091864778506 575
"rho141" -0.0772567084705119 0.195826999070329 0.370791036168241 3.82334216816518e-57 "sigdifferent" 0.134885627888877 282
"rho142" -0.171800809058987 0.00859164397580143 0.0819812826500948 2.48157405426869e-48 "sigdifferent" 0.485367951261817 233
"rho143" -0.30131313033103 1.02487366094921e-05 0.535047988663401 4.10415373340996e-21 "notsigdifferent" 0.0672739936803558 207
"rho144" -0.199183524048826 0.000265604258294335 0.00726560059366895 2.43109258523935e-14 "notsigdifferent" 0.725492306952631 331
"rho145" -0.217182877561964 4.49276311052662e-06 0.269757751759212 4.56567624347314e-38 "notsigdifferent" 0.170237329275476 438
"rho146" -0.0155337620516922 0.827613481418523 0.826123261847591 2.61116619440746e-34 "notsigdifferent" 0.010602165938655 199
"rho147" -0.146546340728068 0.0174014004395434 0.00335020074798281 1.34617932170088e-15 "notsigdifferent" 0.78590370997222 263
"rho148" -0.0682207147698898 0.263959339525504 0.741925496371631 4.77511588966136e-58 "sigdifferent" 0.0194425452038768 270
"rho149" -0.208188818309467 0.000136061182421939 0.00876842039888171 1.70143691058052e-25 "notsigdifferent" 0.708548805619983 331
"rho150" -0.242476390771076 3.99105930679691e-05 0.228074176984355 4.12492558147678e-34 "notsigdifferent" 0.199524061477965 281
"rho151" -0.264518717293746 3.65950802693775e-06 0.00679792403121541 3.94151023109526e-26 "notsigdifferent" 0.797300610097424 298
"rho152" -0.230094215191339 0.000281256263218239 0.0053220742193603 5.18118675937751e-41 "sigdifferent" 0.693554173346849 245
"rho153" -0.125102817385242 0.00661520853825897 0.00972020945280699 2.8825200021897e-56 "notsigdifferent" 0.69884952525968 470
"rho154" -0.296320388114753 3.39767115691259e-08 0.00253851479761173 1.43001156605592e-60 "sigdifferent" 0.80427420893599 334
"rho155" -0.343608991057468 4.79138950280781e-10 0.00124682616164966 7.66758294402316e-38 "sigdifferent" 0.794642241578258 311
"rho156" -0.280345084626917 3.58258748480577e-07 0.00124744840763013 8.63503516676392e-05 "notsigdifferent" 0.844631995391826 319
"rho157" -0.128725365103 0.0281219248268828 0.635840185241862 1.04892019349112e-26 "notsigdifferent" 0.0483019215962743 291
"rho158" -0.065932534572976 0.308043389254646 0.266657800993871 6.61984958042087e-56 "sigdifferent" 0.238059301432934 241
"rho159" -0.055765930897942 0.287972801056964 0.0600285648821381 5.19769984285942e-119 "sigdifferent" 0.539688257544252 365
"rho160" -0.239210875234422 0.000201406200562916 0.0581990054180586 5.84629574404598e-23 "sigdifferent" 0.422183157665399 237
"rho161" -0.167000735267946 0.00455720063083617 0.311991393865864 3.83213377685621e-66 "sigdifferent" 0.201760085635351 287
"rho162" -0.178687947394556 0.00623935342336483 0.00291000877923143 2.92139292104324e-35 "notsigdifferent" 0.795429333043607 233
"rho163" -0.167434381420202 4.63532581003556e-05 0.604948292121988 5.21281549000654e-78 "sigdifferent" 0.0472853098179424 586
"rho164" -0.181698518775242 1.77738748334929e-05 0.00384849084287376 4.55097244943319e-59 "notsigdifferent" 0.837464653645204 551
"rho165" -0.113318327990103 0.0551697433540279 0.0559565064675974 5.80315988056245e-28 "notsigdifferent" 0.551249518347899 287
"rho166" -0.16009437660419 0.000460740700225216 0.0374890882234014 6.06100152672802e-53 "notsigdifferent" 0.612511845610285 475
"rho167" -0.220063818364517 1.67446815443174e-07 0.00113457282191789 1.33997173735771e-86 "sigdifferent" 0.899292261754873 554
"rho168" -0.224024130681407 0.0013503582581597 0.000542750204972698 2.14404628943447e-142 "sigdifferent" 0.924721792023851 202
"rho169" -0.199066252501532 4.25620944021624e-07 0.0162735821631011 1.68638022313799e-95 "sigdifferent" 0.645674351810254 635
"rho170" -0.275050675369069 5.98433053071138e-06 6.20933753068547e-05 5.11827627834441e-85 "sigdifferent" 0.942078081388786 263
"rho171" -0.175837884064174 0.000938360015987762 0.624362803038304 2.7442180490249e-69 "sigdifferent" 0.0424780341964151 351
"rho172" -0.0782917420578433 0.249696984437424 0.0250518750291021 5.7225981086194e-19 "notsigdifferent" 0.753115108105357 218
"rho173" -0.173460820495531 2.16291348558024e-05 0.00227102012591453 0.0254130024644042 "notsigdifferent" 0.867731998570046 593
"rho174" -0.224810594346964 7.1660633453728e-06 7.4004545711178e-05 5.97835733590594e-146 "sigdifferent" 0.938616781021614 391
"rho175" -0.297540425815898 8.17832550411913e-09 0.00343672102970549 1.30372659310563e-62 "sigdifferent" 0.78413448199563 361
"rho176" -0.185981722316631 0.00820770049521491 0.00525794714023283 2.38585312038858e-92 "sigdifferent" 0.88396728061909 201
"rho177" -0.135580251407174 0.0291474835893262 0.34620543978252 3.53460377953449e-32 "notsigdifferent" 0.177706349501609 259
"rho178" -0.146802599299276 0.00593189095630338 0.0492709835573947 9.4132601866805e-55 "sigdifferent" 0.571562255250978 350
"rho179" -0.206385677233414 0.000521878718066119 0.768477809885527 9.43647151927013e-41 "sigdifferent" 0.0189555059536937 279
"rho180" -0.170891433981655 0.00270656195770268 0.428669689593746 6.26671301497452e-59 "sigdifferent" 0.129076363770764 306
"rho181" -0.295004547122512 4.99258403192003e-07 0.658136315533817 6.03484315259401e-68 "sigdifferent" 0.0423117923044894 280
"rho182" -0.259374067785523 0.000224289990450751 0.00501784394175074 1.39874995075503e-40 "sigdifferent" 0.819796272781043 198
"rho183" -0.2188234064815 0.00079141935405803 0.0155612485454927 5.9947051804511e-19 "notsigdifferent" 0.721481033223082 232
"rho184" -0.137413047412182 0.0505796843703265 0.0253658620391606 1.12255602962782e-37 "notsigdifferent" 0.751648591995507 203
"rho185" -0.0576936963191352 0.38589267349739 0.391442354562568 1.7247149878857e-38 "sigdifferent" 0.124417940206906 228
"rho186" -0.0937828709983425 0.00615415829021991 0.812064892211567 1.93131886318708e-297 "sigdifferent" 0.0124083397531533 852
"rho187" -0.0936407106598244 0.0249905202328755 0.00950446786888543 5.55065001811475e-150 "sigdifferent" 0.441809830149409 573
"rho188" -0.115916854660973 0.00314965708186768 0.000189183803780645 3.43219130747817e-06 "notsigdifferent" 0.700457238451434 647
"rho189" -0.144768561553545 0.01515081511645 0.12960841112962 3.62444671249883e-60 "sigdifferent" 0.39658408569952 281
"rho190" -0.205670810656089 6.88503552844917e-11 0.477055301226571 1.64663391110609e-102 "notsigdifferent" 0.0874304839585956 987
"rho191" -0.335319248875035 2.50716389866966e-20 0.000363624796002042 9.49146933392787e-79 "sigdifferent" 0.667100615873423 718
"rho192" -0.0765326181227261 0.0466919903324589 7.53925932349045e-05 1.37506185599844e-120 "sigdifferent" 0.685236629877239 676
"rho193" -0.193083947393586 6.33599163780637e-06 0.00139143934474418 0.140734276841518 "notsigdifferent" 0.839000875418264 539
"rho194" -0.198214663689531 0.000616998258991763 0.0100796710626215 3.0441450277398e-28 "notsigdifferent" 0.695360223735872 295
"rho195" -0.0769279664176311 0.134941392524952 0.679394082643902 2.20545389788977e-47 "notsigdifferent" 0.0370152031503639 379
"rho196" -0.0753461757349718 0.0204010093046263 0.000495719325816365 1.17731150487321e-142 "sigdifferent" 0.927372915267536 947
"rho197" -0.283094887053249 4.61906915932532e-16 0.0633347511656348 4.80980532105136e-69 "sigdifferent" 0.240697921046849 792
"rho198" -0.293661429718139 6.20947485955876e-07 0.00481045093376897 1.61471395394997e-15 "notsigdifferent" 0.759448310522877 278
"rho199" -0.221156459417212 1.66940433301309e-06 0.770601159618372 4.37903669817863e-44 "notsigdifferent" 0.0186028220129834 460
"rho200" -0.0312337567409537 0.605389863632265 0.164560584061202 9.2119773169903e-45 "sigdifferent" 0.346297664022022 276
"rho201" -0.170760170448411 0.00359401470845256 0.0561603474090231 9.21287864012705e-64 "sigdifferent" 0.550657148872125 289
"rho202" -0.163230258163583 0.00351210828525689 0.287026544843943 9.97487494047058e-30 "notsigdifferent" 0.159441414706278 318
"rho203" -0.310264310050171 8.06027564952358e-07 0.00446972317248935 1.731247212719e-23 "notsigdifferent" 0.827716664240052 243
"rho204" -0.291557238909283 1.89224069232904e-07 0.0164013216145267 9.05070756296548e-62 "sigdifferent" 0.584656745972212 308
"rho205" -0.231170764328623 0.000989545697591614 0.0134812236668894 3.58162532136535e-16 "notsigdifferent" 0.6660310937138 200
"rho206" -0.218465202475628 0.000637339925958426 0.5268463427131 1.35385471481777e-30 "sigdifferent" 0.0595601255588663 241
"rho207" -0.33341708257091 2.11131198663992e-07 0.00544863769396892 4.03390202107218e-65 "sigdifferent" 0.813943435706682 231
"rho208" -0.166424017040509 0.00549117312299446 0.0349425244130888 1.79124048734391e-31 "sigdifferent" 0.493087983171633 277
"rho209" -0.195000129432908 6.90632770767513e-05 0.00154920458177979 1.23712956745198e-24 "notsigdifferent" 0.833270843348618 411
"rho210" -0.0398099880132186 0.354055257202459 0.224732123490021 3.45384152692408e-34 "notsigdifferent" 0.202099077174124 544
"rho211" -0.235944798179592 1.49073698813841e-10 0.00177630354321398 3.48065447376033e-109 "sigdifferent" 0.825685104927819 719
"rho212" -0.241771849757969 6.4354850164542e-17 9.29261815309295e-06 4.58455750345326e-127 "sigdifferent" 0.7904877329666 1162
"rho213" -0.318711226487568 4.31681368794151e-07 0.000641496234626963 1.88395588929736e-23 "sigdifferent" 0.829374751785795 241
"rho214" -0.176065433959525 0.000939724109024386 0.00365619689855529 3.83209549670748e-55 "sigdifferent" 0.779780311283344 350
"rho215" -0.179180587164672 0.00348682774089723 0.0409862532749125 2.63257128176243e-63 "sigdifferent" 0.688570265802286 264
"rho216" -0.163266304005252 0.00539933486566744 0.969577722824023 2.8523107220152e-39 "sigdifferent" 0.000263350040941883 289
"rho217" -0.20756866728635 7.42038814245885e-05 0.170127800538398 3.62423544994822e-23 "notsigdifferent" 0.250345807389754 359
"rho218" -0.150351079489394 0.00273775071073441 0.916670499680894 3.05539259153021e-56 "sigdifferent" 0.0016778446554747 395
"rho219" -0.209060881653238 3.19246624295764e-06 0.00339700294273382 0.279355665731945 "notsigdifferent" 0.729035604376854 488
"rho220" -0.250795328009873 3.86845540678761e-17 0.0286450027844406 3.80562961768063e-73 "sigdifferent" 0.2981954728818 1093
"rho221" -0.261942036383536 7.15355608294293e-06 0.1052892984044 1.86576284565158e-46 "sigdifferent" 0.377132085737464 286
"rho222" -0.187996063806475 0.00091475119706398 0.00273296098995403 5.84571793501192e-68 "notsigdifferent" 0.915860911742254 308
"rho223" -0.18287119634295 0.00447971276941645 0.0587279772868163 7.64042038551585e-18 "notsigdifferent" 0.474782502951273 240
"rho224" -0.211524756030662 1.68491329260198e-05 0.034726881104858 5.48312745604014e-88 "sigdifferent" 0.623342590611079 407
"rho225" -0.301573912668097 1.376008856483e-06 0.181384910654684 1.10427924271944e-08 "notsigdifferent" 0.239313294884774 247
"rho226" -0.300538320257 6.91168693759966e-09 0.00768309762231365 3.67908041942935e-43 "notsigdifferent" 0.787488249300974 357
"rho227" -0.259991420296731 6.51053987423774e-06 0.00167520305511131 6.42368609296411e-20 "notsigdifferent" 0.777093312875117 293
"rho228" -0.223555286428261 0.000196066424848305 0.209282055502719 6.36080263576294e-23 "notsigdifferent" 0.247876466899596 273
"rho229" -0.126684857085652 0.00706487029409459 0.0106667869695779 4.01050340463552e-47 "sigdifferent" 0.689844832285192 451
"rho230" -0.187761526662834 0.00311391740332623 0.000428511716927121 1.79130918378484e-12 "notsigdifferent" 0.931442151843228 246
"rho231" -0.100361183607072 0.0116551535863024 0.000409695197497704 2.72572660550787e-24 "notsigdifferent" 0.932650282099395 631
"rho232" -0.0857920025940179 0.0122917918396076 0.0104562726280275 3.11720807828407e-103 "notsigdifferent" 0.760733584775106 851
"rho233" -0.251853973576513 1.32680986209682e-05 0.318199738143117 1.90445537510906e-49 "sigdifferent" 0.197199331016431 292
"rho234" -0.129116530550289 0.00581335079790299 0.0813206317942158 3.27277379655125e-114 "sigdifferent" 0.486840959557402 455
"rho235" -0.155684975100074 0.000289171560973726 0.0265469896278701 3.8989924143506e-67 "notsigdifferent" 0.74622025591379 538
"rho236" -0.142300529214399 0.00150275978884606 0.0141531446758023 8.2705424183734e-11 "notsigdifferent" 0.812204946306482 495
"rho237" -0.357976445431016 6.87536514596777e-10 0.0178753495624758 1.2518364337352e-35 "notsigdifferent" 0.635102994879816 280
"rho238" -0.217164659840243 1.146003177065e-05 0.00148194334455762 0.672440026338103 "notsigdifferent" 0.835662607255816 401
"rho239" -0.186613421046316 3.41548336460757e-07 0.0209307888030385 1.88424508272282e-39 "notsigdifferent" 0.616686236153516 736
"rho240" -0.204489945437088 0.00138138435442653 0.00254615363289327 5.09597436071176e-24 "notsigdifferent" 0.804083657008572 242
"rho241" -0.273121981719849 5.52609530345731e-09 0.00132991773434167 0.410027883388464 "notsigdifferent" 0.841355714145038 441
"rho242" -0.206743828647293 2.44004216385991e-06 0.00576099963125272 0.0251159281765158 "notsigdifferent" 0.809878638461277 511
"rho243" -0.263139993468575 1.56207973171219e-06 0.00142725763166245 0.00027949931277264 "notsigdifferent" 0.837662467242511 324
"rho244" -0.235022992031764 4.4609422557606e-07 0.000580180836573648 7.19955989674357e-173 "sigdifferent" 0.922710307387605 451
"rho245" -0.199310324791238 9.33308093071704e-09 0.000982131995221097 1.11981521606552e-26 "notsigdifferent" 0.856296589929234 816
"rho246" -0.327047797810961 2.51055003175178e-08 0.295471214042763 5.88136776736398e-40 "sigdifferent" 0.179555145771654 277
"rho247" -0.256107644537454 1.05695736620729e-08 0.00502022087676449 2.11911495984415e-128 "sigdifferent" 0.756128247100419 485
"rho248" -0.18113675837377 0.00109545197643645 0.0179573592132882 3.95745647660702e-122 "sigdifferent" 0.634580281325514 322
"rho249" -0.226455938081069 0.000343125617283106 0.00753772371974012 6.15545846258695e-37 "sigdifferent" 0.663086986068486 246
"rho250" -0.221776598816274 1.97367868300964e-06 0.0142812500683488 6.55077412163977e-13 "notsigdifferent" 0.659914193410848 451
"rho251" -0.302465380502257 2.93421760264164e-08 0.000852924275949462 5.71114349278138e-105 "sigdifferent" 0.910005767514266 323
"rho252" -0.205236432280468 9.74193184493539e-08 0.00208359462736531 0.545821491231318 "notsigdifferent" 0.816413063930429 663
"rho253" -0.305432869486976 8.95507442923368e-07 0.00490191891165984 1.75292083247933e-09 "notsigdifferent" 0.700365272338495 249
"rho254" -0.2368052075816 8.02030713946390e-09 0.0748373404281278 2.12604444681283e-37 "notsigdifferent" 0.384513462978767 579
"rho255" -0.246861105179176 2.54761143357904e-07 0.101804352340115 1.09916501405056e-73 "sigdifferent" 0.444700864569249 425
"rho256" -0.197455296797618 0.00754407993872928 0.0120579707045326 0.000548384755401289 "notsigdifferent" 0.67758162103254 182
"rho257" -0.116443712312126 0.0717580004300746 0.29342900326222 3.48317050476536e-42 "sigdifferent" 0.180931364439213 240
"rho258" -0.194980971253181 0.000713635519939785 0.00772651933549311 5.49601246517074e-132 "sigdifferent" 0.859967340196088 298
"rho259" -0.162274579520869 0.0119972596274588 0.0362240951514114 3.16281609469942e-22 "notsigdifferent" 0.617403131201461 239
"rho260" -0.0655035629523438 0.309188146625037 0.0190880320577232 1.98568971498237e-44 "sigdifferent" 0.699037430752684 243
"rho261" -0.153149038360442 0.0053736190151598 0.0673176155805918 1.62143068574561e-35 "sigdifferent" 0.520290913808947 329
"rho262" -0.180650356260968 0.00145383671303488 0.339711660812208 8.17987040794609e-24 "notsigdifferent" 0.130382602652248 308
"rho263" -0.241043592095613 4.35617656455407e-07 0.131888561207218 1.4732294433617e-30 "notsigdifferent" 0.336242791631881 429
"rho264" -0.0727209737915672 0.225123042365649 0.35032829948686 8.09994672752236e-23 "notsigdifferent" 0.125139824394737 280
"rho265" -0.213343584665587 0.000174107873845144 0.032691087563274 9.56865594109295e-64 "sigdifferent" 0.631699762522977 305
"rho266" -0.149747082239926 0.0125920761811946 0.34059996160964 9.38193857819769e-38 "sigdifferent" 0.15147351245563 277
"rho267" -0.22416072515428 0.000598601159939631 0.3101110946036 5.67486674085e-60 "sigdifferent" 0.146042282909871 231
"rho268" -0.322655071119075 1.786679439788e-06 0.286296952049113 5.88487873042257e-25 "notsigdifferent" 0.221651289446531 210
"rho269" -0.142541807051918 0.0358723796831493 0.0280325368368329 4.20694688924836e-19 "notsigdifferent" 0.652219891673133 217
"rho270" -0.264784216309959 4.16080444618732e-06 0.0112416095020052 6.42141789805452e-11 "notsigdifferent" 0.75399696324276 294
"rho271" -0.256773853803273 5.11773730515954e-05 0.0638816106795496 1.73556972621825e-26 "notsigdifferent" 0.461488173420341 243
"rho272" -0.173421330691176 0.0124560622356629 0.00748682537925234 1.37088199527789e-12 "notsigdifferent" 0.722852914202042 207
"rho273" -0.244010656353215 0.00175320246787033 0.046252433281677 5.73567822115532e-59 "sigdifferent" 0.6705096980633 162
"rho274" -0.194047758684045 0.0011707929802255 0.0828413950972988 1.69440419721897e-61 "sigdifferent" 0.483462952325932 277
"rho275" -0.125321808614333 0.0020836069411999 0.068775178604245 1.45244872045827e-45 "notsigdifferent" 0.449604473861201 601
"rho276" 0.0830777720389464 0.0139084373472444 0.000140755724093387 7.92640200695804e-159 "sigdifferent" 0.888550761183018 876
"rho277" -0.236477006993999 1.25575090074203e-05 0.000735815343124549 8.0770277502047e-134 "sigdifferent" 0.869244482459762 334
"rho278" -0.191014853845962 4.28938422575582e-08 0.0909090600495842 1.69371803217452e-85 "sigdifferent" 0.219705546242332 810
"rho279" -0.162214841071434 0.00554293259045314 0.0101693154259458 8.01924642241929e-45 "sigdifferent" 0.694503720443237 291
"rho280" -0.138881446029173 0.0428875223807685 0.0332985318671332 5.59779591147643e-15 "notsigdifferent" 0.629170637298895 213
"rho281" -0.192241315797231 0.000753002910945648 0.134624621771718 3.83161082100827e-84 "sigdifferent" 0.388760199217625 304
"rho282" -0.0981681640706256 0.0333611751084344 0.244433480359315 2.76172063054996e-43 "notsigdifferent" 0.258050956906521 470
"rho283" -0.0961801478259988 0.0327547392849082 0.262650670032104 4.10763052158251e-21 "notsigdifferent" 0.202942577149908 493
"rho284" -0.38037548394631 9.70570035846012e-09 0.0112204254716305 4.67461775451326e-38 "sigdifferent" 0.754174678514629 213
"rho285" -0.112757775840396 0.00537754132853387 0.270138634672682 1.88545903672537e-80 "sigdifferent" 0.0926024351740422 608
"rho286" -0.140327379470253 5.24316843233404e-05 0.346964943784492 3.92424917086097e-68 "notsigdifferent" 0.0682485193165012 825
"rho287" -0.118554308746206 0.000874443574112751 5.52476722164486e-05 7.05471068281976e-44 "notsigdifferent" 0.698562580019249 785
"rho288" -0.194691649820007 0.000120771184283301 0.0108975713002555 1.27363503640819e-57 "sigdifferent" 0.756910000729945 385
"rho289" -0.297385824201575 3.57759055984968e-29 4.75899629083543e-07 0.00394245541054645 "notsigdifferent" 0.726517030240519 1360
"rho290" -0.247806459897156 2.97488873527531e-06 0.00136262226588396 4.19558933627939e-165 "sigdifferent" 0.89176452259565 347
"rho291" 0.0353436394102542 0.356384409822332 0.570196702697662 1.40415490834496e-81 "sigdifferent" 0.020570530894939 683
"rho292" -0.224078199109631 2.66153344611788e-09 0.081344896367203 5.17351044845637e-31 "notsigdifferent" 0.201256222539585 690
"rho293" -0.252447478615538 0.000234452456460673 0.00751697744747154 1.47957602234206e-43 "sigdifferent" 0.722497414058292 208
"rho294" -0.0919127949538836 0.00417031721823533 0.890204739413545 2.93550865412467e-151 "notsigdifferent" 0.00223556687228256 970
"rho295" -0.180615335949949 0.0011534982450052 0.187245255885398 3.23281284919254e-35 "notsigdifferent" 0.269627272592194 321
"rho296" -0.152649720896626 0.00163985115241403 0.00941227615474816 4.45820389490336e-36 "notsigdifferent" 0.77020707187265 423
"rho297" -0.177381215465297 0.00102058896459021 0.00328029264649378 4.75503009009975e-21 "notsigdifferent" 0.847280108263391 340
"rho298" -0.26318553938937 8.07285635597586e-05 0.0023280330239161 7.82271067760209e-35 "sigdifferent" 0.809687201942011 219
"rho299" -0.211884111494533 0.00234751949293915 0.005106854662339 2.10855360447207e-49 "sigdifferent" 0.885612067642172 204
"rho300" -0.223996546665362 2.25227271916772e-06 0.0750978082547614 9.6373682415032e-23 "notsigdifferent" 0.435179889576513 437
"rho301" -0.0671389330754003 0.0137872455186103 0.000149486557993344 5.03196480706016e-159 "sigdifferent" 0.711674434755147 1345
"rho302" -0.128586835568152 7.88444326667455e-06 0.173943898198928 5.31847178120707e-114 "notsigdifferent" 0.28389404821734 1200
"rho303" -0.263432930200616 1.12659813050167e-06 0.00331203108872607 2.58084616283614e-23 "notsigdifferent" 0.730916739141608 332
"rho304" -0.182669606876714 6.38793655229597e-07 0.00162442017408067 1.01111366475274e-80 "notsigdifferent" 0.778987961733289 733
"rho305" -0.339383176128202 2.16394460064207e-23 0.00540273592959035 2.25467588844969e-79 "notsigdifferent" 0.750313979512331 814
"rho306" -0.107051441364525 0.00145300000411127 0.00744724413889671 2.61950264909924e-93 "notsigdifferent" 0.723321109019133 882
"rho307" -0.202848209377868 5.42620317065756e-19 0.0660003581394686 7.15608829167095e-78 "notsigdifferent" 0.254208289254001 1889
"rho308" -0.265915638026512 2.82701675125452e-07 0.0376374441446576 9.13749539695833e-52 "sigdifferent" 0.611945502992351 362
"rho309" -0.0887305936432362 0.000393281072484042 0.683115589077294 4.16622114653006e-168 "notsigdifferent" 0.0252342430256772 1592
"rho310" -0.200456889751079 0.00345290368234595 0.0169804180291478 1.94868439574604e-36 "sigdifferent" 0.640921746789609 211
"rho311" -0.174440196120246 0.000548336495205409 0.0434164419035691 3.90258067638974e-09 "notsigdifferent" 0.520343884555367 389
"rho312" -0.277124570328254 1.09662238178897e-20 1.69791663816586e-07 0.222450362952746 "notsigdifferent" 0.866351918512953 1091
"rho313" -0.29638892763944 4.60227862316258e-07 0.00103726507449849 6.44813872139734e-11 "notsigdifferent" 0.853710190457227 279
"rho314" -0.276835655816644 4.92761069548954e-32 3.6702575024782e-08 2.29566204155679e-11 "notsigdifferent" 0.874779106914367 1743
"rho315" -0.231330167131572 1.26857947005609e-05 0.000174717998996784 7.1529985446982e-33 "notsigdifferent" 0.881553101318819 349
"rho316" -0.310978789904243 3.98212414841992e-09 0.264630642473517 9.81491227389107e-21 "notsigdifferent" 0.201450533371951 343
"rho317" -0.124572267895334 0.00089457107435232 0.979930724202896 2.74129349627059e-81 "notsigdifferent" 4.68418481610619e-05 708
"rho318" -0.173429946423313 2.85308968604439e-13 0.0097996970623469 9.83061950181943e-104 "notsigdifferent" 0.389246450388559 1748
"rho319" -0.305042957575554 8.17549193096369e-08 9.69042713077135e-05 6.07599446250555e-85 "sigdifferent" 0.961999359572532 297
"rho320" -0.171170174717289 1.89906817759756e-13 0.320031857162078 2.14043934340951e-242 "notsigdifferent" 0.0617610371852375 1822
"rho321" -0.310195841612644 4.80152806701776e-08 0.000423972131309066 0.000740934667539723 "notsigdifferent" 0.890867748102586 297
"rho322" -0.257576866256836 4.50057883193873e-05 0.0240633264157079 9.93922294925098e-51 "sigdifferent" 0.671566129286297 245
"rho323" -0.300142411888327 7.49949372407865e-06 0.00587707819963076 5.5341837233533e-80 "sigdifferent" 0.808403356359809 215
"rho324" -0.0896289363392319 0.151129286756636 0.613465668755728 2.44862975006847e-53 "sigdifferent" 0.0451385932063148 258
"rho325" -0.0110465759377919 0.666746787573849 0.000700833016179159 0 "sigdifferent" 0.825104232060922 1522
"rho326" -0.27485085402851 6.40898168329786e-11 0.0232316440351239 1.48012083598402e-52 "notsigdifferent" 0.604057873412872 546
"rho327" -0.184900795338805 5.12353304819638e-05 0.0346544111476578 2.41358159504679e-112 "sigdifferent" 0.623634391063245 474
"rho328" -0.261900438037476 2.45357917234241e-05 3.85194916385082e-05 5.85954512747079e-111 "sigdifferent" 0.950545887244826 253
"rho329" -0.214143376720553 8.67422737944519e-09 9.50435039857034e-06 6.97972070502864e-56 "sigdifferent" 0.789772631306111 708
"rho330" -0.24367199427124 4.87329022604694e-05 0.000714463908414851 0.537483847312491 "notsigdifferent" 0.870498881916595 272
"rho331" -0.269539746031866 2.00487639785061e-06 0.0273126754188153 1.94880295118557e-38 "sigdifferent" 0.524661872279015 302
"rho332" -0.204805238047562 0.00639804520508427 0.93863390741391 5.21869297629329e-23 "notsigdifferent" 0.00130836078789518 176
"rho333" -0.0125173561548875 0.621741123719511 0.817337993404298 1.49110434013795e-207 "sigdifferent" 0.00961307210944073 1556
"rho334" -0.176092481502516 4.0385512077445e-06 0.186469515043343 1.04810451104211e-56 "sigdifferent" 0.121150287126538 677
"rho335" -0.202504368832833 8.56124368069924e-05 0.691759096623036 6.13202570126465e-55 "notsigdifferent" 0.0280568623440516 371
"rho336" -0.269105719094809 0.00010345076970491 0.327566019315471 3.55732468022265e-24 "notsigdifferent" 0.159151784833336 203
"rho337" -0.0388093681010663 0.145814496948971 0.00155225834429075 0 "sigdifferent" 0.833163952225973 1406
"rho338" -0.255942455040714 1.82490296239332e-15 0.0383817382722604 4.29992731170726e-81 "sigdifferent" 0.2899219198655 936
"rho339" -0.342875478529372 1.11531223049039e-23 2.47536249069712e-07 0.0223937535499799 "notsigdifferent" 0.818951179862934 807
"rho340" -0.206204806264033 1.05956462323664e-05 0.000105703780375244 3.1062196353279e-34 "notsigdifferent" 0.93094106020927 449
"rho341" -0.207004838476005 0.000248473680568537 0.00489796637288411 6.77963038031996e-16 "notsigdifferent" 0.821480493235613 309
"rho342" -0.201118089953988 0.000972179550806017 0.00803144953842185 3.5877497108743e-56 "notsigdifferent" 0.857302324151792 266
"rho343" -0.120179725169956 0.0986113809469319 0.871284343083748 5.35352629619479e-25 "notsigdifferent" 0.00474249440653784 190
"rho344" -0.228179509439164 1.18782401567649e-18 1.10549678951248e-07 2.51939035740544e-21 "notsigdifferent" 0.893196308744356 1456
"rho345" -0.093728076510673 0.0189032062807732 3.31603546877921e-05 8.2894167772761e-37 "sigdifferent" 0.693779043894058 627
"rho346" -0.127046776572594 0.00503228105721108 0.872966149569682 4.29500479887726e-67 "notsigdifferent" 0.00391391449303345 486
"rho347" -0.310119199151285 1.37517471602822e-07 0.00247598241269258 1.69705255299935e-12 "notsigdifferent" 0.751647206628019 277
"rho348" -0.0853210195620581 0.177835277975036 0.313219260505746 2.23273167078919e-52 "sigdifferent" 0.200850824557171 251
"rho349" -0.121299241697136 0.047696352604986 0.0423200897698827 1.90050723011714e-98 "sigdifferent" 0.59479348505736 267
"rho350" -0.103718994994623 0.0977519197054046 0.0819874349314168 6.22957553503554e-18 "notsigdifferent" 0.57166111952858 256
"rho351" -0.113271499552041 0.0588116712513957 0.0345279709912783 1.4415423803951e-31 "sigdifferent" 0.494657396144912 279
"rho352" -0.0878207864579166 0.13570988819379 0.539007764258311 1.61041188002852e-27 "notsigdifferent" 0.0562259250810578 290
"rho353" -0.144384100452646 0.0102928014926393 0.0186432684578208 2.16696246053381e-20 "notsigdifferent" 0.630273971879329 315
"rho354" -0.12628380195053 0.00932222881973365 0.36856573772283 7.60409440307434e-37 "notsigdifferent" 0.13605452724769 423
"rho355" -0.073721973097429 0.196942657266208 0.243381217171438 2.68514135559232e-47 "notsigdifferent" 0.259038248295845 308
"rho356" -0.201577618107156 4.29098666405439e-05 0.825115770177793 8.32374884103332e-74 "notsigdifferent" 0.00880232288772834 406
"rho357" -0.269463141676803 0.000177169817745942 0.00513659154792417 0.00017533783594986 "notsigdifferent" 0.69650988170926 189
"rho358" -0.223997498829411 1.69347894801752e-05 0.000962765640816812 1.53122659874342e-36 "notsigdifferent" 0.808901967637838 362
"rho359" -0.0462319325039442 0.480610931046721 0.183979755503283 7.94136365572089e-24 "notsigdifferent" 0.273044486922673 235
"rho360" -0.113947009588387 0.00871259815202107 0.792232218974524 1.65692424466578e-74 "notsigdifferent" 0.0124849361961317 529
"rho361" -0.0702371588799791 0.189879458391487 0.531869581216342 1.02498781303238e-91 "sigdifferent" 0.050651973874727 350
"rho362" -0.132958289200789 0.0338231993220731 0.0116809841860593 5.13155980562731e-52 "sigdifferent" 0.75035814614384 255
"rho363" -0.153053673000099 0.00519419679066197 0.0321424160217003 8.60363929901545e-28 "notsigdifferent" 0.634011236296908 332
"rho364" -0.0865423545136208 0.0916312480810335 0.00409651001441834 1.02276845402154e-20 "notsigdifferent" 0.771561777894082 381
"rho365" -0.167568371556761 6.08015963842656e-05 0.0167197688053945 4.27756068388302e-62 "notsigdifferent" 0.64265756341869 567
"rho366" -0.293497912999127 3.56750453570272e-06 2.38741877496954e-05 7.35409711747587e-13 "notsigdifferent" 0.932513337829344 241
"rho367" -0.134910667290895 2.35056902808358e-05 6.78698913964783e-05 4.4308570103946e-142 "notsigdifferent" 0.940348476401536 976
"rho368" -0.246785658852089 2.27971509281585e-05 0.000855108651339855 1.09336977261856e-13 "notsigdifferent" 0.815116297765748 288
"rho369" -0.214229132810843 0.00477341599398245 0.0376090608391719 1.39459763522806e-14 "notsigdifferent" 0.612053738924287 172
"rho370" -0.223747700978085 2.43994074531273e-06 0.00201448342656138 2.00584613051724e-86 "sigdifferent" 0.818412240209357 435
"rho371" -0.30240068002513 1.13854853486039e-16 0.00308787921820432 3.23028702814979e-64 "sigdifferent" 0.476271285978515 719
"rho372" -0.201794353375781 0.000682365588630314 0.0371288992689022 5.11905069191905e-48 "sigdifferent" 0.613893144081183 280
"rho373" -0.172116515368904 0.01431098021342 0.676436219522592 2.04850651329594e-33 "notsigdifferent" 0.0263584910442203 202
"rho374" -0.105936640333082 0.00331004030143342 0.00450801750068536 9.40342780089082e-143 "sigdifferent" 0.827144217823906 767
"rho375" -0.272352789644187 2.21322249926627e-05 0.000908760489983917 5.00398124757628e-81 "sigdifferent" 0.859896663932373 236
"rho376" -0.113505828022436 0.000796603668283335 0.00213523628349039 9.53881358612822e-08 "notsigdifferent" 0.870888780605807 870
"rho377" -0.212680829045418 0.000222368678312037 0.0173178336579718 2.33116690884804e-09 "notsigdifferent" 0.63870273311052 297
"rho378" -0.137877464237294 0.00310873118208435 0.0967546527671644 7.40850094915245e-19 "notsigdifferent" 0.392035872906086 458
"rho379" -0.0767789228904736 0.125266851003937 0.00608204582786244 3.22189186651728e-58 "notsigdifferent" 0.805842345631042 400
"rho380" -0.173769986071476 0.000279988422578656 0.000861967080334197 5.84892414244608e-25 "notsigdifferent" 0.862297171102967 433
"rho381" -0.132511874730233 0.000727521368534331 0.00776675281878793 9.96353563130559e-153 "sigdifferent" 0.786598564056215 647
"rho382" -0.35231116953364 9.53190343742114e-09 0.000722386599567659 6.8467736729114e-50 "sigdifferent" 0.870030489164069 251
"rho383" -0.350470289795424 1.84588218467264e-08 0.000762427901614236 2.02010821486965e-33 "sigdifferent" 0.867715140187202 244
"rho384" -0.268471291897507 3.6654714099011e-06 0.00209889762415465 7.89276703518511e-101 "sigdifferent" 0.926129702564668 289
"rho385" -0.235111979411686 1.341289628513e-08 0.00465319734953755 1.93960910491065e-48 "notsigdifferent" 0.762003638845223 570
"rho386" -0.200012247333868 0.000139113142516723 0.0186265073887235 3.11537412682854e-67 "sigdifferent" 0.630377838254787 358
"rho387" -0.167826056630905 0.00890128535383066 2.84825231187518e-07 1.87768097505863e-175 "sigdifferent" 0.996291063595052 242
"rho388" -0.137191696912005 0.0153067421964617 0.00848838706691975 6.65574187918518e-142 "sigdifferent" 0.853406839693606 312
"rho389" -0.142018441131503 0.00289337375105062 0.0240842547801563 9.06535337806022e-16 "notsigdifferent" 0.59960768718369 438
"rho390" -0.242942862936783 0.000284329674659554 0.00294835360179778 2.38848439779988e-80 "sigdifferent" 0.739395720377644 219
"rho391" -0.290424794630071 1.17264262307238e-07 0.0327410988726007 1.84627599714812e-23 "notsigdifferent" 0.559858360154741 321
"rho392" -0.17493553329565 0.00270297304398024 0.964869580815715 5.60452880949735e-56 "sigdifferent" 0.000428405477974064 292
"rho393" -0.083218381204223 0.174358063586262 0.136463988679061 1.48551686385509e-50 "sigdifferent" 0.385947733951307 268
"rho394" -0.193924446420374 0.00117947007965604 0.1745980028086 8.94728835316652e-48 "sigdifferent" 0.333445581830814 277
"rho395" -0.163140845685457 0.00403490453295391 0.401809580035766 2.7347574552626e-47 "notsigdifferent" 0.143627849637731 309
"rho396" -0.271586184990514 3.55227190539236e-06 0.00260483183515092 7.04021691283037e-75 "sigdifferent" 0.80263286138131 283
"rho397" -0.222228902611361 0.000197781364359258 0.294322749648179 1.38898376514112e-77 "sigdifferent" 0.215255453269978 276
"rho398" -0.110896420392744 0.0807238043115215 0.00801089464404012 8.81385145005337e-15 "notsigdifferent" 0.784036161202757 249
"rho399" -0.16676255768848 0.00108583379518619 0.56221823044424 1.16310796689748e-35 "notsigdifferent" 0.0714616669170487 381
"rho400" -0.071611906406464 0.0152755807583912 0.00317500590327495 1.89261667647577e-179 "sigdifferent" 0.849212538994499 1147
"rho401" -0.322385523715147 1.45243371111691e-11 0.000218889982204935 7.11502755425849e-64 "sigdifferent" 0.912196846886028 418
"rho402" -0.206967946041788 4.44321095368468e-11 3.08560023329466e-06 5.45000320564106e-72 "sigdifferent" 0.822713264335458 994
"rho403" -0.213448478503956 2.72127323935079e-05 0.0146651064113942 6.42784696431056e-12 "notsigdifferent" 0.657065402805633 380
"rho404" -0.0649077706758242 0.23259860268447 0.148993633046455 2.38175872330734e-34 "notsigdifferent" 0.313440215910796 340
"rho405" -0.0106268230026305 0.720619673714949 8.72865837217226e-05 2.44179082518933e-146 "sigdifferent" 0.735799837545634 1135
"rho406" -0.373517884472534 3.9296748249651e-12 0.93316032422853 5.40462329629297e-43 "notsigdifferent" 0.00155254903895718 323
"rho407" -0.0473131554482815 0.194969235504612 0.0456389003226801 2.85910672950878e-298 "sigdifferent" 0.583401000396164 752
"rho408" -0.139053976801541 0.0238443875366109 0.94909423704205 2.30794627040893e-45 "sigdifferent" 0.000899968020768906 264
"rho409" -0.237267432454828 2.76256304847843e-10 0.0428376471143507 2.71045431914085e-95 "notsigdifferent" 0.592977894821613 690
"rho410" -0.379605070311779 6.37823825284954e-14 0.00105766306826264 6.20102083200089e-25 "notsigdifferent" 0.85277702871253 364
"rho411" -0.259753361932051 2.50195787961023e-18 0.0233184765549264 3.46430329765863e-119 "sigdifferent" 0.231713210524203 1094
"rho412" -0.296351128167534 6.71350989362627e-10 3.72207016529476e-05 1.21393364516039e-63 "sigdifferent" 0.923465908656097 417
"rho413" -0.187878840647915 0.00355330546579009 0.669097863784233 2.19750317671501e-31 "sigdifferent" 0.0325275496001296 239
"rho414" -0.250257941856054 1.8829592370658e-10 0.00405263186716132 4.98130048036896e-113 "sigdifferent" 0.772352529566683 630
"rho415" -0.217487020801791 1.11462009000128e-06 0.00792349049960419 0.588482429430771 "notsigdifferent" 0.78494777698386 492
"rho416" -0.220895256906576 2.0035762089599e-08 0.00590163365975225 9.09074087045306e-13 "notsigdifferent" 0.743145716812348 632
"rho417" -0.213344138947983 6.66351154186729e-06 0.000155391858927993 2.44670963778924e-210 "sigdifferent" 0.95415193218228 438
"rho418" -0.221019017757488 0.000168928230192348 0.0469282124213547 4.37934071319885e-133 "sigdifferent" 0.66827985443155 285
"rho419" -0.104857826238825 0.0934580949236991 0.00113569538898073 2.15246006070938e-57 "sigdifferent" 0.899253031783459 257
"rho420" -0.160275204782033 0.000167010751833319 0.00907076114442859 0.229036964367884 "notsigdifferent" 0.773450131720463 547
"rho421" -0.235478791687138 0.000334919026920838 0.000994799972742048 5.37976335413133e-59 "sigdifferent" 0.855693729560376 228
"rho422" -0.281725642083114 1.05293207059907e-10 0.022845855593742 0.000559445315516683 "notsigdifferent" 0.606110333896031 507
"rho423" -0.331144401948733 1.09742942235987e-10 0.00116777078387034 2.63777078126659e-93 "sigdifferent" 0.847940862599029 361
"rho424" -0.281436842427572 6.47825789658264e-06 0.0224338430772693 3.77801344041701e-38 "notsigdifferent" 0.608330124141903 249
"rho425" -0.287274886684159 3.17307340011472e-07 0.00665268975472273 3.54535315256859e-24 "notsigdifferent" 0.798986094141706 306
"rho426" -0.202534917818908 0.000271586987187392 0.0495752464149981 1.83251298626799e-24 "notsigdifferent" 0.500755723035566 319
"rho427" -0.153346506878297 0.0066508965945642 0.00367977744438682 3.6462233770498e-16 "notsigdifferent" 0.840279248855879 312
"rho428" -0.163728123717396 0.000814102993861212 0.0010276925912911 1.83483115661236e-48 "sigdifferent" 0.854152422414023 415
"rho429" -0.153315686946872 3.56735702332391e-07 0.0309741724975767 6.26644582407709e-111 "sigdifferent" 0.291192085568388 1092
"rho430" -0.291737874274872 5.42279286670878e-06 0.00505292843309053 4.93113241597344e-35 "notsigdifferent" 0.755619300321428 235
"rho431" -0.251460891985788 7.64381638216813e-05 0.0517541509030387 1.98223212514144e-41 "notsigdifferent" 0.563808228573973 242
"rho432" -0.073075657349788 0.219558256067175 0.0220102940631494 0.00148772715609369 "notsigdifferent" 0.767880706104383 284
"rho433" -0.10333443118219 0.0112514895086204 0.11376345958723 2.27076691826839e-57 "sigdifferent" 0.195163916259188 601
"rho434" -0.224687342975173 1.23710615206957e-09 2.0565299920317e-06 1.58035749308561e-222 "sigdifferent" 0.857035372348618 715
"rho435" -0.151391261582391 0.0275259929583044 0.00392668912708259 9.49158684716267e-69 "sigdifferent" 0.836186109616325 212
"rho436" -0.109500844384403 0.0525678466826028 0.138202424000484 2.82132871004286e-76 "sigdifferent" 0.32755097234843 314
"rho437" -0.0833065981462415 0.162965125786357 0.00203783747513715 3.23950806934644e-115 "sigdifferent" 0.873230257637596 282
"rho438" -0.195292025419708 2.19371939092904e-06 0.0802914837093693 4.68949642301964e-181 "sigdifferent" 0.489152797876817 579
"rho439" -0.128882108847834 0.0118049511620895 0.156424948656458 1.31881586816118e-83 "sigdifferent" 0.304219780003816 381
"rho440" -0.120726244673317 0.0158318047707507 0.0389616936845298 2.39345060846846e-15 "notsigdifferent" 0.606955508032123 399
"rho441" -0.134578012079598 0.000905207286708066 0.241352369615179 9.8404458080369e-28 "notsigdifferent" 0.219727167055971 605
"rho442" -0.179517604965042 0.000809455752135642 0.0659518782630768 2.38010061056983e-100 "sigdifferent" 0.456378190864087 345
"rho443" -0.139539325204545 0.00924940129148984 0.0382004216950281 3.25699623268656e-65 "notsigdifferent" 0.609809907047374 347
"rho444" -0.106296317145525 0.0976060849487883 0.00719537361164407 2.30484027512696e-100 "sigdifferent" 0.726341901816431 244
"rho445" -0.186299234006195 0.00219533765166451 0.0335753717853017 6.38579557597404e-18 "notsigdifferent" 0.498320383964873 268
"rho446" -0.0886447410522252 0.207379564517674 0.485461643073512 8.53652598718933e-59 "notsigdifferent" 0.128426818731627 204
"rho447" -0.162504320577467 0.0420082181360983 0.822169121568803 5.29339937719051e-47 "sigdifferent" 0.0110953401972791 157
"rho448" -0.0371760133210947 0.455607987489258 0.169259914844342 2.37820666598273e-41 "notsigdifferent" 0.289147540376806 405
"rho449" -0.109008422544727 0.0284673161839904 0.00452159591256435 1.12229740901483e-49 "notsigdifferent" 0.826941968398636 404
"rho450" 0.0113744872836162 0.730011518495852 0.0728712736892504 2.62758072494108e-81 "sigdifferent" 0.211772974468791 923
"rho451" -0.132543731694057 0.00204473675334553 0.0939073014529095 1.03398495736506e-47 "notsigdifferent" 0.397242204610616 539
"rho452" -0.0737599039313334 0.115340998458512 0.170870764482329 2.9353985328773e-47 "notsigdifferent" 0.338146119765529 457
"rho453" -0.0745412743715016 0.0298725467750688 0.803575823410266 1.23126578548847e-165 "sigdifferent" 0.00944416105446051 849
"rho454" -0.143397623971492 0.0107047121710801 0.419093481528457 2.36268166241222e-27 "notsigdifferent" 0.11140823089317 316
"rho455" -0.15450022025157 0.00724280889330106 0.0153781868308914 2.33112034930134e-47 "notsigdifferent" 0.804541373388013 301
"rho456" -0.158402716015639 2.77185546996954e-06 0.0191574478422233 7.11109694529204e-87 "sigdifferent" 0.314623888345189 867
"rho457" -0.317377727473023 1.80332017892202e-07 0.0015700884742337 7.37406005507017e-52 "sigdifferent" 0.885563126135631 259
"rho458" -0.0463876627402466 0.376216499942772 0.598658840464706 3.84550847387142e-92 "sigdifferent" 0.0415936659816561 366
"rho459" -0.152613812488342 0.00400035194747456 0.585471817639713 3.0872053339676e-35 "notsigdifferent" 0.0445935403779726 354
"rho460" -0.136900950301519 0.000313425106908733 0.0949694888070384 1.02746991013971e-80 "notsigdifferent" 0.347233990877173 689
"rho461" -0.14543982970007 0.0148608772858271 0.00304132177422413 9.8663553636049e-44 "notsigdifferent" 0.851724341579557 280
"rho462" -0.210062818902408 3.98539831440107e-07 0.000460438551628321 8.32397956100813e-175 "sigdifferent" 0.929464022087753 572
"rho463" -0.103640010421183 0.12111306487316 0.489089964844597 6.25706865670294e-28 "sigdifferent" 0.0707441577477892 225
"rho464" -0.136484570089581 3.68561164678607e-05 0.107736473576271 1.03357528435369e-127 "sigdifferent" 0.186705990394338 908
"rho465" -0.138560270805441 0.0166919144762411 0.0187660027095782 4.64461227620335e-52 "sigdifferent" 0.629515433398798 298
"rho466" -0.25240199962149 1.79176745616265e-05 0.0304546359775049 2.27782913929108e-21 "notsigdifferent" 0.569529424935009 282
"rho467" -0.2227988717503 1.39094544989168e-06 0.00266867247450009 6.78923222786389e-18 "notsigdifferent" 0.80107972060688 460
"rho468" -0.189799275160121 2.01370804826681e-06 0.00243079781738226 4.02997590982972e-10 "notsigdifferent" 0.864163229529022 618
"rho469" -0.229389410658692 9.58931364607938e-18 0.0661157021650286 1.53082131044079e-50 "notsigdifferent" 0.254022214044893 1364
"rho470" -0.225375709694385 2.25738551145113e-05 0.136139465759611 9.71334954612338e-16 "notsigdifferent" 0.33035366822843 347
"rho471" -0.113622810595222 1.50923479578488e-06 0.826539931517058 2.48931596729646e-219 "notsigdifferent" 0.00733921824363626 1783
"rho472" -0.17301078921908 0.00231144655337345 0.196897710765372 9.53625512454596e-16 "notsigdifferent" 0.198503917845039 308
"rho473" -0.138288654120905 0.0108026700947271 0.0355683906282884 1.48991731488301e-71 "notsigdifferent" 0.708599562969538 339
"rho474" -0.168835119868448 0.000123760231958872 0.0301595637233584 3.18849609624153e-116 "sigdifferent" 0.570815811459802 512
"rho475" -0.219392455106972 5.68430145414506e-05 0.134271022870193 5.71259441087479e-10 "notsigdifferent" 0.389304272407804 331
"rho476" -0.20218440377616 4.63606054871662e-08 0.000343425385309967 0.990023160362796 "notsigdifferent" 0.898167656280404 718
"rho477" -0.10368571404126 0.000107659310563844 0.845405610346224 4.46059827262847e-191 "sigdifferent" 0.00230044442504082 1390
"rho478" -0.294401435670964 2.37636484307399e-07 0.00082001287206697 8.2092081576289e-19 "notsigdifferent" 0.864525986848402 297
"rho479" -0.146676614231339 0.0012119174211291 0.0247144392864261 3.05395720691584e-66 "notsigdifferent" 0.596391145451006 484
"rho480" -0.234232803520177 0.000395087212419813 4.98886619013296e-05 4.89052071149991e-14 "notsigdifferent" 0.946124401139234 225
"rho481" -0.0340902305534251 0.563811057711753 0.0335086630111759 3.16584672105417e-19 "notsigdifferent" 0.556722933185029 289
"rho482" -0.272189267124988 6.69330646015051e-05 0.0280274570723095 4.99159633627138e-30 "notsigdifferent" 0.580394906679488 209
"rho483" -0.192641828397813 0.00169701799563953 0.0256049613829213 1.83605030798932e-88 "sigdifferent" 0.591945566783076 263
"rho484" -0.105541926095287 0.00336673406308578 0.720798721917173 1.25048761436673e-60 "notsigdifferent" 0.0278131181091229 770
"rho485" -0.257894466117114 9.64328055891943e-06 0.0478361446577932 2.36045647020206e-30 "notsigdifferent" 0.506093254625257 287
"rho486" -0.147885164252004 0.00463687459539004 0.871644577250868 3.08757751368928e-41 "notsigdifferent" 0.00399632210438324 365
"rho487" -0.288309643485551 2.61899143717738e-07 0.0773804793457116 1.20283023410536e-37 "notsigdifferent" 0.4958090617793 308
"rho488" -0.290260569140027 7.6501440159861e-06 0.00854232067543898 2.41164662160759e-50 "sigdifferent" 0.710960647945016 230
"rho489" -0.300962066547875 6.77184262207052e-11 0.340651252778127 1.1332317325812e-24 "notsigdifferent" 0.151443941012186 451
"rho490" -0.143456454247383 0.0194725112072685 0.0920417459654741 1.18866767462186e-56 "sigdifferent" 0.400721846626482 265
"rho491" -0.317617866702142 2.07955430240601e-07 0.236498836215442 1.71078675545738e-35 "notsigdifferent" 0.223752016655051 256
"rho492" -0.200862637105344 0.0014099752458542 0.0547441096904895 6.98841127460759e-28 "notsigdifferent" 0.485681846269557 250
"rho493" -0.199901672440003 6.88019260123716e-05 0.748944435809089 4.29033015505927e-38 "notsigdifferent" 0.0155867458086901 391
"rho494" -0.198394204815681 0.00555296844763693 0.560713356379264 4.99315231187483e-19 "notsigdifferent" 0.059424480949821 194
"rho495" -0.0940721268164618 0.137215317633262 0.896055162541301 4.86744622164518e-56 "sigdifferent" 0.00226818984695384 251
"rho496" -0.321159141827231 1.06643611188699e-07 0.00247737827808348 2.51989842419949e-34 "notsigdifferent" 0.863150242305904 262
"rho497" -0.33626751969338 7.90033359754677e-09 0.0253500300278195 1.00075219447999e-16 "notsigdifferent" 0.751722295938138 280
"rho498" -0.272095720173233 5.62191038617052e-07 0.000809163630158367 0.0939488285360629 "notsigdifferent" 0.911856794705063 328
"rho499" -0.242873619615774 7.12442778687816e-05 0.000945087977688384 1.10092984732052e-11 "notsigdifferent" 0.906289086440328 262
"rho500" -0.248954756465033 2.87941782659675e-07 0.213779491070742 5.01754339806239e-37 "sigdifferent" 0.210807608792511 414
"rho501" -0.273357549083334 1.96622059348868e-07 0.000857569833980963 5.57597704511876e-23 "notsigdifferent" 0.814968028246201 351
"rho502" -0.241535728613206 2.42443394309551e-05 0.08539419444272 8.34151992927653e-57 "sigdifferent" 0.413593608064724 299
"rho503" -0.144329031091865 0.0129314455691343 0.0394763815313321 8.30833400167028e-41 "notsigdifferent" 0.533990478815508 296
"rho504" -0.343329283849103 1.14387374105653e-09 0.0234342937829081 2.16187743719292e-64 "sigdifferent" 0.602989588504224 298
"rho505" -0.318016001443264 9.24512750451944e-10 0.367757490462545 9.51809596520228e-72 "sigdifferent" 0.116923155306395 354
"rho506" -0.144077238266786 0.0196413822107392 0.585759879253463 1.0441940258483e-72 "sigdifferent" 0.0634663405683833 262
"rho507" -0.292045883264165 3.03022187252221e-06 0.0730734320069266 4.1371798129276e-65 "sigdifferent" 0.34715127001751 247
"rho508" -0.215268685299878 6.7784705278993e-05 0.166903483502408 1.51068666210352e-35 "notsigdifferent" 0.291838673829344 337
"rho509" -0.219900480424032 2.32650686377721e-08 1.41771346971168e-05 1.73994799964373e-31 "notsigdifferent" 0.750717975706487 632
"rho510" -0.184491375403485 0.00143216078456418 0.00341593372976012 9.97753956876263e-167 "sigdifferent" 0.906097915760883 296
"rho511" -0.23231312245232 0.00031909893064613 0.756406711441119 2.92955371227283e-42 "notsigdifferent" 0.0172716978600512 236
"rho512" -0.237957410453656 3.31747992585864e-11 0.527393606594507 1.05120249004989e-111 "sigdifferent" 0.0697367373048225 757
"rho513" -0.263821142373637 2.94439316985806e-16 0.0254209431040731 3.21042174376218e-83 "sigdifferent" 0.328843983629185 929
"rho514" -0.341695872669367 1.16066649583098e-10 0.316120351111039 3.59680432953647e-34 "notsigdifferent" 0.125058661500884 337
"rho515" -0.232399185028289 4.13121021167554e-14 0.0349023331150459 2.22786887134492e-70 "notsigdifferent" 0.280405934157186 1031
"rho516" -0.157016582898745 8.13051343258079e-07 0.55427433294817 3.62650685165984e-70 "notsigdifferent" 0.0454491979690752 977
"rho517" -0.215641645462616 7.84391792497141e-06 0.00781264795910921 3.76177660891861e-70 "sigdifferent" 0.786113028986485 422
"rho518" -0.194986156787788 2.57017737919026e-06 0.931257708715705 2.37661858443643e-100 "sigdifferent" 0.00134655853048765 573
"rho519" -0.0758537366295341 0.020561348967755 0.00973824940190014 6.09561870192648e-144 "sigdifferent" 0.698672267353243 932
"rho520" -0.27076756547999 1.1770493350677e-07 0.51903504921586 3.05023676086797e-38 "notsigdifferent" 0.0617687186769897 371
"rho521" -0.213588385799772 2.96507978127407e-05 0.011294216601197 8.15035763199277e-84 "sigdifferent" 0.624166350443327 376
"rho522" -0.238732677527756 1.05952584606061e-12 0.083429516750888 3.54340096667269e-51 "notsigdifferent" 0.212870477808375 867
"rho523" -0.247469906561309 0.000223892676697955 0.558641548142938 5.18164945757052e-41 "sigdifferent" 0.051102230783847 218
"rho524" -0.226685859474469 0.000705728018370006 0.967048180811372 3.57805172822874e-39 "notsigdifferent" 0.000308983415301343 220
"rho525" -0.144837985151352 0.00466874942980856 6.62251890753346e-05 0.139538985561059 "notsigdifferent" 0.967340900436359 380
"rho526" -0.21803791478877 3.03102076430352e-06 0.00316374992100994 1.32109129472445e-45 "notsigdifferent" 0.789826349238139 450
"rho527" -0.242948663720859 1.84520166644574e-05 0.00880615398105922 3.41175136909281e-48 "sigdifferent" 0.708150555790023 304
"rho528" -0.236229909569754 1.37071014846183e-07 0.0009742310714571 6.96673663327242e-39 "notsigdifferent" 0.856675274374073 486
"rho529" -0.193644316168883 0.000607615988201506 0.00921063493366727 3.73794030378424e-35 "notsigdifferent" 0.70395494066534 310
"rho530" -0.1318759331783 0.0126353543789506 0.00899676240008208 2.44406457066882e-48 "sigdifferent" 0.706156919763245 357
"rho531" -0.239762216150646 9.74174156906951e-05 0.0126053514286753 6.30773272724707e-60 "sigdifferent" 0.673030596446446 259
"rho532" -0.204075298676719 2.00406291284885e-05 0.272852852856314 3.68399541668867e-49 "notsigdifferent" 0.195370962874525 430
"rho533" -0.318985477734133 1.07546585502164e-09 0.00157036530352502 1.57295549823066e-135 "sigdifferent" 0.885555198741875 349
"rho534" -0.232568541803981 1.75937955069611e-05 0.752738043396194 7.98359678601615e-42 "notsigdifferent" 0.0216796677032074 334
"rho535" -0.125113154861745 0.0438423386407027 0.0036186523709186 1.9833460314697e-58 "sigdifferent" 0.841318755168449 260
"rho536" -0.20973693650886 0.000209548135388636 0.0801357660806724 6.32920703251241e-26 "notsigdifferent" 0.489504444885837 308
"rho537" -0.240592125950293 3.4435578504844e-08 0.000848345037765185 3.52378443442362e-136 "sigdifferent" 0.910196703843323 513
"rho538" -0.31083596178477 8.88976708505414e-19 3.18807164169009e-08 1.78768990925414e-90 "sigdifferent" 0.894549071914363 773
"rho539" -0.232318886386132 8.21697630284308e-05 0.0278552381445069 1.96036214184872e-24 "notsigdifferent" 0.581191549316508 282
"rho540" -0.300923294268996 3.14782458498815e-18 1.04650776784762e-07 6.16720645360712e-70 "sigdifferent" 0.856183457906776 801
"rho541" -0.187006444576855 0.000759416857682786 0.000658055543739261 2.82063050727973e-24 "notsigdifferent" 0.918765659248792 321
"rho542" -0.22562348935672 7.21839396626542e-05 0.000409227408971416 6.13125015860878e-95 "sigdifferent" 0.892129134514396 304
"rho543" -0.372737932246999 1.58686041092505e-09 0.00389753402857483 9.31524166200344e-31 "sigdifferent" 0.718608808190927 246
"rho544" -0.185825642493846 5.14599801695049e-05 0.00552366954546058 3.65942316486986e-73 "notsigdifferent" 0.812953985527213 469
"rho545" -0.286158833524565 4.25277415109768e-08 0.00153053717350491 1.91034147188076e-20 "notsigdifferent" 0.833927411014301 354
"rho546" -0.201073040239644 0.00238859568047802 0.245646344338454 2.64004839644378e-29 "sigdifferent" 0.216230521877219 226
"rho547" -0.288620472848613 8.25103401433344e-08 0.000462907679905674 7.95372593212184e-10 "notsigdifferent" 0.887673759913929 333
"rho548" -0.203531589481942 0.000247269448517847 0.0371178170920122 3.94986521722795e-34 "notsigdifferent" 0.542649879821975 320
"rho549" -0.200924750302839 0.00084170967693039 0.0127680248208842 1.70105405593681e-141 "sigdifferent" 0.741715965253198 273
"rho550" -0.23083173509003 9.15091004264814e-05 0.000615351931890967 9.04388844968447e-18 "notsigdifferent" 0.831348029744101 282
"rho551" -0.272024240872365 7.48547931186251e-07 0.476297215327555 2.05491842746582e-54 "sigdifferent" 0.0748367723399918 321
"rho552" -0.242187946001894 2.15950599045779e-05 0.463242594691357 3.92284397894799e-55 "sigdifferent" 0.0791817294214195 301
"rho553" -0.212962012483905 0.000519481351284713 0.979535737785488 1.87169912108602e-65 "sigdifferent" 8.75330557913937e-05 262
"rho554" -0.231238265182326 7.62044366061311e-06 0.000599400785744062 2.33802513907913e-127 "sigdifferent" 0.921708110220276 367
"rho555" -0.248285763285396 1.71329907561978e-05 0.000423110663406122 7.00151184013485e-142 "sigdifferent" 0.890940621181798 293
"rho556" -0.253751898687443 4.0765257131624e-12 0.0479168375251549 5.70682593485721e-55 "notsigdifferent" 0.287886120423497 725
"rho557" -0.0905761244092322 0.00710902827016166 0.000256669202721857 7.56012442933783e-80 "notsigdifferent" 0.685302464676388 882
"rho558" -0.196800285019792 0.000322248218512998 0.415237403518567 4.55382157660685e-72 "sigdifferent" 0.136210229371481 330
"rho559" -0.296979515280185 1.12248010526449e-10 0.285302170471285 1.23593486426396e-29 "notsigdifferent" 0.160488299887478 453
"rho560" -0.298120061399137 1.72583856210491e-07 0.4588806250048 2.87198939421446e-96 "sigdifferent" 0.0945046243279745 296
"rho561" -0.144420842673317 1.83974160006908e-05 2.04074813223092e-06 2.50146066216114e-18 "notsigdifferent" 0.810135217840124 873
"rho562" -0.0932268646384662 0.00463195740867007 0.456432999189349 4.45392585814672e-183 "sigdifferent" 0.0815181021552613 921
"rho563" -0.171982327283726 0.000773341615720907 0.000496944088668397 3.77228417644107e-07 "notsigdifferent" 0.885027580845011 379
"rho564" -0.20127365531327 0.000577184075076726 0.0080314923525252 7.23050839155493e-05 "notsigdifferent" 0.716579299108204 289
"rho565" -0.155721093915133 0.0168932816365519 0.000133435035283817 6.27111015003752e-73 "sigdifferent" 0.890216203946263 235
"rho566" -0.279134367046417 2.08196318938928e-09 0.000692822408534676 1.45367643900892e-68 "notsigdifferent" 0.917096578739414 445
"rho567" -0.147911401169748 0.0275578746880916 0.878153299365057 1.08656918104777e-41 "sigdifferent" 0.00312206807422067 222
"rho568" -0.308055192783383 2.03778836592302e-08 0.0798793684420999 2.18027310537333e-74 "sigdifferent" 0.49008452009624 318
"rho569" -0.144966073961517 0.0262704946601165 0.649709144955537 3.24816520352131e-58 "sigdifferent" 0.0445227060004837 235
"rho570" -0.209811069072411 0.000104204535827176 2.4304327205744e-06 3.0854532672754e-142 "sigdifferent" 0.980236548854199 337
"rho571" -0.278701864111358 6.42688042151331e-08 0.00957844966239628 3.07087638280976e-05 "notsigdifferent" 0.700250549631807 364
"rho572" -0.26265702477524 3.13347010111702e-05 0.459927801896242 2.29635013454394e-43 "sigdifferent" 0.0940864849817924 245
"rho573" -0.200607701781642 0.000643744063953216 0.201047910260593 9.99882167224664e-26 "notsigdifferent" 0.255749402341094 286
"rho574" -0.315961932746355 3.35973761470924e-07 0.000241429208710852 7.3509922433867e-126 "sigdifferent" 0.909316300431292 250
"rho575" -0.210509782080617 0.000734574773552794 0.00482439063920163 1.93645292791024e-18 "notsigdifferent" 0.759224603925355 254
"rho576" -0.281549945844274 6.99976694998715e-06 0.000592113403546527 0.220328666902509 "notsigdifferent" 0.922085761875992 247
"rho577" -0.0985274412521849 0.0583034046091761 0.890964341793763 1.65796841836936e-69 "sigdifferent" 0.00414227665713129 370
"rho578" -0.176008025151222 0.000455727725328634 0.498022234906799 1.52743493996832e-57 "sigdifferent" 0.0797340761071985 393
"rho579" -0.140625283147572 0.000197814878234916 0.0508315454105732 1.5715561101799e-136 "sigdifferent" 0.496986841146101 696
"rho580" -0.0820430720444595 0.0958994163019853 0.166316099145318 2.0722149293856e-37 "notsigdifferent" 0.25423381124373 413
"rho581" -0.196008849264816 0.000110627212991223 0.00168537500950032 4.23879843199557e-16 "notsigdifferent" 0.828637878212879 384
"rho582" -0.311011710029316 1.07305609944375e-25 0.0500120102858107 1.10526665403477e-53 "notsigdifferent" 0.264149214493964 1082
"rho583" -0.319480773733627 7.25443363389126e-10 0.00192229357783794 1.06100392155208e-13 "notsigdifferent" 0.768432446713523 355
"rho584" -0.13012760003404 0.00485455489682457 0.000105820356527961 2.53956811678224e-45 "notsigdifferent" 0.960645471152923 467
"rho585" -0.0293485406512182 0.510095973337457 0.000158537198635782 3.76200564152587e-296 "sigdifferent" 0.953785465129117 506
"rho586" -0.266181406951009 3.85960995147179e-05 0.0455223754441906 1.60033391265286e-34 "sigdifferent" 0.51342476218552 233
"rho587" -0.134384794124687 0.0170121025745901 0.150496046215613 3.74029636896376e-92 "sigdifferent" 0.365412629934855 315
"rho588" -0.157689492595663 7.03762637115282e-05 0.564784221169557 4.01126149654126e-50 "notsigdifferent" 0.0582355075928581 630
"rho589" -0.197965311682407 3.13250111803822e-07 0.0273183481690425 2.65897013524326e-64 "notsigdifferent" 0.583698301655223 657
"rho590" -0.204094349798164 4.11669941998102e-06 0.00181556805186026 8.91764365891023e-13 "notsigdifferent" 0.824441994454035 501
"rho591" -0.221422388822705 3.30048214717132e-07 0.0250314233182177 4.32318981186769e-107 "sigdifferent" 0.666664629894585 521
"rho592" -0.320762336043888 1.95510302397578e-14 0.0384686387986456 3.12364829500995e-71 "sigdifferent" 0.480297155773187 542
"rho593" -0.0571334809408431 0.306746961790515 0.198343615229696 7.45190916922403e-36 "notsigdifferent" 0.258399233260413 322
"rho594" -0.129304492487755 0.0212911236440483 0.00320592678404391 7.1724161824874e-30 "notsigdifferent" 0.848640946595309 317
"rho595" -0.0936452250370172 0.132815224886775 0.00793872292560816 1.08325686121161e-69 "sigdifferent" 0.784788449253885 259
"rho596" -0.13258556381718 0.0516674281777797 0.509745613308729 1.8982063521776e-32 "sigdifferent" 0.0644653291790951 216
"rho597" -0.00121224424295282 0.987557354222378 0.015569408679493 4.05113534207653e-11 "notsigdifferent" 0.803375250296276 168
"rho598" -0.136663857781243 0.00518186692072462 0.0412106520324358 1.85938547167204e-28 "notsigdifferent" 0.527864579436371 417
"rho599" -0.245750831157078 0.000112189769876904 0.000726957520938139 1.77008906718979e-51 "sigdifferent" 0.915506857119135 242
"rho600" -0.0903278056021678 0.00392202251352627 0.00188067928511032 5.77288795052091e-145 "sigdifferent" 0.537185472635548 1018
"rho601" -0.225526116510504 0.000119589395252054 0.810462388246121 1.16796709642264e-36 "notsigdifferent" 0.00878388595106708 286
"rho602" -0.118831150788583 0.0110986188520406 0.656772480809579 6.54067135153294e-57 "sigdifferent" 0.0351171318056071 456
"rho603" -0.103161088098618 0.0214385745449175 0.00369961472201437 1.65733694188516e-23 "notsigdifferent" 0.83994420109127 497
"rho604" -0.238727292487918 0.000114854768324656 0.000622618957740448 9.12890043954672e-10 "notsigdifferent" 0.876205773348146 256
"rho605" -0.0817024434842353 0.098522217701218 0.0169365291316764 1.42640385723934e-108 "sigdifferent" 0.712372788707028 410
"rho606" -0.170761509819474 0.00182137220141661 0.00261366980643851 5.81052901415284e-08 "notsigdifferent" 0.860252278168319 331
"rho607" -0.172987141357494 0.00307050312821134 0.931494943019988 9.05169822097627e-63 "sigdifferent" 0.00133726386425329 291
"rho608" -0.204945953048589 4.24935497230347e-05 0.000412577529839461 1.07922574664168e-23 "notsigdifferent" 0.891839869827631 393
"rho609" -0.226638518307871 6.69263774196009e-12 9.25216261015843e-07 5.48831074227296e-102 "sigdifferent" 0.830169743808815 896
"rho610" -0.282790155016917 2.25346013785996e-05 0.543077567998087 1.06912835707307e-29 "notsigdifferent" 0.0480033868873391 218
"rho611" -0.278570105780029 6.49756296602487e-07 0.0262408349004971 7.56557689411782e-57 "sigdifferent" 0.588839361972072 309
"rho612" -0.153677792033901 0.00535447141965108 0.974323472694751 8.68209881102722e-47 "notsigdifferent" 0.000158901276249249 327
"rho613" -0.150251183595259 0.0375099452697974 0.00174655970837979 6.97376501745943e-71 "sigdifferent" 0.880674168201361 192
"rho614" -0.0173833641268655 0.597088893760261 4.37316769819006e-06 5.29164664764358e-245 "sigdifferent" 0.958321321210217 927
"rho615" -0.110353340314628 0.02563162495067 0.00353953812611896 1.10308438868397e-73 "notsigdifferent" 0.84268052353222 409
"rho616" -0.133345466735007 0.00645522971314605 0.944872471278199 2.3681532446404e-65 "sigdifferent" 0.000865437397837226 416
"rho617" -0.152109183923525 5.62509129957537e-06 0.31103391694291 6.46024859964774e-132 "sigdifferent" 0.169382633887831 883
"rho618" -0.312386168120864 2.19698589661437e-07 0.729600255460709 5.12681104693323e-36 "sigdifferent" 0.0213998299401047 264
"rho619" -0.281704287621632 4.33509791966932e-14 1.35350823027956e-07 7.07280830902995e-58 "sigdifferent" 0.831966212290185 692
"rho620" -0.181212429114257 0.00290706512782393 6.22181376521851e-05 2.09731763216816e-28 "notsigdifferent" 0.942039606538335 268
"rho621" -0.293751091393136 1.78048051173491e-08 0.564522527780219 3.95934495837594e-39 "notsigdifferent" 0.070653428451776 354
"rho622" -0.205662222378534 0.00474608037671648 0.954133053804263 2.02708545674911e-39 "sigdifferent" 0.000507348843101562 187
"rho623" -0.23273474322853 0.00018226736429693 0.165817533940333 4.01374987473147e-33 "sigdifferent" 0.254748359242276 254
"rho624" -0.119234551010232 0.03299060044123 0.00447216432125348 1.62786912610557e-101 "sigdifferent" 0.827680081404215 320
"rho625" -0.171293348897279 0.000786866619187634 0.0617433744309815 3.48691570656869e-78 "sigdifferent" 0.466900827486586 381
"rho626" -0.197183686639805 0.000264676444672815 0.0116283706186388 1.36714526432937e-56 "sigdifferent" 0.68125680956467 338
"rho627" -0.131637389931204 0.00268343428795388 0.60412215133654 3.03902721503009e-44 "notsigdifferent" 0.0576226502391734 518
"rho628" -0.199824901422814 2.73850970154482e-07 0.00334417624515887 0.000253677448927312 "notsigdifferent" 0.846126295296606 651
"rho629" -0.191166381599005 1.58436009017628e-05 0.0317775752476301 1.65769720573684e-88 "sigdifferent" 0.563871505883313 503
"rho630" -0.148553688233345 0.0020600944339041 0.000308426930129848 4.16138912980347e-19 "notsigdifferent" 0.93981597806219 428
"rho631" -0.193603242812892 0.00141886909474707 0.028128712724809 1.81738713079266e-105 "sigdifferent" 0.65177423978107 269
"rho632" -0.241180792779334 4.00279564006896e-05 0.664712171326858 1.41162696147134e-39 "notsigdifferent" 0.0406307634834468 284
"rho633" -0.258889763427554 2.74461628404016e-05 0.00469877744616739 1.18980922514463e-25 "notsigdifferent" 0.761256892068132 256
"rho634" -0.0979992652206828 0.178575899717796 0.890152092235038 6.84260843797315e-37 "sigdifferent" 0.00420448318303393 190
"rho635" -0.151880456726378 0.0119860311137744 0.991736887612189 1.62145675806192e-55 "notsigdifferent" 1.9422092663392e-05 273
"rho636" -0.220053489420541 3.59903490371663e-06 0.139168825199375 3.79089163967758e-19 "notsigdifferent" 0.326250099402387 435
"rho637" -0.169213430000049 0.000722032735371505 0.00248057374451523 4.75604682265953e-29 "notsigdifferent" 0.863081183429342 396
"rho638" -0.192152176301325 0.000421603931367164 0.0590979355381456 1.52147579187157e-40 "sigdifferent" 0.419937660231374 333
"rho639" -0.275985149799184 7.98308776667845e-07 0.0203812237400512 6.55483621838652e-15 "notsigdifferent" 0.619849345201446 310
"rho640" -0.197194223376876 0.000421575808531842 0.00105934465882692 1.45503938708797e-76 "sigdifferent" 0.85270064855437 316
"rho641" -0.177702692899466 0.0023455512233944 0.810986815338687 6.79553930397133e-34 "notsigdifferent" 0.0125529266308886 291
"rho642" -0.142629934625415 0.00719180015368692 0.344256380024201 1.62911512680771e-65 "sigdifferent" 0.149377766430051 354
"rho643" -0.190327896498176 0.000756133545578676 0.000455189499302354 8.17381120227619e-34 "notsigdifferent" 0.888292026833717 310
"rho644" -0.153423409429214 1.88131038542357e-06 0.0453602492839131 1.67842387387646e-112 "sigdifferent" 0.256367967960605 956
"rho645" -0.147725995006697 0.0622946532158131 0.00740700735312569 1.14322583734481e-81 "sigdifferent" 0.862819948824044 160
"rho646" -0.127102737303205 0.00657269295122507 0.00312280906480519 1.2499359037979e-145 "sigdifferent" 0.79070890258518 456
"rho647" -0.144452547217317 0.00966700389780366 0.0486126351328932 2.80553681360845e-46 "sigdifferent" 0.573662808473851 320
"rho648" -0.142049054330075 0.000563073666688694 0.00109077168286173 7.9572284698175e-55 "sigdifferent" 0.900841924447111 586
"rho649" -0.139646638698511 0.0254586619892428 0.00817773951990806 6.45490103936757e-98 "sigdifferent" 0.856042728848454 256
"rho650" -0.108322548421081 0.0449907659504876 0.165222852808516 4.55802739666946e-11 "notsigdifferent" 0.293778296428865 343
"rho651" -0.148167938011448 0.00273063800272759 0.0220616071617814 1.29696832372498e-28 "notsigdifferent" 0.610361038419479 407
"rho652" -0.186290480099669 0.00293428040763251 0.00860492361927844 1.88313443864757e-87 "sigdifferent" 0.778000962240439 253
"rho653" -0.214413293243286 0.000196917139967082 0.0108757138094045 1.00978564067773e-15 "notsigdifferent" 0.687933809956584 297
"rho654" -0.0730665205183757 0.170153654286848 0.937632562609469 1.65970591375281e-43 "notsigdifferent" 0.000938717776456911 354
"rho655" -0.18388913866744 0.00365986110541421 0.890685233129763 3.36824998104195e-47 "sigdifferent" 0.00341454285962193 248
"rho656" -0.0588498278139971 0.123038028376329 4.87601446093523e-05 1.60668260812797e-235 "sigdifferent" 0.946530895250767 688
"rho657" -0.0730733183895544 0.236710307736733 0.137733319536144 1.01243800081233e-13 "notsigdifferent" 0.3281851905042 264
"rho658" -0.114869764368058 0.0142208423762673 0.047053382449527 1.14209937527575e-76 "sigdifferent" 0.27013696556234 455
"rho659" -0.0871146398021407 0.138895528211522 0.516607658269641 3.06936553683062e-69 "sigdifferent" 0.0886637528310097 290
"rho660" -0.11612831686363 0.00253199008169685 1.29696845323696e-05 5.64265521634947e-34 "notsigdifferent" 0.779658192115059 674
"rho661" -0.127909745889842 0.0314687226078528 0.0015765385755666 5.27450801241467e-13 "notsigdifferent" 0.885378641199222 283
"rho662" -0.110554076583395 0.0206561207975373 0.796164458010191 4.7461804222082e-115 "sigdifferent" 0.0146293435573895 438
"rho663" -0.0927447506276475 0.0111023200244776 8.97027231940173e-08 5.15580341654175e-194 "sigdifferent" 0.914788032498861 749
"rho664" -0.263062850673537 1.12500132393997e-06 0.00255560280427422 1.61949717816628e-60 "sigdifferent" 0.861475248625361 333
"rho665" -0.192277203761285 5.31990656893879e-05 0.702839351765123 6.4102250970617e-36 "notsigdifferent" 0.0316274227495452 436
"rho666" -0.0101567363668236 0.779117464774006 0.86599635224354 3.37835531100503e-111 "sigdifferent" 0.00514291392406376 765
"rho667" -0.176268839427049 0.00254749550525387 0.00213877245583616 1.66095494531705e-107 "sigdifferent" 0.92544041380086 291
"rho668" -0.14481503468828 0.00168358783833747 0.36199356316673 6.43585653272083e-25 "notsigdifferent" 0.119588556938928 468
"rho669" -0.240613444105317 1.35223482594802e-05 0.010701178686311 7.29306310620852e-11 "notsigdifferent" 0.62958661864031 320
"rho670" -0.103611074452774 0.0424379948137286 0.928237189030725 1.20851741531866e-55 "sigdifferent" 0.00179010598849041 384
"rho671" -0.0171097863475972 0.75574510163561 0.00951694398931968 1.36999035397735e-150 "sigdifferent" 0.700862951179276 333
"rho672" -0.0459624352320068 0.451126649478555 0.186625465751601 9.35879485586428e-106 "sigdifferent" 0.318819421673638 271
"rho673" -0.0676709931072823 0.266054676533923 0.923077498907487 2.95867500032415e-36 "notsigdifferent" 0.00168686800327322 272
"rho674" -0.113938301006175 0.0726985827810038 0.896231454883252 2.06174745314003e-43 "sigdifferent" 0.00307545917485963 249
"rho675" -0.204860861532462 0.00155591542374782 0.0109488992536165 2.56504096599731e-23 "notsigdifferent" 0.627295638128674 236
"rho676" -0.145375330328534 0.0361584539934841 0.0596445368721653 5.83076080839364e-24 "notsigdifferent" 0.540754870493623 208
