ParentPhenotype line ParentGenotype MutantPhenotype MutantGenotype KC_col1 KC_col4 Conditional_Complexity
0110000000011111111 522 006121075774514 110000000011111111 106121075774514 19.12 16.68 9.60
0110000000011111111 522 006121075774514 110000000011111111 206121075774514 19.12 16.68 9.60
0110000000011111111 522 006121075774514 110000000011111111 306121075774514 19.12 16.68 9.60
0110000000011111111 522 006121075774514 110000000011111111 406121075774514 19.12 16.68 9.60
0110000000011111111 522 006121075774514 110000000001111111 506121075774514 19.12 16.68 9.60
0110000000011111111 522 006121075774514 110000000001111111 606121075774514 19.12 16.68 9.60
0110000000011111111 522 006121075774514 110000000001111111 706121075774514 19.12 16.68 9.60
0110000000011111111 522 006121075774514 111000000001111111 016121075774514 19.12 16.68 9.60
0110000000011111111 522 006121075774514 111100000001111111 026121075774514 19.12 16.68 9.60
0110000000011111111 522 006121075774514 111100000000111111 036121075774514 19.12 16.68 9.60
0110000000011111111 522 006121075774514 111110000000111111 046121075774514 19.12 16.68 9.60
0110000000011111111 522 006121075774514 111110000000011111 056121075774514 19.12 16.68 9.60
0110000000011111111 522 006121075774514 111110000000011111 066121075774514 19.12 16.68 9.60
0110000000011111111 522 006121075774514 111111000000011111 076121075774514 19.12 16.68 9.60
0110000000011111111 522 006121075774514 110000000001111111 000121075774514 19.12 16.68 9.60
0110000000011111111 522 006121075774514 110000000001111111 001121075774514 19.12 16.68 9.60
0110000000011111111 522 006121075774514 110000000001111111 002121075774514 19.12 16.68 9.60
0110000000011111111 522 006121075774514 110000000001111111 003121075774514 19.12 16.68 9.60
0110000000011111111 522 006121075774514 110000000011111111 004121075774514 19.12 16.68 9.60
0110000000011111111 522 006121075774514 110000000011111111 005121075774514 19.12 16.68 9.60
0110000000011111111 522 006121075774514 110000000011111111 007121075774514 19.12 16.68 9.60
0110000000011111111 522 006121075774514 111000000001111111 006021075774514 19.12 16.68 9.60
0110000000011111111 522 006121075774514 110000000011111111 006221075774514 19.12 16.68 9.60
0110000000011111111 522 006121075774514 110000000011111111 006321075774514 19.12 16.68 9.60
0110000000011111111 522 006121075774514 110000000011111111 006421075774514 19.12 16.68 9.60
0110000000011111111 522 006121075774514 110000000011111111 006521075774514 19.12 16.68 9.60
0110000000011111111 522 006121075774514 110000000111111111 006621075774514 19.12 16.68 9.60
0110000000011111111 522 006121075774514 110000000111111111 006721075774514 19.12 16.68 9.60
0110000000011111111 522 006121075774514 111000000011111111 006101075774514 19.12 16.68 9.60
0110000000011111111 522 006121075774514 111000000011111111 006111075774514 19.12 16.68 9.60
0110000000011111111 522 006121075774514 110000000011111111 006131075774514 19.12 16.68 9.60
0110000000011111111 522 006121075774514 110000000001111111 006141075774514 19.12 16.68 9.60
0110000000011111111 522 006121075774514 110000000001111111 006151075774514 19.12 16.68 9.60
0110000000011111111 522 006121075774514 110000000001111111 006161075774514 19.12 16.68 9.60
0110000000011111111 522 006121075774514 110000000001111111 006171075774514 19.12 16.68 9.60
0110000000011111111 522 006121075774514 111000000001111111 006120075774514 19.12 16.68 9.60
0110000000011111111 522 006121075774514 110000000011111111 006122075774514 19.12 16.68 9.60
0110000000011111111 522 006121075774514 110000000011111111 006123075774514 19.12 16.68 9.60
0110000000011111111 522 006121075774514 111000000111111111 006124075774514 19.12 16.68 12.20
0110000000011111111 522 006121075774514 111000000111111111 006125075774514 19.12 16.68 12.20
0110000000011111111 522 006121075774514 111000000111111111 006126075774514 19.12 16.68 12.20
0110000000011111111 522 006121075774514 111100000111111111 006127075774514 19.12 16.68 12.20
0110000000011111111 522 006121075774514 111000000000111111 006121175774514 19.12 16.68 9.60
0110000000011111111 522 006121075774514 111000000000011111 006121275774514 19.12 16.68 12.20
0110000000011111111 522 006121075774514 111100000000001111 006121375774514 19.12 16.68 12.20
0110000000011111111 522 006121075774514 111110000000001111 006121475774514 19.12 16.68 9.60
0110000000011111111 522 006121075774514 111110000000000111 006121575774514 19.12 16.68 12.20
0110000000011111111 522 006121075774514 111111000000000011 006121675774514 19.12 16.68 12.20
0110000000011111111 522 006121075774514 111111000000000011 006121775774514 19.12 16.68 12.20
0110000000011111111 522 006121075774514 110000000011111111 006121005774514 19.12 16.68 9.60
0110000000011111111 522 006121075774514 110000000011111111 006121015774514 19.12 16.68 9.60
0110000000011111111 522 006121075774514 110000000011111111 006121025774514 19.12 16.68 9.60
0110000000011111111 522 006121075774514 110000000011111111 006121035774514 19.12 16.68 9.60
0110000000011111111 522 006121075774514 110000000011111111 006121045774514 19.12 16.68 9.60
0110000000011111111 522 006121075774514 110000000011111111 006121055774514 19.12 16.68 9.60
0110000000011111111 522 006121075774514 110000000011111111 006121065774514 19.12 16.68 9.60
0110000000011111111 522 006121075774514 111111100000000111 006121070774514 19.12 16.68 9.60
0110000000011111111 522 006121075774514 111110000000111111 006121071774514 19.12 16.68 9.60
0110000000011111111 522 006121075774514 111100000001111111 006121072774514 19.12 16.68 9.60
0110000000011111111 522 006121075774514 111000000001111111 006121073774514 19.12 16.68 9.60
0110000000011111111 522 006121075774514 111000000001111111 006121074774514 19.12 16.68 9.60
0110000000011111111 522 006121075774514 110000000011111111 006121076774514 19.12 16.68 9.60
0110000000011111111 522 006121075774514 110000000011111111 006121077774514 19.12 16.68 9.60
0110000000011111111 522 006121075774514 111111100000000011 006121075074514 19.12 16.68 9.60
0110000000011111111 522 006121075774514 111100000000011111 006121075174514 19.12 16.68 9.60
0110000000011111111 522 006121075774514 111000000000111111 006121075274514 19.12 16.68 9.60
0110000000011111111 522 006121075774514 111000000001111111 006121075374514 19.12 16.68 9.60
0110000000011111111 522 006121075774514 111000000001111111 006121075474514 19.12 16.68 9.60
0110000000011111111 522 006121075774514 111000000001111111 006121075574514 19.12 16.68 9.60
0110000000011111111 522 006121075774514 111000000011111111 006121075674514 19.12 16.68 9.60
0110000000011111111 522 006121075774514 110000000000000111 006121075704514 19.12 16.68 12.20
0110000000011111111 522 006121075774514 110000000000011111 006121075714514 19.12 16.68 12.20
0110000000011111111 522 006121075774514 110000000000111111 006121075724514 19.12 16.68 12.20
0110000000011111111 522 006121075774514 110000000001111111 006121075734514 19.12 16.68 9.60
0110000000011111111 522 006121075774514 110000000001111111 006121075744514 19.12 16.68 9.60
0110000000011111111 522 006121075774514 110000000001111111 006121075754514 19.12 16.68 9.60
0110000000011111111 522 006121075774514 110000000011111111 006121075764514 19.12 16.68 9.60
0110000000011111111 522 006121075774514 111100000000000000 006121075770514 19.12 12.51 6.90
0110000000011111111 522 006121075774514 111000000000000011 006121075771514 19.12 16.68 12.20
0110000000011111111 522 006121075774514 111000000000011111 006121075772514 19.12 16.68 12.20
0110000000011111111 522 006121075774514 111000000000111111 006121075773514 19.12 16.68 9.60
0110000000011111111 522 006121075774514 110000000111111111 006121075775514 19.12 16.68 9.60
0110000000011111111 522 006121075774514 110000000111111111 006121075776514 19.12 16.68 9.60
0110000000011111111 522 006121075774514 110000001111111111 006121075777514 19.12 16.68 9.60
0110000000011111111 522 006121075774514 110000000000001111 006121075774014 19.12 16.68 12.20
0110000000011111111 522 006121075774514 110000000000011111 006121075774114 19.12 16.68 12.20
0110000000011111111 522 006121075774514 110000000000111111 006121075774214 19.12 16.68 12.20
0110000000011111111 522 006121075774514 110000000001111111 006121075774314 19.12 16.68 9.60
0110000000011111111 522 006121075774514 110000000001111111 006121075774414 19.12 16.68 9.60
0110000000011111111 522 006121075774514 110000000011111111 006121075774614 19.12 16.68 9.60
0110000000011111111 522 006121075774514 110000000011111111 006121075774714 19.12 16.68 9.60
0110000000011111111 522 006121075774514 110000000011111111 006121075774504 19.12 16.68 9.60
0110000000011111111 522 006121075774514 111000000001111111 006121075774524 19.12 16.68 9.60
0110000000011111111 522 006121075774514 111000000001111111 006121075774534 19.12 16.68 9.60
0110000000011111111 522 006121075774514 111000000001111111 006121075774544 19.12 16.68 9.60
0110000000011111111 522 006121075774514 111000000001111111 006121075774554 19.12 16.68 9.60
0110000000011111111 522 006121075774514 111100000000111111 006121075774564 19.12 16.68 9.60
0110000000011111111 522 006121075774514 111100000000111111 006121075774574 19.12 16.68 9.60
0110000000011111111 522 006121075774514 111111000000001111 006121075774510 19.12 16.68 9.60
0110000000011111111 522 006121075774514 111100000000111111 006121075774511 19.12 16.68 9.60
0110000000011111111 522 006121075774514 111000000001111111 006121075774512 19.12 16.68 9.60
0110000000011111111 522 006121075774514 111000000001111111 006121075774513 19.12 16.68 9.60
0110000000011111111 522 006121075774514 110000000011111111 006121075774515 19.12 16.68 9.60
0110000000011111111 522 006121075774514 110000000011111111 006121075774516 19.12 16.68 9.60
0110000000011111111 522 006121075774514 110000000011111111 006121075774517 19.12 16.68 9.60
0110000000011111111 2662 231704435447617 111000000011111111 031704435447617 19.12 16.68 9.60
0110000000011111111 2662 231704435447617 111000000011111111 131704435447617 19.12 16.68 9.60
0110000000011111111 2662 231704435447617 110000000011111111 331704435447617 19.12 16.68 9.60
0110000000011111111 2662 231704435447617 110000000111111111 431704435447617 19.12 16.68 9.60
0110000000011111111 2662 231704435447617 110000000111111111 531704435447617 19.12 16.68 9.60
0110000000011111111 2662 231704435447617 110000000111111111 631704435447617 19.12 16.68 9.60
0110000000011111111 2662 231704435447617 110000000111111111 731704435447617 19.12 16.68 9.60
0110000000011111111 2662 231704435447617 110000000111111111 201704435447617 19.12 16.68 9.60
0110000000011111111 2662 231704435447617 110000000111111111 211704435447617 19.12 16.68 9.60
0110000000011111111 2662 231704435447617 110000000011111111 221704435447617 19.12 16.68 9.60
0110000000011111111 2662 231704435447617 111000000011111111 241704435447617 19.12 16.68 9.60
0110000000011111111 2662 231704435447617 111000000011111111 251704435447617 19.12 16.68 9.60
0110000000011111111 2662 231704435447617 111000000011111111 261704435447617 19.12 16.68 9.60
0110000000011111111 2662 231704435447617 111000000011111111 271704435447617 19.12 16.68 9.60
0110000000011111111 2662 231704435447617 110000000111111111 230704435447617 19.12 16.68 9.60
0110000000011111111 2662 231704435447617 111000000011111111 232704435447617 19.12 16.68 9.60
0110000000011111111 2662 231704435447617 111000000011111111 233704435447617 19.12 16.68 9.60
0110000000011111111 2662 231704435447617 111000000011111111 234704435447617 19.12 16.68 9.60
0110000000011111111 2662 231704435447617 111000000111111111 235704435447617 19.12 16.68 12.20
0110000000011111111 2662 231704435447617 111000000111111111 236704435447617 19.12 16.68 12.20
0110000000011111111 2662 231704435447617 111000000111111111 237704435447617 19.12 16.68 12.20
0110000000011111111 2662 231704435447617 111100000001111111 231004435447617 19.12 16.68 9.60
0110000000011111111 2662 231704435447617 111000000001111111 231104435447617 19.12 16.68 9.60
0110000000011111111 2662 231704435447617 111000000011111111 231204435447617 19.12 16.68 9.60
0110000000011111111 2662 231704435447617 111000000011111111 231304435447617 19.12 16.68 9.60
0110000000011111111 2662 231704435447617 111000000011111111 231404435447617 19.12 16.68 9.60
0110000000011111111 2662 231704435447617 111000000011111111 231504435447617 19.12 16.68 9.60
0110000000011111111 2662 231704435447617 110000000011111111 231604435447617 19.12 16.68 9.60
0110000000011111111 2662 231704435447617 110000000011111111 231714435447617 19.12 16.68 9.60
0110000000011111111 2662 231704435447617 110000000011111111 231724435447617 19.12 16.68 9.60
0110000000011111111 2662 231704435447617 110000000001111111 231734435447617 19.12 16.68 9.60
0110000000011111111 2662 231704435447617 110000000001111111 231744435447617 19.12 16.68 9.60
0110000000011111111 2662 231704435447617 110000000001111111 231754435447617 19.12 16.68 9.60
0110000000011111111 2662 231704435447617 110000000001111111 231764435447617 19.12 16.68 9.60
0110000000011111111 2662 231704435447617 110000000001111111 231774435447617 19.12 16.68 9.60
0110000000011111111 2662 231704435447617 111000000001111111 231700435447617 19.12 16.68 9.60
0110000000011111111 2662 231704435447617 111000000011111111 231701435447617 19.12 16.68 9.60
0110000000011111111 2662 231704435447617 110000000011111111 231702435447617 19.12 16.68 9.60
0110000000011111111 2662 231704435447617 110000000011111111 231703435447617 19.12 16.68 9.60
0110000000011111111 2662 231704435447617 110000000011111111 231705435447617 19.12 16.68 9.60
0110000000011111111 2662 231704435447617 110000000011111111 231706435447617 19.12 16.68 9.60
0110000000011111111 2662 231704435447617 110000000111111111 231707435447617 19.12 16.68 9.60
0110000000011111111 2662 231704435447617 110000000000000011 231704035447617 19.12 16.68 12.20
0110000000011111111 2662 231704435447617 110000000111111111 231704135447617 19.12 16.68 9.60
0110000000011111111 2662 231704435447617 110000000111111111 231704235447617 19.12 16.68 9.60
0110000000011111111 2662 231704435447617 110000000111111111 231704335447617 19.12 16.68 9.60
0110000000011111111 2662 231704435447617 111000000011111111 231704535447617 19.12 16.68 9.60
0110000000011111111 2662 231704435447617 111000000001111111 231704635447617 19.12 16.68 9.60
0110000000011111111 2662 231704435447617 111000000001111111 231704735447617 19.12 16.68 9.60
0110000000011111111 2662 231704435447617 110000000011111111 231704405447617 19.12 16.68 9.60
0110000000011111111 2662 231704435447617 110000000011111111 231704415447617 19.12 16.68 9.60
0110000000011111111 2662 231704435447617 110000000011111111 231704425447617 19.12 16.68 9.60
0110000000011111111 2662 231704435447617 110000000011111111 231704445447617 19.12 16.68 9.60
0110000000011111111 2662 231704435447617 110000000011111111 231704455447617 19.12 16.68 9.60
0110000000011111111 2662 231704435447617 110000000011111111 231704465447617 19.12 16.68 9.60
0110000000011111111 2662 231704435447617 110000000011111111 231704475447617 19.12 16.68 9.60
0110000000011111111 2662 231704435447617 111111100000001111 231704430447617 19.12 16.68 9.60
0110000000011111111 2662 231704435447617 111110000000111111 231704431447617 19.12 16.68 9.60
0110000000011111111 2662 231704435447617 111100000001111111 231704432447617 19.12 16.68 9.60
0110000000011111111 2662 231704435447617 111000000011111111 231704433447617 19.12 16.68 9.60
0110000000011111111 2662 231704435447617 111000000011111111 231704434447617 19.12 16.68 9.60
0110000000011111111 2662 231704435447617 110000000111111111 231704436447617 19.12 16.68 9.60
0110000000011111111 2662 231704435447617 110000000111111111 231704437447617 19.12 16.68 9.60
0110000000011111111 2662 231704435447617 111111100000000011 231704435047617 19.12 16.68 9.60
0110000000011111111 2662 231704435447617 111110000000111111 231704435147617 19.12 16.68 9.60
0110000000011111111 2662 231704435447617 111000000001111111 231704435247617 19.12 16.68 9.60
0110000000011111111 2662 231704435447617 111000000011111111 231704435347617 19.12 16.68 9.60
0110000000011111111 2662 231704435447617 110000000111111111 231704435547617 19.12 16.68 9.60
0110000000011111111 2662 231704435447617 110000000111111111 231704435647617 19.12 16.68 9.60
0110000000011111111 2662 231704435447617 110000000111111111 231704435747617 19.12 16.68 9.60
0110000000011111111 2662 231704435447617 110000000000011111 231704435407617 19.12 16.68 12.20
0110000000011111111 2662 231704435447617 110000000001111111 231704435417617 19.12 16.68 9.60
0110000000011111111 2662 231704435447617 110000000011111111 231704435427617 19.12 16.68 9.60
0110000000011111111 2662 231704435447617 110000000011111111 231704435437617 19.12 16.68 9.60
0110000000011111111 2662 231704435447617 110000000011111111 231704435457617 19.12 16.68 9.60
0110000000011111111 2662 231704435447617 111000000111111111 231704435467617 19.12 16.68 12.20
0110000000011111111 2662 231704435447617 111000000111111111 231704435477617 19.12 16.68 12.20
0110000000011111111 2662 231704435447617 111111110000000000 231704435440617 19.12 12.51 6.90
0110000000011111111 2662 231704435447617 111110000000000000 231704435441617 19.12 12.51 6.90
0110000000011111111 2662 231704435447617 111100000000000000 231704435442617 19.12 12.51 6.90
0110000000011111111 2662 231704435447617 111100000000000011 231704435443617 19.12 16.68 12.20
0110000000011111111 2662 231704435447617 111000000000011111 231704435444617 19.12 16.68 12.20
0110000000011111111 2662 231704435447617 111000000000111111 231704435445617 19.12 16.68 9.60
0110000000011111111 2662 231704435447617 111000000001111111 231704435446617 19.12 16.68 9.60
0110000000011111111 2662 231704435447617 110000000000011111 231704435447017 19.12 16.68 12.20
0110000000011111111 2662 231704435447617 110000000000111111 231704435447117 19.12 16.68 12.20
0110000000011111111 2662 231704435447617 110000000001111111 231704435447217 19.12 16.68 9.60
0110000000011111111 2662 231704435447617 110000000001111111 231704435447317 19.12 16.68 9.60
0110000000011111111 2662 231704435447617 110000000011111111 231704435447417 19.12 16.68 9.60
0110000000011111111 2662 231704435447617 110000000011111111 231704435447517 19.12 16.68 9.60
0110000000011111111 2662 231704435447617 110000000011111111 231704435447717 19.12 16.68 9.60
0110000000011111111 2662 231704435447617 110000000111111111 231704435447607 19.12 16.68 9.60
0110000000011111111 2662 231704435447617 111000000011111111 231704435447627 19.12 16.68 9.60
0110000000011111111 2662 231704435447617 111100000001111111 231704435447637 19.12 16.68 9.60
0110000000011111111 2662 231704435447617 111100000000111111 231704435447647 19.12 16.68 9.60
0110000000011111111 2662 231704435447617 111110000000111111 231704435447657 19.12 16.68 9.60
0110000000011111111 2662 231704435447617 111110000000011111 231704435447667 19.12 16.68 9.60
0110000000011111111 2662 231704435447617 111111000000011111 231704435447677 19.12 16.68 9.60
0110000000011111111 2662 231704435447617 111111111000000011 231704435447610 19.12 16.68 9.60
0110000000011111111 2662 231704435447617 111111000000011111 231704435447611 19.12 16.68 9.60
0110000000011111111 2662 231704435447617 111100000000111111 231704435447612 19.12 16.68 9.60
0110000000011111111 2662 231704435447617 111100000001111111 231704435447613 19.12 16.68 9.60
0110000000011111111 2662 231704435447617 111000000001111111 231704435447614 19.12 16.68 9.60
0110000000011111111 2662 231704435447617 111000000011111111 231704435447615 19.12 16.68 9.60
0110000000011111111 2662 231704435447617 111000000011111111 231704435447616 19.12 16.68 9.60
0110000000011111111 2688 100303456437602 111000000011111111 000303456437602 19.12 16.68 9.60
0110000000011111111 2688 100303456437602 110000000011111111 200303456437602 19.12 16.68 9.60
0110000000011111111 2688 100303456437602 110000000001111111 300303456437602 19.12 16.68 9.60
0110000000011111111 2688 100303456437602 110000000000111111 400303456437602 19.12 16.68 12.20
0110000000011111111 2688 100303456437602 110000000000000111 500303456437602 19.12 16.68 12.20
0110000000011111111 2688 100303456437602 110000000000000000 600303456437602 19.12 12.51 6.90
0110000000011111111 2688 100303456437602 110000000000000000 700303456437602 19.12 12.51 6.90
0110000000011111111 2688 100303456437602 111000000011111111 110303456437602 19.12 16.68 9.60
0110000000011111111 2688 100303456437602 111000000011111111 120303456437602 19.12 16.68 9.60
0110000000011111111 2688 100303456437602 111000000001111111 130303456437602 19.12 16.68 9.60
0110000000011111111 2688 100303456437602 111100000001111111 140303456437602 19.12 16.68 9.60
0110000000011111111 2688 100303456437602 111100000001111111 150303456437602 19.12 16.68 9.60
0110000000011111111 2688 100303456437602 111100000001111111 160303456437602 19.12 16.68 9.60
0110000000011111111 2688 100303456437602 111100000000111111 170303456437602 19.12 16.68 9.60
0110000000011111111 2688 100303456437602 111000000011111111 101303456437602 19.12 16.68 9.60
0110000000011111111 2688 100303456437602 111000000011111111 102303456437602 19.12 16.68 9.60
0110000000011111111 2688 100303456437602 111000000011111111 103303456437602 19.12 16.68 9.60
0110000000011111111 2688 100303456437602 111000000011111111 104303456437602 19.12 16.68 9.60
0110000000011111111 2688 100303456437602 111000000011111111 105303456437602 19.12 16.68 9.60
0110000000011111111 2688 100303456437602 111000000011111111 106303456437602 19.12 16.68 9.60
0110000000011111111 2688 100303456437602 111000000011111111 107303456437602 19.12 16.68 9.60
0110000000011111111 2688 100303456437602 111000000001111111 100003456437602 19.12 16.68 9.60
0110000000011111111 2688 100303456437602 111000000011111111 100103456437602 19.12 16.68 9.60
0110000000011111111 2688 100303456437602 110000000011111111 100203456437602 19.12 16.68 9.60
0110000000011111111 2688 100303456437602 110000000011111111 100403456437602 19.12 16.68 9.60
0110000000011111111 2688 100303456437602 110000000011111111 100503456437602 19.12 16.68 9.60
0110000000011111111 2688 100303456437602 110000000011111111 100603456437602 19.12 16.68 9.60
0110000000011111111 2688 100303456437602 110000000011111111 100703456437602 19.12 16.68 9.60
0110000000011111111 2688 100303456437602 110000000011111111 100313456437602 19.12 16.68 9.60
0110000000011111111 2688 100303456437602 110000000011111111 100323456437602 19.12 16.68 9.60
0110000000011111111 2688 100303456437602 110000000011111111 100333456437602 19.12 16.68 9.60
0110000000011111111 2688 100303456437602 110000000011111111 100343456437602 19.12 16.68 9.60
0110000000011111111 2688 100303456437602 110000000011111111 100353456437602 19.12 16.68 9.60
0110000000011111111 2688 100303456437602 110000000011111111 100363456437602 19.12 16.68 9.60
0110000000011111111 2688 100303456437602 110000000011111111 100373456437602 19.12 16.68 9.60
0110000000011111111 2688 100303456437602 110000000011111111 100300456437602 19.12 16.68 9.60
0110000000011111111 2688 100303456437602 110000000011111111 100301456437602 19.12 16.68 9.60
0110000000011111111 2688 100303456437602 110000000011111111 100302456437602 19.12 16.68 9.60
0110000000011111111 2688 100303456437602 110000000011111111 100304456437602 19.12 16.68 9.60
0110000000011111111 2688 100303456437602 110000000011111111 100305456437602 19.12 16.68 9.60
0110000000011111111 2688 100303456437602 110000000011111111 100306456437602 19.12 16.68 9.60
0110000000011111111 2688 100303456437602 110000000011111111 100307456437602 19.12 16.68 9.60
0110000000011111111 2688 100303456437602 111100000000000000 100303056437602 19.12 12.51 6.90
0110000000011111111 2688 100303456437602 110000000000001111 100303156437602 19.12 16.68 12.20
0110000000011111111 2688 100303456437602 110000000011111111 100303256437602 19.12 16.68 9.60
0110000000011111111 2688 100303456437602 110000000011111111 100303356437602 19.12 16.68 9.60
0110000000011111111 2688 100303456437602 110000000011111111 100303556437602 19.12 16.68 9.60
0110000000011111111 2688 100303456437602 111000000011111111 100303656437602 19.12 16.68 9.60
0110000000011111111 2688 100303456437602 111000000001111111 100303756437602 19.12 16.68 9.60
0110000000011111111 2688 100303456437602 110000000011111111 100303406437602 19.12 16.68 9.60
0110000000011111111 2688 100303456437602 110000000011111111 100303416437602 19.12 16.68 9.60
0110000000011111111 2688 100303456437602 110000000011111111 100303426437602 19.12 16.68 9.60
0110000000011111111 2688 100303456437602 110000000011111111 100303436437602 19.12 16.68 9.60
0110000000011111111 2688 100303456437602 110000000011111111 100303446437602 19.12 16.68 9.60
0110000000011111111 2688 100303456437602 110000000011111111 100303466437602 19.12 16.68 9.60
0110000000011111111 2688 100303456437602 110000000011111111 100303476437602 19.12 16.68 9.60
0110000000011111111 2688 100303456437602 111111100000001111 100303450437602 19.12 16.68 9.60
0110000000011111111 2688 100303456437602 111110000000111111 100303451437602 19.12 16.68 9.60
0110000000011111111 2688 100303456437602 111100000001111111 100303452437602 19.12 16.68 9.60
0110000000011111111 2688 100303456437602 111000000001111111 100303453437602 19.12 16.68 9.60
0110000000011111111 2688 100303456437602 111000000011111111 100303454437602 19.12 16.68 9.60
0110000000011111111 2688 100303456437602 110000000011111111 100303455437602 19.12 16.68 9.60
0110000000011111111 2688 100303456437602 110000000011111111 100303457437602 19.12 16.68 9.60
0110000000011111111 2688 100303456437602 111111100000000011 100303456037602 19.12 16.68 9.60
0110000000011111111 2688 100303456437602 111100000000111111 100303456137602 19.12 16.68 9.60
0110000000011111111 2688 100303456437602 111000000001111111 100303456237602 19.12 16.68 9.60
0110000000011111111 2688 100303456437602 110000000011111111 100303456337602 19.12 16.68 9.60
0110000000011111111 2688 100303456437602 110000000011111111 100303456537602 19.12 16.68 9.60
0110000000011111111 2688 100303456437602 110000000011111111 100303456637602 19.12 16.68 9.60
0110000000011111111 2688 100303456437602 110000000011111111 100303456737602 19.12 16.68 9.60
0110000000011111111 2688 100303456437602 110000000000011111 100303456407602 19.12 16.68 12.20
0110000000011111111 2688 100303456437602 110000000001111111 100303456417602 19.12 16.68 9.60
0110000000011111111 2688 100303456437602 110000000011111111 100303456427602 19.12 16.68 9.60
0110000000011111111 2688 100303456437602 110000000111111111 100303456447602 19.12 16.68 9.60
0110000000011111111 2688 100303456437602 110000000111111111 100303456457602 19.12 16.68 9.60
0110000000011111111 2688 100303456437602 110000000111111111 100303456467602 19.12 16.68 9.60
0110000000011111111 2688 100303456437602 110000000111111111 100303456477602 19.12 16.68 9.60
0110000000011111111 2688 100303456437602 111111000000000000 100303456430602 19.12 12.51 6.90
0110000000011111111 2688 100303456437602 111100000000000000 100303456431602 19.12 12.51 6.90
0110000000011111111 2688 100303456437602 111100000000000000 100303456432602 19.12 12.51 6.90
0110000000011111111 2688 100303456437602 111000000000000111 100303456433602 19.12 16.68 12.20
0110000000011111111 2688 100303456437602 111000000000011111 100303456434602 19.12 16.68 12.20
0110000000011111111 2688 100303456437602 111000000001111111 100303456435602 19.12 16.68 9.60
0110000000011111111 2688 100303456437602 110000000011111111 100303456436602 19.12 16.68 9.60
0110000000011111111 2688 100303456437602 110000000000000111 100303456437002 19.12 16.68 12.20
0110000000011111111 2688 100303456437602 110000000000011111 100303456437102 19.12 16.68 12.20
0110000000011111111 2688 100303456437602 110000000000111111 100303456437202 19.12 16.68 12.20
0110000000011111111 2688 100303456437602 110000000001111111 100303456437302 19.12 16.68 9.60
0110000000011111111 2688 100303456437602 110000000011111111 100303456437402 19.12 16.68 9.60
0110000000011111111 2688 100303456437602 110000000011111111 100303456437502 19.12 16.68 9.60
0110000000011111111 2688 100303456437602 110000000111111111 100303456437702 19.12 16.68 9.60
0110000000011111111 2688 100303456437602 111000000001111111 100303456437612 19.12 16.68 9.60
0110000000011111111 2688 100303456437602 111110000000111111 100303456437622 19.12 16.68 9.60
0110000000011111111 2688 100303456437602 111111000000011111 100303456437632 19.12 16.68 9.60
0110000000011111111 2688 100303456437602 111111000000001111 100303456437642 19.12 16.68 9.60
0110000000011111111 2688 100303456437602 111111100000000111 100303456437652 19.12 16.68 9.60
0110000000011111111 2688 100303456437602 111111110000000011 100303456437662 19.12 16.68 9.60
0110000000011111111 2688 100303456437602 111111111000000001 100303456437672 19.12 14.59 9.60
0110000000011111111 2688 100303456437602 111100000000111111 100303456437600 19.12 16.68 9.60
0110000000011111111 2688 100303456437602 111000000011111111 100303456437601 19.12 16.68 9.60
0110000000011111111 2688 100303456437602 110000000111111111 100303456437603 19.12 16.68 9.60
0110000000011111111 2688 100303456437602 110000000111111111 100303456437604 19.12 16.68 9.60
0110000000011111111 2688 100303456437602 110000000111111111 100303456437605 19.12 16.68 9.60
0110000000011111111 2688 100303456437602 100000000111111111 100303456437606 19.12 14.59 6.90
0110000000011111111 2688 100303456437602 100000000111111111 100303456437607 19.12 14.59 6.90
0110000000011111111 3228 436642135637657 110000000011111111 036642135637657 19.12 16.68 9.60
0110000000011111111 3228 436642135637657 110000000011111111 136642135637657 19.12 16.68 9.60
0110000000011111111 3228 436642135637657 110000000011111111 236642135637657 19.12 16.68 9.60
0110000000011111111 3228 436642135637657 110000000011111111 336642135637657 19.12 16.68 9.60
0110000000011111111 3228 436642135637657 110000000011111111 536642135637657 19.12 16.68 9.60
0110000000011111111 3228 436642135637657 110000000011111111 636642135637657 19.12 16.68 9.60
0110000000011111111 3228 436642135637657 110000000011111111 736642135637657 19.12 16.68 9.60
0110000000011111111 3228 436642135637657 110000000011111111 406642135637657 19.12 16.68 9.60
0110000000011111111 3228 436642135637657 110000000011111111 416642135637657 19.12 16.68 9.60
0110000000011111111 3228 436642135637657 110000000011111111 426642135637657 19.12 16.68 9.60
0110000000011111111 3228 436642135637657 110000000011111111 446642135637657 19.12 16.68 9.60
0110000000011111111 3228 436642135637657 110000000011111111 456642135637657 19.12 16.68 9.60
0110000000011111111 3228 436642135637657 110000000011111111 466642135637657 19.12 16.68 9.60
0110000000011111111 3228 436642135637657 111000000001111111 476642135637657 19.12 16.68 9.60
0110000000011111111 3228 436642135637657 110000000011111111 430642135637657 19.12 16.68 9.60
0110000000011111111 3228 436642135637657 110000000011111111 431642135637657 19.12 16.68 9.60
0110000000011111111 3228 436642135637657 110000000011111111 432642135637657 19.12 16.68 9.60
0110000000011111111 3228 436642135637657 110000000011111111 433642135637657 19.12 16.68 9.60
0110000000011111111 3228 436642135637657 110000000011111111 434642135637657 19.12 16.68 9.60
0110000000011111111 3228 436642135637657 110000000011111111 435642135637657 19.12 16.68 9.60
0110000000011111111 3228 436642135637657 110000000011111111 437642135637657 19.12 16.68 9.60
0110000000011111111 3228 436642135637657 111100000001111111 436042135637657 19.12 16.68 9.60
0110000000011111111 3228 436642135637657 111000000001111111 436142135637657 19.12 16.68 9.60
0110000000011111111 3228 436642135637657 111000000001111111 436242135637657 19.12 16.68 9.60
0110000000011111111 3228 436642135637657 110000000011111111 436342135637657 19.12 16.68 9.60
0110000000011111111 3228 436642135637657 110000000011111111 436442135637657 19.12 16.68 9.60
0110000000011111111 3228 436642135637657 110000000011111111 436542135637657 19.12 16.68 9.60
0110000000011111111 3228 436642135637657 110000000011111111 436742135637657 19.12 16.68 9.60
0110000000011111111 3228 436642135637657 110000000111111111 436602135637657 19.12 16.68 9.60
0110000000011111111 3228 436642135637657 110000000011111111 436612135637657 19.12 16.68 9.60
0110000000011111111 3228 436642135637657 110000000011111111 436622135637657 19.12 16.68 9.60
0110000000011111111 3228 436642135637657 110000000011111111 436632135637657 19.12 16.68 9.60
0110000000011111111 3228 436642135637657 110000000011111111 436652135637657 19.12 16.68 9.60
0110000000011111111 3228 436642135637657 110000000011111111 436662135637657 19.12 16.68 9.60
0110000000011111111 3228 436642135637657 110000000001111111 436672135637657 19.12 16.68 9.60
0110000000011111111 3228 436642135637657 110000000001111111 436640135637657 19.12 16.68 9.60
0110000000011111111 3228 436642135637657 110000000001111111 436641135637657 19.12 16.68 9.60
0110000000011111111 3228 436642135637657 110000000011111111 436643135637657 19.12 16.68 9.60
0110000000011111111 3228 436642135637657 110000000011111111 436644135637657 19.12 16.68 9.60
0110000000011111111 3228 436642135637657 110000000011111111 436645135637657 19.12 16.68 9.60
0110000000011111111 3228 436642135637657 110000000011111111 436646135637657 19.12 16.68 9.60
0110000000011111111 3228 436642135637657 110000000011111111 436647135637657 19.12 16.68 9.60
0110000000011111111 3228 436642135637657 110000000111111111 436642035637657 19.12 16.68 9.60
0110000000011111111 3228 436642135637657 111000000001111111 436642235637657 19.12 16.68 9.60
0110000000011111111 3228 436642135637657 111000000000111111 436642335637657 19.12 16.68 9.60
0110000000011111111 3228 436642135637657 111100000000111111 436642435637657 19.12 16.68 9.60
0110000000011111111 3228 436642135637657 111100000000011111 436642535637657 19.12 16.68 9.60
0110000000011111111 3228 436642135637657 111110000000001111 436642635637657 19.12 16.68 9.60
0110000000011111111 3228 436642135637657 111110000000001111 436642735637657 19.12 16.68 9.60
0110000000011111111 3228 436642135637657 110000000011111111 436642105637657 19.12 16.68 9.60
0110000000011111111 3228 436642135637657 110000000011111111 436642115637657 19.12 16.68 9.60
0110000000011111111 3228 436642135637657 110000000011111111 436642125637657 19.12 16.68 9.60
0110000000011111111 3228 436642135637657 110000000011111111 436642145637657 19.12 16.68 9.60
0110000000011111111 3228 436642135637657 110000000011111111 436642155637657 19.12 16.68 9.60
0110000000011111111 3228 436642135637657 110000000011111111 436642165637657 19.12 16.68 9.60
0110000000011111111 3228 436642135637657 110000000011111111 436642175637657 19.12 16.68 9.60
0110000000011111111 3228 436642135637657 111111100000001111 436642130637657 19.12 16.68 9.60
0110000000011111111 3228 436642135637657 111100000000111111 436642131637657 19.12 16.68 9.60
0110000000011111111 3228 436642135637657 111000000001111111 436642132637657 19.12 16.68 9.60
0110000000011111111 3228 436642135637657 111000000001111111 436642133637657 19.12 16.68 9.60
0110000000011111111 3228 436642135637657 110000000011111111 436642134637657 19.12 16.68 9.60
0110000000011111111 3228 436642135637657 110000000011111111 436642136637657 19.12 16.68 9.60
0110000000011111111 3228 436642135637657 110000000011111111 436642137637657 19.12 16.68 9.60
0110000000011111111 3228 436642135637657 111111110000000001 436642135037657 19.12 14.59 9.60
0110000000011111111 3228 436642135637657 111110000000011111 436642135137657 19.12 16.68 9.60
0110000000011111111 3228 436642135637657 111100000000111111 436642135237657 19.12 16.68 9.60
0110000000011111111 3228 436642135637657 111000000001111111 436642135337657 19.12 16.68 9.60
0110000000011111111 3228 436642135637657 111000000001111111 436642135437657 19.12 16.68 9.60
0110000000011111111 3228 436642135637657 110000000011111111 436642135537657 19.12 16.68 9.60
0110000000011111111 3228 436642135637657 110000000011111111 436642135737657 19.12 16.68 9.60
0110000000011111111 3228 436642135637657 110000000000011111 436642135607657 19.12 16.68 12.20
0110000000011111111 3228 436642135637657 110000000001111111 436642135617657 19.12 16.68 9.60
0110000000011111111 3228 436642135637657 110000000001111111 436642135627657 19.12 16.68 9.60
0110000000011111111 3228 436642135637657 110000000011111111 436642135647657 19.12 16.68 9.60
0110000000011111111 3228 436642135637657 110000000011111111 436642135657657 19.12 16.68 9.60
0110000000011111111 3228 436642135637657 110000000011111111 436642135667657 19.12 16.68 9.60
0110000000011111111 3228 436642135637657 110000000011111111 436642135677657 19.12 16.68 9.60
0110000000011111111 3228 436642135637657 111111000000000000 436642135630657 19.12 12.51 6.90
0110000000011111111 3228 436642135637657 111110000000000000 436642135631657 19.12 12.51 6.90
0110000000011111111 3228 436642135637657 111100000000000000 436642135632657 19.12 12.51 6.90
0110000000011111111 3228 436642135637657 111000000000000001 436642135633657 19.12 14.59 9.60
0110000000011111111 3228 436642135637657 111000000000001111 436642135634657 19.12 16.68 12.20
0110000000011111111 3228 436642135637657 111000000000011111 436642135635657 19.12 16.68 12.20
0110000000011111111 3228 436642135637657 110000000001111111 436642135636657 19.12 16.68 9.60
0110000000011111111 3228 436642135637657 110000000000001111 436642135637057 19.12 16.68 12.20
0110000000011111111 3228 436642135637657 110000000000111111 436642135637157 19.12 16.68 12.20
0110000000011111111 3228 436642135637657 110000000000111111 436642135637257 19.12 16.68 12.20
0110000000011111111 3228 436642135637657 110000000001111111 436642135637357 19.12 16.68 9.60
0110000000011111111 3228 436642135637657 110000000001111111 436642135637457 19.12 16.68 9.60
0110000000011111111 3228 436642135637657 110000000011111111 436642135637557 19.12 16.68 9.60
0110000000011111111 3228 436642135637657 110000000011111111 436642135637757 19.12 16.68 9.60
0110000000011111111 3228 436642135637657 100000000111111111 436642135637607 19.12 14.59 6.90
0110000000011111111 3228 436642135637657 100000000111111111 436642135637617 19.12 14.59 6.90
0110000000011111111 3228 436642135637657 110000000111111111 436642135637627 19.12 16.68 9.60
0110000000011111111 3228 436642135637657 110000000011111111 436642135637637 19.12 16.68 9.60
0110000000011111111 3228 436642135637657 110000000011111111 436642135637647 19.12 16.68 9.60
0110000000011111111 3228 436642135637657 110000000011111111 436642135637667 19.12 16.68 9.60
0110000000011111111 3228 436642135637657 111000000001111111 436642135637677 19.12 16.68 9.60
0110000000011111111 3228 436642135637657 111111110000000111 436642135637650 19.12 16.68 9.60
0110000000011111111 3228 436642135637657 111110000000011111 436642135637651 19.12 16.68 9.60
0110000000011111111 3228 436642135637657 111100000000111111 436642135637652 19.12 16.68 9.60
0110000000011111111 3228 436642135637657 111000000001111111 436642135637653 19.12 16.68 9.60
0110000000011111111 3228 436642135637657 111000000001111111 436642135637654 19.12 16.68 9.60
0110000000011111111 3228 436642135637657 111000000001111111 436642135637655 19.12 16.68 9.60
0110000000011111111 3228 436642135637657 110000000011111111 436642135637656 19.12 16.68 9.60
0110000000011111111 3314 313521014766344 110000000011111111 013521014766344 19.12 16.68 9.60
0110000000011111111 3314 313521014766344 110000000011111111 113521014766344 19.12 16.68 9.60
0110000000011111111 3314 313521014766344 110000000011111111 213521014766344 19.12 16.68 9.60
0110000000011111111 3314 313521014766344 110000000011111111 413521014766344 19.12 16.68 9.60
0110000000011111111 3314 313521014766344 110000000011111111 513521014766344 19.12 16.68 9.60
0110000000011111111 3314 313521014766344 110000000011111111 613521014766344 19.12 16.68 9.60
0110000000011111111 3314 313521014766344 110000000011111111 713521014766344 19.12 16.68 9.60
0110000000011111111 3314 313521014766344 110000000011111111 303521014766344 19.12 16.68 9.60
0110000000011111111 3314 313521014766344 110000000011111111 323521014766344 19.12 16.68 9.60
0110000000011111111 3314 313521014766344 111000000001111111 333521014766344 19.12 16.68 9.60
0110000000011111111 3314 313521014766344 111000000001111111 343521014766344 19.12 16.68 9.60
0110000000011111111 3314 313521014766344 111000000001111111 353521014766344 19.12 16.68 9.60
0110000000011111111 3314 313521014766344 111000000001111111 363521014766344 19.12 16.68 9.60
0110000000011111111 3314 313521014766344 111000000001111111 373521014766344 19.12 16.68 9.60
0110000000011111111 3314 313521014766344 110000000000000001 310521014766344 19.12 14.59 9.60
0110000000011111111 3314 313521014766344 110000000011111111 311521014766344 19.12 16.68 9.60
0110000000011111111 3314 313521014766344 110000000011111111 312521014766344 19.12 16.68 9.60
0110000000011111111 3314 313521014766344 110000000011111111 314521014766344 19.12 16.68 9.60
0110000000011111111 3314 313521014766344 110000000011111111 315521014766344 19.12 16.68 9.60
0110000000011111111 3314 313521014766344 110000000011111111 316521014766344 19.12 16.68 9.60
0110000000011111111 3314 313521014766344 110000000011111111 317521014766344 19.12 16.68 9.60
0110000000011111111 3314 313521014766344 111100000000111111 313021014766344 19.12 16.68 9.60
0110000000011111111 3314 313521014766344 111000000001111111 313121014766344 19.12 16.68 9.60
0110000000011111111 3314 313521014766344 111000000001111111 313221014766344 19.12 16.68 9.60
0110000000011111111 3314 313521014766344 110000000011111111 313321014766344 19.12 16.68 9.60
0110000000011111111 3314 313521014766344 110000000011111111 313421014766344 19.12 16.68 9.60
0110000000011111111 3314 313521014766344 110000000011111111 313621014766344 19.12 16.68 9.60
0110000000011111111 3314 313521014766344 110000000011111111 313721014766344 19.12 16.68 9.60
0110000000011111111 3314 313521014766344 110000000011111111 313501014766344 19.12 16.68 9.60
0110000000011111111 3314 313521014766344 110000000011111111 313511014766344 19.12 16.68 9.60
0110000000011111111 3314 313521014766344 110000000011111111 313531014766344 19.12 16.68 9.60
0110000000011111111 3314 313521014766344 110000000011111111 313541014766344 19.12 16.68 9.60
0110000000011111111 3314 313521014766344 110000000001111111 313551014766344 19.12 16.68 9.60
0110000000011111111 3314 313521014766344 110000000001111111 313561014766344 19.12 16.68 9.60
0110000000011111111 3314 313521014766344 110000000001111111 313571014766344 19.12 16.68 9.60
0110000000011111111 3314 313521014766344 110000000011111111 313520014766344 19.12 16.68 9.60
0110000000011111111 3314 313521014766344 110000000011111111 313522014766344 19.12 16.68 9.60
0110000000011111111 3314 313521014766344 110000000011111111 313523014766344 19.12 16.68 9.60
0110000000011111111 3314 313521014766344 110000000011111111 313524014766344 19.12 16.68 9.60
0110000000011111111 3314 313521014766344 110000000001111111 313525014766344 19.12 16.68 9.60
0110000000011111111 3314 313521014766344 111000000000111111 313526014766344 19.12 16.68 9.60
0110000000011111111 3314 313521014766344 111000000000000000 313527014766344 19.12 12.51 6.90
0110000000011111111 3314 313521014766344 111000000000111111 313521114766344 19.12 16.68 9.60
0110000000011111111 3314 313521014766344 111100000000001111 313521214766344 19.12 16.68 12.20
0110000000011111111 3314 313521014766344 111110000000000111 313521314766344 19.12 16.68 12.20
0110000000011111111 3314 313521014766344 111111000000000011 313521414766344 19.12 16.68 12.20
0110000000011111111 3314 313521014766344 111111100000000001 313521514766344 19.12 14.59 9.60
0110000000011111111 3314 313521014766344 111111110000000000 313521614766344 19.12 12.51 6.90
0110000000011111111 3314 313521014766344 111111110000000000 313521714766344 19.12 12.51 6.90
0110000000011111111 3314 313521014766344 110000000011111111 313521004766344 19.12 16.68 9.60
0110000000011111111 3314 313521014766344 110000000011111111 313521024766344 19.12 16.68 9.60
0110000000011111111 3314 313521014766344 110000000011111111 313521034766344 19.12 16.68 9.60
0110000000011111111 3314 313521014766344 110000000011111111 313521044766344 19.12 16.68 9.60
0110000000011111111 3314 313521014766344 110000000011111111 313521054766344 19.12 16.68 9.60
0110000000011111111 3314 313521014766344 110000000011111111 313521064766344 19.12 16.68 9.60
0110000000011111111 3314 313521014766344 110000000011111111 313521074766344 19.12 16.68 9.60
0110000000011111111 3314 313521014766344 111111000000001111 313521010766344 19.12 16.68 9.60
0110000000011111111 3314 313521014766344 111100000000111111 313521011766344 19.12 16.68 9.60
0110000000011111111 3314 313521014766344 111000000001111111 313521012766344 19.12 16.68 9.60
0110000000011111111 3314 313521014766344 110000000001111111 313521013766344 19.12 16.68 9.60
0110000000011111111 3314 313521014766344 110000000011111111 313521015766344 19.12 16.68 9.60
0110000000011111111 3314 313521014766344 110000000011111111 313521016766344 19.12 16.68 9.60
0110000000011111111 3314 313521014766344 110000000111111111 313521017766344 19.12 16.68 9.60
0110000000011111111 3314 313521014766344 111111111000000000 313521014066344 19.12 12.51 6.90
0110000000011111111 3314 313521014766344 111110000000001111 313521014166344 19.12 16.68 9.60
0110000000011111111 3314 313521014766344 111100000000011111 313521014266344 19.12 16.68 9.60
0110000000011111111 3314 313521014766344 111000000000111111 313521014366344 19.12 16.68 9.60
0110000000011111111 3314 313521014766344 111000000001111111 313521014466344 19.12 16.68 9.60
0110000000011111111 3314 313521014766344 110000000001111111 313521014566344 19.12 16.68 9.60
0110000000011111111 3314 313521014766344 110000000011111111 313521014666344 19.12 16.68 9.60
0110000000011111111 3314 313521014766344 110000000000000011 313521014706344 19.12 16.68 12.20
0110000000011111111 3314 313521014766344 110000000000011111 313521014716344 19.12 16.68 12.20
0110000000011111111 3314 313521014766344 110000000000111111 313521014726344 19.12 16.68 12.20
0110000000011111111 3314 313521014766344 110000000001111111 313521014736344 19.12 16.68 9.60
0110000000011111111 3314 313521014766344 110000000001111111 313521014746344 19.12 16.68 9.60
0110000000011111111 3314 313521014766344 110000000011111111 313521014756344 19.12 16.68 9.60
0110000000011111111 3314 313521014766344 110000000011111111 313521014776344 19.12 16.68 9.60
0110000000011111111 3314 313521014766344 111110000000000000 313521014760344 19.12 12.51 6.90
0110000000011111111 3314 313521014766344 111100000000000000 313521014761344 19.12 12.51 6.90
0110000000011111111 3314 313521014766344 111000000000000000 313521014762344 19.12 12.51 6.90
0110000000011111111 3314 313521014766344 111000000000000111 313521014763344 19.12 16.68 12.20
0110000000011111111 3314 313521014766344 110000000000011111 313521014764344 19.12 16.68 12.20
0110000000011111111 3314 313521014766344 110000000001111111 313521014765344 19.12 16.68 9.60
0110000000011111111 3314 313521014766344 110000000111111111 313521014767344 19.12 16.68 9.60
0110000000011111111 3314 313521014766344 110000000000011111 313521014766044 19.12 16.68 12.20
0110000000011111111 3314 313521014766344 110000000001111111 313521014766144 19.12 16.68 9.60
0110000000011111111 3314 313521014766344 110000000001111111 313521014766244 19.12 16.68 9.60
0110000000011111111 3314 313521014766344 110000000011111111 313521014766444 19.12 16.68 9.60
0110000000011111111 3314 313521014766344 110000000111111111 313521014766544 19.12 16.68 9.60
0110000000011111111 3314 313521014766344 110000000111111111 313521014766644 19.12 16.68 9.60
0110000000011111111 3314 313521014766344 110000000111111111 313521014766744 19.12 16.68 9.60
0110000000011111111 3314 313521014766344 111000000000000000 313521014766304 19.12 12.51 6.90
0110000000011111111 3314 313521014766344 110000000001111111 313521014766314 19.12 16.68 9.60
0110000000011111111 3314 313521014766344 110000000011111111 313521014766324 19.12 16.68 9.60
0110000000011111111 3314 313521014766344 110000000011111111 313521014766334 19.12 16.68 9.60
0110000000011111111 3314 313521014766344 110000000011111111 313521014766354 19.12 16.68 9.60
0110000000011111111 3314 313521014766344 110000000001111111 313521014766364 19.12 16.68 9.60
0110000000011111111 3314 313521014766344 111000000001111111 313521014766374 19.12 16.68 9.60
0110000000011111111 3314 313521014766344 111111000000001111 313521014766340 19.12 16.68 9.60
0110000000011111111 3314 313521014766344 111100000000111111 313521014766341 19.12 16.68 9.60
0110000000011111111 3314 313521014766344 111000000001111111 313521014766342 19.12 16.68 9.60
0110000000011111111 3314 313521014766344 110000000001111111 313521014766343 19.12 16.68 9.60
0110000000011111111 3314 313521014766344 110000000011111111 313521014766345 19.12 16.68 9.60
0110000000011111111 3314 313521014766344 110000000011111111 313521014766346 19.12 16.68 9.60
0110000000011111111 3314 313521014766344 110000000111111111 313521014766347 19.12 16.68 9.60
0110000000011111111 4213 602301216347537 111000000011111111 002301216347537 19.12 16.68 9.60
0110000000011111111 4213 602301216347537 111000000001111111 102301216347537 19.12 16.68 9.60
0110000000011111111 4213 602301216347537 111000000001111111 202301216347537 19.12 16.68 9.60
0110000000011111111 4213 602301216347537 111000000001111111 302301216347537 19.12 16.68 9.60
0110000000011111111 4213 602301216347537 111000000001111111 402301216347537 19.12 16.68 9.60
0110000000011111111 4213 602301216347537 110000000001111111 502301216347537 19.12 16.68 9.60
0110000000011111111 4213 602301216347537 110000000011111111 702301216347537 19.12 16.68 9.60
0110000000011111111 4213 602301216347537 111000000001111111 612301216347537 19.12 16.68 9.60
0110000000011111111 4213 602301216347537 111000000001111111 622301216347537 19.12 16.68 9.60
0110000000011111111 4213 602301216347537 111000000001111111 632301216347537 19.12 16.68 9.60
0110000000011111111 4213 602301216347537 111000000001111111 642301216347537 19.12 16.68 9.60
0110000000011111111 4213 602301216347537 111000000001111111 652301216347537 19.12 16.68 9.60
0110000000011111111 4213 602301216347537 111000000001111111 662301216347537 19.12 16.68 9.60
0110000000011111111 4213 602301216347537 111100000000111111 672301216347537 19.12 16.68 9.60
0110000000011111111 4213 602301216347537 100000000111111111 600301216347537 19.12 14.59 6.90
0110000000011111111 4213 602301216347537 110000000011111111 601301216347537 19.12 16.68 9.60
0110000000011111111 4213 602301216347537 111000000001111111 603301216347537 19.12 16.68 9.60
0110000000011111111 4213 602301216347537 111000000001111111 604301216347537 19.12 16.68 9.60
0110000000011111111 4213 602301216347537 111000000001111111 605301216347537 19.12 16.68 9.60
0110000000011111111 4213 602301216347537 111000000001111111 606301216347537 19.12 16.68 9.60
0110000000011111111 4213 602301216347537 111000000001111111 607301216347537 19.12 16.68 9.60
0110000000011111111 4213 602301216347537 111000000001111111 602001216347537 19.12 16.68 9.60
0110000000011111111 4213 602301216347537 111000000001111111 602101216347537 19.12 16.68 9.60
0110000000011111111 4213 602301216347537 110000000001111111 602201216347537 19.12 16.68 9.60
0110000000011111111 4213 602301216347537 110000000011111111 602401216347537 19.12 16.68 9.60
0110000000011111111 4213 602301216347537 110000000011111111 602501216347537 19.12 16.68 9.60
0110000000011111111 4213 602301216347537 110000000011111111 602601216347537 19.12 16.68 9.60
0110000000011111111 4213 602301216347537 110000000011111111 602701216347537 19.12 16.68 9.60
0110000000011111111 4213 602301216347537 110000000001111111 602311216347537 19.12 16.68 9.60
0110000000011111111 4213 602301216347537 110000000001111111 602321216347537 19.12 16.68 9.60
0110000000011111111 4213 602301216347537 110000000001111111 602331216347537 19.12 16.68 9.60
0110000000011111111 4213 602301216347537 110000000001111111 602341216347537 19.12 16.68 9.60
0110000000011111111 4213 602301216347537 110000000001111111 602351216347537 19.12 16.68 9.60
0110000000011111111 4213 602301216347537 110000000000111111 602361216347537 19.12 16.68 12.20
0110000000011111111 4213 602301216347537 110000000000111111 602371216347537 19.12 16.68 12.20
0110000000011111111 4213 602301216347537 110000000001111111 602300216347537 19.12 16.68 9.60
0110000000011111111 4213 602301216347537 110000000011111111 602302216347537 19.12 16.68 9.60
0110000000011111111 4213 602301216347537 110000000011111111 602303216347537 19.12 16.68 9.60
0110000000011111111 4213 602301216347537 110000000011111111 602304216347537 19.12 16.68 9.60
0110000000011111111 4213 602301216347537 110000000011111111 602305216347537 19.12 16.68 9.60
0110000000011111111 4213 602301216347537 110000000011111111 602306216347537 19.12 16.68 9.60
0110000000011111111 4213 602301216347537 110000000011111111 602307216347537 19.12 16.68 9.60
0110000000011111111 4213 602301216347537 100000000111111111 602301016347537 19.12 14.59 6.90
0110000000011111111 4213 602301216347537 110000000111111111 602301116347537 19.12 16.68 9.60
0110000000011111111 4213 602301216347537 111000000001111111 602301316347537 19.12 16.68 9.60
0110000000011111111 4213 602301216347537 111100000000111111 602301416347537 19.12 16.68 9.60
0110000000011111111 4213 602301216347537 111100000000011111 602301516347537 19.12 16.68 9.60
0110000000011111111 4213 602301216347537 111110000000001111 602301616347537 19.12 16.68 9.60
0110000000011111111 4213 602301216347537 111110000000001111 602301716347537 19.12 16.68 9.60
0110000000011111111 4213 602301216347537 110000000011111111 602301206347537 19.12 16.68 9.60
0110000000011111111 4213 602301216347537 110000000011111111 602301226347537 19.12 16.68 9.60
0110000000011111111 4213 602301216347537 110000000011111111 602301236347537 19.12 16.68 9.60
0110000000011111111 4213 602301216347537 110000000011111111 602301246347537 19.12 16.68 9.60
0110000000011111111 4213 602301216347537 110000000011111111 602301256347537 19.12 16.68 9.60
0110000000011111111 4213 602301216347537 110000000011111111 602301266347537 19.12 16.68 9.60
0110000000011111111 4213 602301216347537 110000000011111111 602301276347537 19.12 16.68 9.60
0110000000011111111 4213 602301216347537 111111111000000011 602301210347537 19.12 16.68 9.60
0110000000011111111 4213 602301216347537 111111000000011111 602301211347537 19.12 16.68 9.60
0110000000011111111 4213 602301216347537 111100000000111111 602301212347537 19.12 16.68 9.60
0110000000011111111 4213 602301216347537 111100000000111111 602301213347537 19.12 16.68 9.60
0110000000011111111 4213 602301216347537 111000000001111111 602301214347537 19.12 16.68 9.60
0110000000011111111 4213 602301216347537 111000000001111111 602301215347537 19.12 16.68 9.60
0110000000011111111 4213 602301216347537 110000000011111111 602301217347537 19.12 16.68 9.60
0110000000011111111 4213 602301216347537 111111100000000001 602301216047537 19.12 14.59 9.60
0110000000011111111 4213 602301216347537 111100000000011111 602301216147537 19.12 16.68 9.60
0110000000011111111 4213 602301216347537 111000000001111111 602301216247537 19.12 16.68 9.60
0110000000011111111 4213 602301216347537 110000000011111111 602301216447537 19.12 16.68 9.60
0110000000011111111 4213 602301216347537 110000000111111111 602301216547537 19.12 16.68 9.60
0110000000011111111 4213 602301216347537 100000000111111111 602301216647537 19.12 14.59 6.90
0110000000011111111 4213 602301216347537 100000000111111111 602301216747537 19.12 14.59 6.90
0110000000011111111 4213 602301216347537 110000000000011111 602301216307537 19.12 16.68 12.20
0110000000011111111 4213 602301216347537 110000000000111111 602301216317537 19.12 16.68 12.20
0110000000011111111 4213 602301216347537 110000000001111111 602301216327537 19.12 16.68 9.60
0110000000011111111 4213 602301216347537 110000000001111111 602301216337537 19.12 16.68 9.60
0110000000011111111 4213 602301216347537 110000000011111111 602301216357537 19.12 16.68 9.60
0110000000011111111 4213 602301216347537 110000000011111111 602301216367537 19.12 16.68 9.60
0110000000011111111 4213 602301216347537 111000000011111111 602301216377537 19.12 16.68 9.60
0110000000011111111 4213 602301216347537 111111111000000000 602301216340537 19.12 12.51 6.90
0110000000011111111 4213 602301216347537 111111000000000000 602301216341537 19.12 12.51 6.90
0110000000011111111 4213 602301216347537 111110000000000000 602301216342537 19.12 12.51 6.90
0110000000011111111 4213 602301216347537 111100000000000000 602301216343537 19.12 12.51 6.90
0110000000011111111 4213 602301216347537 111000000000000111 602301216344537 19.12 16.68 12.20
0110000000011111111 4213 602301216347537 111000000000011111 602301216345537 19.12 16.68 12.20
0110000000011111111 4213 602301216347537 111000000000111111 602301216346537 19.12 16.68 9.60
0110000000011111111 4213 602301216347537 110000000000011111 602301216347037 19.12 16.68 12.20
0110000000011111111 4213 602301216347537 110000000000111111 602301216347137 19.12 16.68 12.20
0110000000011111111 4213 602301216347537 110000000001111111 602301216347237 19.12 16.68 9.60
0110000000011111111 4213 602301216347537 110000000001111111 602301216347337 19.12 16.68 9.60
0110000000011111111 4213 602301216347537 110000000001111111 602301216347437 19.12 16.68 9.60
0110000000011111111 4213 602301216347537 110000000011111111 602301216347637 19.12 16.68 9.60
0110000000011111111 4213 602301216347537 110000000011111111 602301216347737 19.12 16.68 9.60
0110000000011111111 4213 602301216347537 110000000111111111 602301216347507 19.12 16.68 9.60
0110000000011111111 4213 602301216347537 100000000111111111 602301216347517 19.12 14.59 6.90
0110000000011111111 4213 602301216347537 110000000111111111 602301216347527 19.12 16.68 9.60
0110000000011111111 4213 602301216347537 111000000001111111 602301216347547 19.12 16.68 9.60
0110000000011111111 4213 602301216347537 111000000000111111 602301216347557 19.12 16.68 9.60
0110000000011111111 4213 602301216347537 111100000000111111 602301216347567 19.12 16.68 9.60
0110000000011111111 4213 602301216347537 111100000000111111 602301216347577 19.12 16.68 9.60
0110000000011111111 4213 602301216347537 111111111100000001 602301216347530 19.12 14.59 9.60
0110000000011111111 4213 602301216347537 111111000000001111 602301216347531 19.12 16.68 9.60
0110000000011111111 4213 602301216347537 111110000000011111 602301216347532 19.12 16.68 9.60
0110000000011111111 4213 602301216347537 111100000000111111 602301216347533 19.12 16.68 9.60
0110000000011111111 4213 602301216347537 111000000001111111 602301216347534 19.12 16.68 9.60
0110000000011111111 4213 602301216347537 111000000001111111 602301216347535 19.12 16.68 9.60
0110000000011111111 4213 602301216347537 111000000001111111 602301216347536 19.12 16.68 9.60
0110000000011111111 6313 627250126346606 110000000001111111 027250126346606 19.12 16.68 9.60
0110000000011111111 6313 627250126346606 110000000001111111 127250126346606 19.12 16.68 9.60
0110000000011111111 6313 627250126346606 110000000001111111 227250126346606 19.12 16.68 9.60
0110000000011111111 6313 627250126346606 110000000001111111 327250126346606 19.12 16.68 9.60
0110000000011111111 6313 627250126346606 110000000001111111 427250126346606 19.12 16.68 9.60
0110000000011111111 6313 627250126346606 110000000001111111 527250126346606 19.12 16.68 9.60
0110000000011111111 6313 627250126346606 110000000011111111 727250126346606 19.12 16.68 9.60
0110000000011111111 6313 627250126346606 100000000111111111 607250126346606 19.12 14.59 6.90
0110000000011111111 6313 627250126346606 110000000011111111 617250126346606 19.12 16.68 9.60
0110000000011111111 6313 627250126346606 111000000001111111 637250126346606 19.12 16.68 9.60
0110000000011111111 6313 627250126346606 111000000001111111 647250126346606 19.12 16.68 9.60
0110000000011111111 6313 627250126346606 111000000000111111 657250126346606 19.12 16.68 9.60
0110000000011111111 6313 627250126346606 111000000000111111 667250126346606 19.12 16.68 9.60
0110000000011111111 6313 627250126346606 111000000000111111 677250126346606 19.12 16.68 9.60
0110000000011111111 6313 627250126346606 111000000000000000 620250126346606 19.12 12.51 6.90
0110000000011111111 6313 627250126346606 110000000000001111 621250126346606 19.12 16.68 12.20
0110000000011111111 6313 627250126346606 110000000001111111 622250126346606 19.12 16.68 9.60
0110000000011111111 6313 627250126346606 110000000011111111 623250126346606 19.12 16.68 9.60
0110000000011111111 6313 627250126346606 110000000011111111 624250126346606 19.12 16.68 9.60
0110000000011111111 6313 627250126346606 110000000011111111 625250126346606 19.12 16.68 9.60
0110000000011111111 6313 627250126346606 110000000011111111 626250126346606 19.12 16.68 9.60
0110000000011111111 6313 627250126346606 111100000000111111 627050126346606 19.12 16.68 9.60
0110000000011111111 6313 627250126346606 111000000001111111 627150126346606 19.12 16.68 9.60
0110000000011111111 6313 627250126346606 110000000011111111 627350126346606 19.12 16.68 9.60
0110000000011111111 6313 627250126346606 110000000011111111 627450126346606 19.12 16.68 9.60
0110000000011111111 6313 627250126346606 110000000111111111 627550126346606 19.12 16.68 9.60
0110000000011111111 6313 627250126346606 110000000111111111 627650126346606 19.12 16.68 9.60
0110000000011111111 6313 627250126346606 100000000111111111 627750126346606 19.12 14.59 6.90
0110000000011111111 6313 627250126346606 111000000011111111 627200126346606 19.12 16.68 9.60
0110000000011111111 6313 627250126346606 110000000011111111 627210126346606 19.12 16.68 9.60
0110000000011111111 6313 627250126346606 110000000011111111 627220126346606 19.12 16.68 9.60
0110000000011111111 6313 627250126346606 110000000011111111 627230126346606 19.12 16.68 9.60
0110000000011111111 6313 627250126346606 110000000011111111 627240126346606 19.12 16.68 9.60
0110000000011111111 6313 627250126346606 110000000001111111 627260126346606 19.12 16.68 9.60
0110000000011111111 6313 627250126346606 110000000001111111 627270126346606 19.12 16.68 9.60
0110000000011111111 6313 627250126346606 110000000011111111 627251126346606 19.12 16.68 9.60
0110000000011111111 6313 627250126346606 110000000011111111 627252126346606 19.12 16.68 9.60
0110000000011111111 6313 627250126346606 110000000011111111 627253126346606 19.12 16.68 9.60
0110000000011111111 6313 627250126346606 110000000011111111 627254126346606 19.12 16.68 9.60
0110000000011111111 6313 627250126346606 110000000011111111 627255126346606 19.12 16.68 9.60
0110000000011111111 6313 627250126346606 110000000011111111 627256126346606 19.12 16.68 9.60
0110000000011111111 6313 627250126346606 110000000011111111 627257126346606 19.12 16.68 9.60
0110000000011111111 6313 627250126346606 110000000011111111 627250026346606 19.12 16.68 9.60
0110000000011111111 6313 627250126346606 111000000000111111 627250226346606 19.12 16.68 9.60
0110000000011111111 6313 627250126346606 111000000000011111 627250326346606 19.12 16.68 12.20
0110000000011111111 6313 627250126346606 111000000000011111 627250426346606 19.12 16.68 12.20
0110000000011111111 6313 627250126346606 111000000000001111 627250526346606 19.12 16.68 12.20
0110000000011111111 6313 627250126346606 111000000000001111 627250626346606 19.12 16.68 12.20
0110000000011111111 6313 627250126346606 111000000000000111 627250726346606 19.12 16.68 12.20
0110000000011111111 6313 627250126346606 110000000011111111 627250106346606 19.12 16.68 9.60
0110000000011111111 6313 627250126346606 110000000011111111 627250116346606 19.12 16.68 9.60
0110000000011111111 6313 627250126346606 110000000011111111 627250136346606 19.12 16.68 9.60
0110000000011111111 6313 627250126346606 110000000011111111 627250146346606 19.12 16.68 9.60
0110000000011111111 6313 627250126346606 110000000011111111 627250156346606 19.12 16.68 9.60
0110000000011111111 6313 627250126346606 110000000011111111 627250166346606 19.12 16.68 9.60
0110000000011111111 6313 627250126346606 110000000011111111 627250176346606 19.12 16.68 9.60
0110000000011111111 6313 627250126346606 111111000000000111 627250120346606 19.12 16.68 9.60
0110000000011111111 6313 627250126346606 111100000000011111 627250121346606 19.12 16.68 9.60
0110000000011111111 6313 627250126346606 111000000000111111 627250122346606 19.12 16.68 9.60
0110000000011111111 6313 627250126346606 111000000000111111 627250123346606 19.12 16.68 9.60
0110000000011111111 6313 627250126346606 111000000001111111 627250124346606 19.12 16.68 9.60
0110000000011111111 6313 627250126346606 110000000001111111 627250125346606 19.12 16.68 9.60
0110000000011111111 6313 627250126346606 110000000011111111 627250127346606 19.12 16.68 9.60
0110000000011111111 6313 627250126346606 111100000000000111 627250126046606 19.12 16.68 12.20
0110000000011111111 6313 627250126346606 111000000000111111 627250126146606 19.12 16.68 9.60
0110000000011111111 6313 627250126346606 110000000001111111 627250126246606 19.12 16.68 9.60
0110000000011111111 6313 627250126346606 110000000011111111 627250126446606 19.12 16.68 9.60
0110000000011111111 6313 627250126346606 110000000011111111 627250126546606 19.12 16.68 9.60
0110000000011111111 6313 627250126346606 110000000011111111 627250126646606 19.12 16.68 9.60
0110000000011111111 6313 627250126346606 110000000011111111 627250126746606 19.12 16.68 9.60
0110000000011111111 6313 627250126346606 110000000000011111 627250126306606 19.12 16.68 12.20
0110000000011111111 6313 627250126346606 110000000000111111 627250126316606 19.12 16.68 12.20
0110000000011111111 6313 627250126346606 110000000001111111 627250126326606 19.12 16.68 9.60
0110000000011111111 6313 627250126346606 110000000001111111 627250126336606 19.12 16.68 9.60
0110000000011111111 6313 627250126346606 110000000011111111 627250126356606 19.12 16.68 9.60
0110000000011111111 6313 627250126346606 110000000011111111 627250126366606 19.12 16.68 9.60
0110000000011111111 6313 627250126346606 110000000011111111 627250126376606 19.12 16.68 9.60
0110000000011111111 6313 627250126346606 111100000000000000 627250126340606 19.12 12.51 6.90
0110000000011111111 6313 627250126346606 111000000000000000 627250126341606 19.12 12.51 6.90
0110000000011111111 6313 627250126346606 111000000000000000 627250126342606 19.12 12.51 6.90
0110000000011111111 6313 627250126346606 111000000000000111 627250126343606 19.12 16.68 12.20
0110000000011111111 6313 627250126346606 110000000000011111 627250126344606 19.12 16.68 12.20
0110000000011111111 6313 627250126346606 110000000000111111 627250126345606 19.12 16.68 12.20
0110000000011111111 6313 627250126346606 110000000011111111 627250126347606 19.12 16.68 9.60
0110000000011111111 6313 627250126346606 110000000000001111 627250126346006 19.12 16.68 12.20
0110000000011111111 6313 627250126346606 110000000000011111 627250126346106 19.12 16.68 12.20
0110000000011111111 6313 627250126346606 110000000000111111 627250126346206 19.12 16.68 12.20
0110000000011111111 6313 627250126346606 110000000001111111 627250126346306 19.12 16.68 9.60
0110000000011111111 6313 627250126346606 110000000001111111 627250126346406 19.12 16.68 9.60
0110000000011111111 6313 627250126346606 110000000001111111 627250126346506 19.12 16.68 9.60
0110000000011111111 6313 627250126346606 110000000011111111 627250126346706 19.12 16.68 9.60
0110000000011111111 6313 627250126346606 111000000000111111 627250126346616 19.12 16.68 9.60
0110000000011111111 6313 627250126346606 111000000000011111 627250126346626 19.12 16.68 12.20
0110000000011111111 6313 627250126346606 111000000000011111 627250126346636 19.12 16.68 12.20
0110000000011111111 6313 627250126346606 111000000000011111 627250126346646 19.12 16.68 12.20
0110000000011111111 6313 627250126346606 111100000000001111 627250126346656 19.12 16.68 12.20
0110000000011111111 6313 627250126346606 111100000000001111 627250126346666 19.12 16.68 12.20
0110000000011111111 6313 627250126346606 111100000000001111 627250126346676 19.12 16.68 12.20
0110000000011111111 6313 627250126346606 111111000000000111 627250126346600 19.12 16.68 9.60
0110000000011111111 6313 627250126346606 111100000000011111 627250126346601 19.12 16.68 9.60
0110000000011111111 6313 627250126346606 111000000000111111 627250126346602 19.12 16.68 9.60
0110000000011111111 6313 627250126346606 111000000000111111 627250126346603 19.12 16.68 9.60
0110000000011111111 6313 627250126346606 111000000001111111 627250126346604 19.12 16.68 9.60
0110000000011111111 6313 627250126346606 110000000001111111 627250126346605 19.12 16.68 9.60
0110000000011111111 6313 627250126346606 110000000011111111 627250126346607 19.12 16.68 9.60
0110000000011111111 7064 713157607767404 111000000011111111 013157607767404 19.12 16.68 9.60
0110000000011111111 7064 713157607767404 110000000011111111 113157607767404 19.12 16.68 9.60
0110000000011111111 7064 713157607767404 110000000011111111 213157607767404 19.12 16.68 9.60
0110000000011111111 7064 713157607767404 110000000011111111 313157607767404 19.12 16.68 9.60
0110000000011111111 7064 713157607767404 110000000011111111 413157607767404 19.12 16.68 9.60
0110000000011111111 7064 713157607767404 110000000011111111 513157607767404 19.12 16.68 9.60
0110000000011111111 7064 713157607767404 110000000011111111 613157607767404 19.12 16.68 9.60
0110000000011111111 7064 713157607767404 110000000111111111 703157607767404 19.12 16.68 9.60
0110000000011111111 7064 713157607767404 110000000011111111 723157607767404 19.12 16.68 9.60
0110000000011111111 7064 713157607767404 111000000001111111 733157607767404 19.12 16.68 9.60
0110000000011111111 7064 713157607767404 111000000001111111 743157607767404 19.12 16.68 9.60
0110000000011111111 7064 713157607767404 111000000001111111 753157607767404 19.12 16.68 9.60
0110000000011111111 7064 713157607767404 111100000000111111 763157607767404 19.12 16.68 9.60
0110000000011111111 7064 713157607767404 111100000000111111 773157607767404 19.12 16.68 9.60
0110000000011111111 7064 713157607767404 110000000000000000 710157607767404 19.12 12.51 6.90
0110000000011111111 7064 713157607767404 110000000001111111 711157607767404 19.12 16.68 9.60
0110000000011111111 7064 713157607767404 110000000011111111 712157607767404 19.12 16.68 9.60
0110000000011111111 7064 713157607767404 110000000011111111 714157607767404 19.12 16.68 9.60
0110000000011111111 7064 713157607767404 110000000011111111 715157607767404 19.12 16.68 9.60
0110000000011111111 7064 713157607767404 110000000011111111 716157607767404 19.12 16.68 9.60
0110000000011111111 7064 713157607767404 110000000011111111 717157607767404 19.12 16.68 9.60
0110000000011111111 7064 713157607767404 111000000001111111 713057607767404 19.12 16.68 9.60
0110000000011111111 7064 713157607767404 110000000111111111 713257607767404 19.12 16.68 9.60
0110000000011111111 7064 713157607767404 110000000111111111 713357607767404 19.12 16.68 9.60
0110000000011111111 7064 713157607767404 100000000111111111 713457607767404 19.12 14.59 6.90
0110000000011111111 7064 713157607767404 100000000111111111 713557607767404 19.12 14.59 6.90
0110000000011111111 7064 713157607767404 100000000111111111 713657607767404 19.12 14.59 6.90
0110000000011111111 7064 713157607767404 100000001111111111 713757607767404 19.12 14.59 9.60
0110000000011111111 7064 713157607767404 110000000111111111 713107607767404 19.12 16.68 9.60
0110000000011111111 7064 713157607767404 110000000111111111 713117607767404 19.12 16.68 9.60
0110000000011111111 7064 713157607767404 110000000011111111 713127607767404 19.12 16.68 9.60
0110000000011111111 7064 713157607767404 110000000011111111 713137607767404 19.12 16.68 9.60
0110000000011111111 7064 713157607767404 110000000011111111 713147607767404 19.12 16.68 9.60
0110000000011111111 7064 713157607767404 110000000011111111 713167607767404 19.12 16.68 9.60
0110000000011111111 7064 713157607767404 110000000011111111 713177607767404 19.12 16.68 9.60
0110000000011111111 7064 713157607767404 110000000011111111 713150607767404 19.12 16.68 9.60
0110000000011111111 7064 713157607767404 110000000011111111 713151607767404 19.12 16.68 9.60
0110000000011111111 7064 713157607767404 110000000011111111 713152607767404 19.12 16.68 9.60
0110000000011111111 7064 713157607767404 110000000011111111 713153607767404 19.12 16.68 9.60
0110000000011111111 7064 713157607767404 110000000011111111 713154607767404 19.12 16.68 9.60
0110000000011111111 7064 713157607767404 110000000011111111 713155607767404 19.12 16.68 9.60
0110000000011111111 7064 713157607767404 110000000011111111 713156607767404 19.12 16.68 9.60
0110000000011111111 7064 713157607767404 111111100000000000 713157007767404 19.12 12.51 6.90
0110000000011111111 7064 713157607767404 110000000000000000 713157107767404 19.12 12.51 6.90
0110000000011111111 7064 713157607767404 110000000000000000 713157207767404 19.12 12.51 6.90
0110000000011111111 7064 713157607767404 110000000001111111 713157307767404 19.12 16.68 9.60
0110000000011111111 7064 713157607767404 110000000011111111 713157407767404 19.12 16.68 9.60
0110000000011111111 7064 713157607767404 110000000011111111 713157507767404 19.12 16.68 9.60
0110000000011111111 7064 713157607767404 110000000011111111 713157707767404 19.12 16.68 9.60
0110000000011111111 7064 713157607767404 110000000011111111 713157617767404 19.12 16.68 9.60
0110000000011111111 7064 713157607767404 110000000011111111 713157627767404 19.12 16.68 9.60
0110000000011111111 7064 713157607767404 110000000011111111 713157637767404 19.12 16.68 9.60
0110000000011111111 7064 713157607767404 110000000011111111 713157647767404 19.12 16.68 9.60
0110000000011111111 7064 713157607767404 110000000011111111 713157657767404 19.12 16.68 9.60
0110000000011111111 7064 713157607767404 110000000011111111 713157667767404 19.12 16.68 9.60
0110000000011111111 7064 713157607767404 110000000011111111 713157677767404 19.12 16.68 9.60
0110000000011111111 7064 713157607767404 111111100000000111 713157600767404 19.12 16.68 9.60
0110000000011111111 7064 713157607767404 111110000000011111 713157601767404 19.12 16.68 9.60
0110000000011111111 7064 713157607767404 111100000000111111 713157602767404 19.12 16.68 9.60
0110000000011111111 7064 713157607767404 111000000001111111 713157603767404 19.12 16.68 9.60
0110000000011111111 7064 713157607767404 111000000001111111 713157604767404 19.12 16.68 9.60
0110000000011111111 7064 713157607767404 110000000011111111 713157605767404 19.12 16.68 9.60
0110000000011111111 7064 713157607767404 110000000011111111 713157606767404 19.12 16.68 9.60
0110000000011111111 7064 713157607767404 111111110000000000 713157607067404 19.12 12.51 6.90
0110000000011111111 7064 713157607767404 111110000000001111 713157607167404 19.12 16.68 9.60
0110000000011111111 7064 713157607767404 111100000000111111 713157607267404 19.12 16.68 9.60
0110000000011111111 7064 713157607767404 111000000000111111 713157607367404 19.12 16.68 9.60
0110000000011111111 7064 713157607767404 111000000001111111 713157607467404 19.12 16.68 9.60
0110000000011111111 7064 713157607767404 110000000011111111 713157607567404 19.12 16.68 9.60
0110000000011111111 7064 713157607767404 110000000011111111 713157607667404 19.12 16.68 9.60
0110000000011111111 7064 713157607767404 110000000000001111 713157607707404 19.12 16.68 12.20
0110000000011111111 7064 713157607767404 110000000000111111 713157607717404 19.12 16.68 12.20
0110000000011111111 7064 713157607767404 110000000001111111 713157607727404 19.12 16.68 9.60
0110000000011111111 7064 713157607767404 110000000001111111 713157607737404 19.12 16.68 9.60
0110000000011111111 7064 713157607767404 110000000011111111 713157607747404 19.12 16.68 9.60
0110000000011111111 7064 713157607767404 110000000011111111 713157607757404 19.12 16.68 9.60
0110000000011111111 7064 713157607767404 110000000011111111 713157607777404 19.12 16.68 9.60
0110000000011111111 7064 713157607767404 111110000000000000 713157607760404 19.12 12.51 6.90
0110000000011111111 7064 713157607767404 111100000000000000 713157607761404 19.12 12.51 6.90
0110000000011111111 7064 713157607767404 111000000000000000 713157607762404 19.12 12.51 6.90
0110000000011111111 7064 713157607767404 111000000000000011 713157607763404 19.12 16.68 12.20
0110000000011111111 7064 713157607767404 111000000000001111 713157607764404 19.12 16.68 12.20
0110000000011111111 7064 713157607767404 110000000000111111 713157607765404 19.12 16.68 12.20
0110000000011111111 7064 713157607767404 110000000001111111 713157607766404 19.12 16.68 9.60
0110000000011111111 7064 713157607767404 110000000000111111 713157607767004 19.12 16.68 12.20
0110000000011111111 7064 713157607767404 110000000001111111 713157607767104 19.12 16.68 9.60
0110000000011111111 7064 713157607767404 110000000001111111 713157607767204 19.12 16.68 9.60
0110000000011111111 7064 713157607767404 110000000011111111 713157607767304 19.12 16.68 9.60
0110000000011111111 7064 713157607767404 110000000011111111 713157607767504 19.12 16.68 9.60
0110000000011111111 7064 713157607767404 110000000111111111 713157607767604 19.12 16.68 9.60
0110000000011111111 7064 713157607767404 110000000111111111 713157607767704 19.12 16.68 9.60
0110000000011111111 7064 713157607767404 111000000001111111 713157607767414 19.12 16.68 9.60
0110000000011111111 7064 713157607767404 111000000000111111 713157607767424 19.12 16.68 9.60
0110000000011111111 7064 713157607767404 111100000000011111 713157607767434 19.12 16.68 9.60
0110000000011111111 7064 713157607767404 111110000000001111 713157607767444 19.12 16.68 9.60
0110000000011111111 7064 713157607767404 111110000000001111 713157607767454 19.12 16.68 9.60
0110000000011111111 7064 713157607767404 111111000000000111 713157607767464 19.12 16.68 9.60
0110000000011111111 7064 713157607767404 111111100000000111 713157607767474 19.12 16.68 9.60
0110000000011111111 7064 713157607767404 111110000000011111 713157607767400 19.12 16.68 9.60
0110000000011111111 7064 713157607767404 111100000000111111 713157607767401 19.12 16.68 9.60
0110000000011111111 7064 713157607767404 111000000001111111 713157607767402 19.12 16.68 9.60
0110000000011111111 7064 713157607767404 110000000011111111 713157607767403 19.12 16.68 9.60
0110000000011111111 7064 713157607767404 110000000011111111 713157607767405 19.12 16.68 9.60
0110000000011111111 7064 713157607767404 110000000111111111 713157607767406 19.12 16.68 9.60
0110000000011111111 7064 713157607767404 110000000111111111 713157607767407 19.12 16.68 9.60
0110000000011111111 7895 024761043555626 110000000001111111 124761043555626 19.12 16.68 9.60
0110000000011111111 7895 024761043555626 110000000001111111 224761043555626 19.12 16.68 9.60
0110000000011111111 7895 024761043555626 110000000001111111 324761043555626 19.12 16.68 9.60
0110000000011111111 7895 024761043555626 110000000011111111 424761043555626 19.12 16.68 9.60
0110000000011111111 7895 024761043555626 110000000011111111 524761043555626 19.12 16.68 9.60
0110000000011111111 7895 024761043555626 110000000011111111 624761043555626 19.12 16.68 9.60
0110000000011111111 7895 024761043555626 110000000011111111 724761043555626 19.12 16.68 9.60
0110000000011111111 7895 024761043555626 110000000011111111 004761043555626 19.12 16.68 9.60
0110000000011111111 7895 024761043555626 110000000011111111 014761043555626 19.12 16.68 9.60
0110000000011111111 7895 024761043555626 110000000001111111 034761043555626 19.12 16.68 9.60
0110000000011111111 7895 024761043555626 111000000001111111 044761043555626 19.12 16.68 9.60
0110000000011111111 7895 024761043555626 111000000001111111 054761043555626 19.12 16.68 9.60
0110000000011111111 7895 024761043555626 111000000001111111 064761043555626 19.12 16.68 9.60
0110000000011111111 7895 024761043555626 111000000001111111 074761043555626 19.12 16.68 9.60
0110000000011111111 7895 024761043555626 110000000001111111 020761043555626 19.12 16.68 9.60
0110000000011111111 7895 024761043555626 110000000001111111 021761043555626 19.12 16.68 9.60
0110000000011111111 7895 024761043555626 110000000001111111 022761043555626 19.12 16.68 9.60
0110000000011111111 7895 024761043555626 110000000001111111 023761043555626 19.12 16.68 9.60
0110000000011111111 7895 024761043555626 110000000011111111 025761043555626 19.12 16.68 9.60
0110000000011111111 7895 024761043555626 110000000011111111 026761043555626 19.12 16.68 9.60
0110000000011111111 7895 024761043555626 110000000011111111 027761043555626 19.12 16.68 9.60
0110000000011111111 7895 024761043555626 111110000000011111 024061043555626 19.12 16.68 9.60
0110000000011111111 7895 024761043555626 111100000000111111 024161043555626 19.12 16.68 9.60
0110000000011111111 7895 024761043555626 111000000001111111 024261043555626 19.12 16.68 9.60
0110000000011111111 7895 024761043555626 111000000001111111 024361043555626 19.12 16.68 9.60
0110000000011111111 7895 024761043555626 111000000001111111 024461043555626 19.12 16.68 9.60
0110000000011111111 7895 024761043555626 110000000001111111 024561043555626 19.12 16.68 9.60
0110000000011111111 7895 024761043555626 110000000001111111 024661043555626 19.12 16.68 9.60
0110000000011111111 7895 024761043555626 111000000111111111 024701043555626 19.12 16.68 12.20
0110000000011111111 7895 024761043555626 110000000011111111 024711043555626 19.12 16.68 9.60
0110000000011111111 7895 024761043555626 110000000011111111 024721043555626 19.12 16.68 9.60
0110000000011111111 7895 024761043555626 110000000011111111 024731043555626 19.12 16.68 9.60
0110000000011111111 7895 024761043555626 110000000011111111 024741043555626 19.12 16.68 9.60
0110000000011111111 7895 024761043555626 110000000011111111 024751043555626 19.12 16.68 9.60
0110000000011111111 7895 024761043555626 110000000001111111 024771043555626 19.12 16.68 9.60
0110000000011111111 7895 024761043555626 110000000001111111 024760043555626 19.12 16.68 9.60
0110000000011111111 7895 024761043555626 110000000011111111 024762043555626 19.12 16.68 9.60
0110000000011111111 7895 024761043555626 110000000011111111 024763043555626 19.12 16.68 9.60
0110000000011111111 7895 024761043555626 110000000011111111 024764043555626 19.12 16.68 9.60
0110000000011111111 7895 024761043555626 110000000011111111 024765043555626 19.12 16.68 9.60
0110000000011111111 7895 024761043555626 110000000111111111 024766043555626 19.12 16.68 9.60
0110000000011111111 7895 024761043555626 111000000111111111 024767043555626 19.12 16.68 12.20
0110000000011111111 7895 024761043555626 111000000000111111 024761143555626 19.12 16.68 9.60
0110000000011111111 7895 024761043555626 111100000000011111 024761243555626 19.12 16.68 9.60
0110000000011111111 7895 024761043555626 111110000000001111 024761343555626 19.12 16.68 9.60
0110000000011111111 7895 024761043555626 111110000000000111 024761443555626 19.12 16.68 12.20
0110000000011111111 7895 024761043555626 111111000000000011 024761543555626 19.12 16.68 12.20
0110000000011111111 7895 024761043555626 111111100000000001 024761643555626 19.12 14.59 9.60
0110000000011111111 7895 024761043555626 111111110000000000 024761743555626 19.12 12.51 6.90
0110000000011111111 7895 024761043555626 110000000011111111 024761003555626 19.12 16.68 9.60
0110000000011111111 7895 024761043555626 110000000011111111 024761013555626 19.12 16.68 9.60
0110000000011111111 7895 024761043555626 110000000011111111 024761023555626 19.12 16.68 9.60
0110000000011111111 7895 024761043555626 110000000011111111 024761033555626 19.12 16.68 9.60
0110000000011111111 7895 024761043555626 110000000011111111 024761053555626 19.12 16.68 9.60
0110000000011111111 7895 024761043555626 110000000011111111 024761063555626 19.12 16.68 9.60
0110000000011111111 7895 024761043555626 110000000011111111 024761073555626 19.12 16.68 9.60
0110000000011111111 7895 024761043555626 111110000000011111 024761040555626 19.12 16.68 9.60
0110000000011111111 7895 024761043555626 111100000000111111 024761041555626 19.12 16.68 9.60
0110000000011111111 7895 024761043555626 111000000001111111 024761042555626 19.12 16.68 9.60
0110000000011111111 7895 024761043555626 110000000011111111 024761044555626 19.12 16.68 9.60
0110000000011111111 7895 024761043555626 110000000011111111 024761045555626 19.12 16.68 9.60
0110000000011111111 7895 024761043555626 110000000011111111 024761046555626 19.12 16.68 9.60
0110000000011111111 7895 024761043555626 110000000011111111 024761047555626 19.12 16.68 9.60
0110000000011111111 7895 024761043555626 111111100000000011 024761043055626 19.12 16.68 9.60
0110000000011111111 7895 024761043555626 111100000000011111 024761043155626 19.12 16.68 9.60
0110000000011111111 7895 024761043555626 111000000000111111 024761043255626 19.12 16.68 9.60
0110000000011111111 7895 024761043555626 111000000001111111 024761043355626 19.12 16.68 9.60
0110000000011111111 7895 024761043555626 111000000001111111 024761043455626 19.12 16.68 9.60
0110000000011111111 7895 024761043555626 110000000011111111 024761043655626 19.12 16.68 9.60
0110000000011111111 7895 024761043555626 110000000011111111 024761043755626 19.12 16.68 9.60
0110000000011111111 7895 024761043555626 110000000000001111 024761043505626 19.12 16.68 12.20
0110000000011111111 7895 024761043555626 110000000000111111 024761043515626 19.12 16.68 12.20
0110000000011111111 7895 024761043555626 110000000000111111 024761043525626 19.12 16.68 12.20
0110000000011111111 7895 024761043555626 110000000001111111 024761043535626 19.12 16.68 9.60
0110000000011111111 7895 024761043555626 110000000001111111 024761043545626 19.12 16.68 9.60
0110000000011111111 7895 024761043555626 110000000011111111 024761043565626 19.12 16.68 9.60
0110000000011111111 7895 024761043555626 110000000011111111 024761043575626 19.12 16.68 9.60
0110000000011111111 7895 024761043555626 111110000000000000 024761043550626 19.12 12.51 6.90
0110000000011111111 7895 024761043555626 111100000000000000 024761043551626 19.12 12.51 6.90
0110000000011111111 7895 024761043555626 111000000000000011 024761043552626 19.12 16.68 12.20
0110000000011111111 7895 024761043555626 111000000000011111 024761043553626 19.12 16.68 12.20
0110000000011111111 7895 024761043555626 111000000000111111 024761043554626 19.12 16.68 9.60
0110000000011111111 7895 024761043555626 110000000011111111 024761043556626 19.12 16.68 9.60
0110000000011111111 7895 024761043555626 110000000111111111 024761043557626 19.12 16.68 9.60
0110000000011111111 7895 024761043555626 110000000000001111 024761043555026 19.12 16.68 12.20
0110000000011111111 7895 024761043555626 110000000000011111 024761043555126 19.12 16.68 12.20
0110000000011111111 7895 024761043555626 110000000000111111 024761043555226 19.12 16.68 12.20
0110000000011111111 7895 024761043555626 110000000000111111 024761043555326 19.12 16.68 12.20
0110000000011111111 7895 024761043555626 110000000001111111 024761043555426 19.12 16.68 9.60
0110000000011111111 7895 024761043555626 110000000001111111 024761043555526 19.12 16.68 9.60
0110000000011111111 7895 024761043555626 110000000011111111 024761043555726 19.12 16.68 9.60
0110000000011111111 7895 024761043555626 110000000011111111 024761043555606 19.12 16.68 9.60
0110000000011111111 7895 024761043555626 110000000011111111 024761043555616 19.12 16.68 9.60
0110000000011111111 7895 024761043555626 111000000001111111 024761043555636 19.12 16.68 9.60
0110000000011111111 7895 024761043555626 111000000001111111 024761043555646 19.12 16.68 9.60
0110000000011111111 7895 024761043555626 111000000001111111 024761043555656 19.12 16.68 9.60
0110000000011111111 7895 024761043555626 111000000000111111 024761043555666 19.12 16.68 9.60
0110000000011111111 7895 024761043555626 111100000000111111 024761043555676 19.12 16.68 9.60
0110000000011111111 7895 024761043555626 111111110000000011 024761043555620 19.12 16.68 9.60
0110000000011111111 7895 024761043555626 111110000000011111 024761043555621 19.12 16.68 9.60
0110000000011111111 7895 024761043555626 111100000000111111 024761043555622 19.12 16.68 9.60
0110000000011111111 7895 024761043555626 111000000001111111 024761043555623 19.12 16.68 9.60
0110000000011111111 7895 024761043555626 111000000001111111 024761043555624 19.12 16.68 9.60
0110000000011111111 7895 024761043555626 111000000001111111 024761043555625 19.12 16.68 9.60
0110000000011111111 7895 024761043555626 110000000011111111 024761043555627 19.12 16.68 9.60
0110000000011111111 8336 050335016647546 110000000000000000 150335016647546 19.12 12.51 6.90
0110000000011111111 8336 050335016647546 110000000000000000 250335016647546 19.12 12.51 6.90
0110000000011111111 8336 050335016647546 111000000000000000 350335016647546 19.12 12.51 6.90
0110000000011111111 8336 050335016647546 111000000000000000 450335016647546 19.12 12.51 6.90
0110000000011111111 8336 050335016647546 111000000000000000 550335016647546 19.12 12.51 6.90
0110000000011111111 8336 050335016647546 111000000000000000 650335016647546 19.12 12.51 6.90
0110000000011111111 8336 050335016647546 111110000000000000 750335016647546 19.12 12.51 6.90
0110000000011111111 8336 050335016647546 110000000111111111 000335016647546 19.12 16.68 9.60
0110000000011111111 8336 050335016647546 110000000011111111 010335016647546 19.12 16.68 9.60
0110000000011111111 8336 050335016647546 110000000011111111 020335016647546 19.12 16.68 9.60
0110000000011111111 8336 050335016647546 110000000011111111 030335016647546 19.12 16.68 9.60
0110000000011111111 8336 050335016647546 110000000011111111 040335016647546 19.12 16.68 9.60
0110000000011111111 8336 050335016647546 111000000011111111 060335016647546 19.12 16.68 9.60
0110000000011111111 8336 050335016647546 111000000011111111 070335016647546 19.12 16.68 9.60
0110000000011111111 8336 050335016647546 110000000111111111 051335016647546 19.12 16.68 9.60
0110000000011111111 8336 050335016647546 110000000111111111 052335016647546 19.12 16.68 9.60
0110000000011111111 8336 050335016647546 110000000111111111 053335016647546 19.12 16.68 9.60
0110000000011111111 8336 050335016647546 110000000111111111 054335016647546 19.12 16.68 9.60
0110000000011111111 8336 050335016647546 110000000111111111 055335016647546 19.12 16.68 9.60
0110000000011111111 8336 050335016647546 110000000111111111 056335016647546 19.12 16.68 9.60
0110000000011111111 8336 050335016647546 111000000111111111 057335016647546 19.12 16.68 12.20
0110000000011111111 8336 050335016647546 111100000000111111 050035016647546 19.12 16.68 9.60
0110000000011111111 8336 050335016647546 111000000001111111 050135016647546 19.12 16.68 9.60
0110000000011111111 8336 050335016647546 111000000011111111 050235016647546 19.12 16.68 9.60
0110000000011111111 8336 050335016647546 110000000011111111 050435016647546 19.12 16.68 9.60
0110000000011111111 8336 050335016647546 110000000011111111 050535016647546 19.12 16.68 9.60
0110000000011111111 8336 050335016647546 110000000011111111 050635016647546 19.12 16.68 9.60
0110000000011111111 8336 050335016647546 110000000011111111 050735016647546 19.12 16.68 9.60
0110000000011111111 8336 050335016647546 111000000011111111 050305016647546 19.12 16.68 9.60
0110000000011111111 8336 050335016647546 111000000011111111 050315016647546 19.12 16.68 9.60
0110000000011111111 8336 050335016647546 110000000011111111 050325016647546 19.12 16.68 9.60
0110000000011111111 8336 050335016647546 110000000011111111 050345016647546 19.12 16.68 9.60
0110000000011111111 8336 050335016647546 110000000011111111 050355016647546 19.12 16.68 9.60
0110000000011111111 8336 050335016647546 110000000011111111 050365016647546 19.12 16.68 9.60
0110000000011111111 8336 050335016647546 110000000011111111 050375016647546 19.12 16.68 9.60
0110000000011111111 8336 050335016647546 110000000011111111 050330016647546 19.12 16.68 9.60
0110000000011111111 8336 050335016647546 110000000011111111 050331016647546 19.12 16.68 9.60
0110000000011111111 8336 050335016647546 110000000011111111 050332016647546 19.12 16.68 9.60
0110000000011111111 8336 050335016647546 110000000011111111 050333016647546 19.12 16.68 9.60
0110000000011111111 8336 050335016647546 110000000011111111 050334016647546 19.12 16.68 9.60
0110000000011111111 8336 050335016647546 111000000000111111 050336016647546 19.12 16.68 9.60
0110000000011111111 8336 050335016647546 111000000000000000 050337016647546 19.12 12.51 6.90
0110000000011111111 8336 050335016647546 111000000011111111 050335116647546 19.12 16.68 9.60
0110000000011111111 8336 050335016647546 111000000001111111 050335216647546 19.12 16.68 9.60
0110000000011111111 8336 050335016647546 111000000000111111 050335316647546 19.12 16.68 9.60
0110000000011111111 8336 050335016647546 111100000000111111 050335416647546 19.12 16.68 9.60
0110000000011111111 8336 050335016647546 111100000000011111 050335516647546 19.12 16.68 9.60
0110000000011111111 8336 050335016647546 111110000000011111 050335616647546 19.12 16.68 9.60
0110000000011111111 8336 050335016647546 111110000000001111 050335716647546 19.12 16.68 9.60
0110000000011111111 8336 050335016647546 110000000011111111 050335006647546 19.12 16.68 9.60
0110000000011111111 8336 050335016647546 110000000011111111 050335026647546 19.12 16.68 9.60
0110000000011111111 8336 050335016647546 110000000011111111 050335036647546 19.12 16.68 9.60
0110000000011111111 8336 050335016647546 110000000011111111 050335046647546 19.12 16.68 9.60
0110000000011111111 8336 050335016647546 110000000011111111 050335056647546 19.12 16.68 9.60
0110000000011111111 8336 050335016647546 110000000011111111 050335066647546 19.12 16.68 9.60
0110000000011111111 8336 050335016647546 110000000011111111 050335076647546 19.12 16.68 9.60
0110000000011111111 8336 050335016647546 111111100000001111 050335010647546 19.12 16.68 9.60
0110000000011111111 8336 050335016647546 111110000000111111 050335011647546 19.12 16.68 9.60
0110000000011111111 8336 050335016647546 111100000001111111 050335012647546 19.12 16.68 9.60
0110000000011111111 8336 050335016647546 111000000001111111 050335013647546 19.12 16.68 9.60
0110000000011111111 8336 050335016647546 111000000001111111 050335014647546 19.12 16.68 9.60
0110000000011111111 8336 050335016647546 111000000011111111 050335015647546 19.12 16.68 9.60
0110000000011111111 8336 050335016647546 110000000011111111 050335017647546 19.12 16.68 9.60
0110000000011111111 8336 050335016647546 111110000000011111 050335016047546 19.12 16.68 9.60
0110000000011111111 8336 050335016647546 111100000001111111 050335016147546 19.12 16.68 9.60
0110000000011111111 8336 050335016647546 111000000011111111 050335016247546 19.12 16.68 9.60
0110000000011111111 8336 050335016647546 111000000011111111 050335016347546 19.12 16.68 9.60
0110000000011111111 8336 050335016647546 111000000011111111 050335016447546 19.12 16.68 9.60
0110000000011111111 8336 050335016647546 110000000011111111 050335016547546 19.12 16.68 9.60
0110000000011111111 8336 050335016647546 110000000011111111 050335016747546 19.12 16.68 9.60
0110000000011111111 8336 050335016647546 110000000000000111 050335016607546 19.12 16.68 12.20
0110000000011111111 8336 050335016647546 110000000000111111 050335016617546 19.12 16.68 12.20
0110000000011111111 8336 050335016647546 110000000001111111 050335016627546 19.12 16.68 9.60
0110000000011111111 8336 050335016647546 110000000001111111 050335016637546 19.12 16.68 9.60
0110000000011111111 8336 050335016647546 110000000011111111 050335016657546 19.12 16.68 9.60
0110000000011111111 8336 050335016647546 111000000011111111 050335016667546 19.12 16.68 9.60
0110000000011111111 8336 050335016647546 111000000011111111 050335016677546 19.12 16.68 9.60
0110000000011111111 8336 050335016647546 111111111111111111 050335016640546 19.12 4.17 4.30
0110000000011111111 8336 050335016647546 111111111111111111 050335016641546 19.12 4.17 4.30
0110000000011111111 8336 050335016647546 111100000000000111 050335016642546 19.12 16.68 12.20
0110000000011111111 8336 050335016647546 111000000000001111 050335016643546 19.12 16.68 12.20
0110000000011111111 8336 050335016647546 111000000000111111 050335016644546 19.12 16.68 9.60
0110000000011111111 8336 050335016647546 111000000001111111 050335016645546 19.12 16.68 9.60
0110000000011111111 8336 050335016647546 111000000001111111 050335016646546 19.12 16.68 9.60
0110000000011111111 8336 050335016647546 110000000000001111 050335016647046 19.12 16.68 12.20
0110000000011111111 8336 050335016647546 110000000000111111 050335016647146 19.12 16.68 12.20
0110000000011111111 8336 050335016647546 110000000001111111 050335016647246 19.12 16.68 9.60
0110000000011111111 8336 050335016647546 110000000001111111 050335016647346 19.12 16.68 9.60
0110000000011111111 8336 050335016647546 110000000011111111 050335016647446 19.12 16.68 9.60
0110000000011111111 8336 050335016647546 110000000011111111 050335016647646 19.12 16.68 9.60
0110000000011111111 8336 050335016647546 110000000011111111 050335016647746 19.12 16.68 9.60
0110000000011111111 8336 050335016647546 111000000000000000 050335016647506 19.12 12.51 6.90
0110000000011111111 8336 050335016647546 110000000000000000 050335016647516 19.12 12.51 6.90
0110000000011111111 8336 050335016647546 110000000000000011 050335016647526 19.12 16.68 12.20
0110000000011111111 8336 050335016647546 110000000001111111 050335016647536 19.12 16.68 9.60
0110000000011111111 8336 050335016647546 110000000011111111 050335016647556 19.12 16.68 9.60
0110000000011111111 8336 050335016647546 111000000011111111 050335016647566 19.12 16.68 9.60
0110000000011111111 8336 050335016647546 111000000011111111 050335016647576 19.12 16.68 9.60
0110000000011111111 8336 050335016647546 111111100000001111 050335016647540 19.12 16.68 9.60
0110000000011111111 8336 050335016647546 111110000000111111 050335016647541 19.12 16.68 9.60
0110000000011111111 8336 050335016647546 111100000001111111 050335016647542 19.12 16.68 9.60
0110000000011111111 8336 050335016647546 111000000001111111 050335016647543 19.12 16.68 9.60
0110000000011111111 8336 050335016647546 111000000001111111 050335016647544 19.12 16.68 9.60
0110000000011111111 8336 050335016647546 111000000011111111 050335016647545 19.12 16.68 9.60
0110000000011111111 8336 050335016647546 110000000011111111 050335016647547 19.12 16.68 9.60
