ParentPhenotype line ParentGenotype MutantPhenotype MutantGenotype KC_col1 KC_col4 Conditional_Complexity
0111000000000000000 15 122657054704264 111000000000000000 022657054704264 14.87 12.51 8.50
0111000000000000000 15 122657054704264 111000000000000000 222657054704264 14.87 12.51 8.50
0111000000000000000 15 122657054704264 111000000000000000 322657054704264 14.87 12.51 8.50
0111000000000000000 15 122657054704264 111100000000000000 422657054704264 14.87 12.51 8.50
0111000000000000000 15 122657054704264 111111111100000000 522657054704264 14.87 12.51 13.80
0111000000000000000 15 122657054704264 111111111111111000 622657054704264 14.87 12.51 13.80
0111000000000000000 15 122657054704264 111111111111111100 722657054704264 14.87 12.51 13.80
0111000000000000000 15 122657054704264 111000000000000000 102657054704264 14.87 12.51 8.50
0111000000000000000 15 122657054704264 111000000000000000 112657054704264 14.87 12.51 8.50
0111000000000000000 15 122657054704264 111000000000000000 132657054704264 14.87 12.51 8.50
0111000000000000000 15 122657054704264 111000000000000000 142657054704264 14.87 12.51 8.50
0111000000000000000 15 122657054704264 111000000000000000 152657054704264 14.87 12.51 8.50
0111000000000000000 15 122657054704264 111100000000000000 162657054704264 14.87 12.51 8.50
0111000000000000000 15 122657054704264 111100000000000000 172657054704264 14.87 12.51 8.50
0111000000000000000 15 122657054704264 111111110000000000 120657054704264 14.87 12.51 13.80
0111000000000000000 15 122657054704264 111000000000000000 121657054704264 14.87 12.51 8.50
0111000000000000000 15 122657054704264 111000000000000000 123657054704264 14.87 12.51 8.50
0111000000000000000 15 122657054704264 111000000000000000 124657054704264 14.87 12.51 8.50
0111000000000000000 15 122657054704264 111000000000000000 125657054704264 14.87 12.51 8.50
0111000000000000000 15 122657054704264 111000000000000000 126657054704264 14.87 12.51 8.50
0111000000000000000 15 122657054704264 111000000000000000 127657054704264 14.87 12.51 8.50
0111000000000000000 15 122657054704264 111110000000000000 122057054704264 14.87 12.51 13.80
0111000000000000000 15 122657054704264 111100000000000000 122157054704264 14.87 12.51 8.50
0111000000000000000 15 122657054704264 111100000000000000 122257054704264 14.87 12.51 8.50
0111000000000000000 15 122657054704264 111000000000000000 122357054704264 14.87 12.51 8.50
0111000000000000000 15 122657054704264 111000000000000000 122457054704264 14.87 12.51 8.50
0111000000000000000 15 122657054704264 111000000000000000 122557054704264 14.87 12.51 8.50
0111000000000000000 15 122657054704264 111000000000000000 122757054704264 14.87 12.51 8.50
0111000000000000000 15 122657054704264 111100000000000000 122607054704264 14.87 12.51 8.50
0111000000000000000 15 122657054704264 111000000000000000 122617054704264 14.87 12.51 8.50
0111000000000000000 15 122657054704264 111000000000000000 122627054704264 14.87 12.51 8.50
0111000000000000000 15 122657054704264 111000000000000000 122637054704264 14.87 12.51 8.50
0111000000000000000 15 122657054704264 111000000000000000 122647054704264 14.87 12.51 8.50
0111000000000000000 15 122657054704264 111000000000000000 122667054704264 14.87 12.51 8.50
0111000000000000000 15 122657054704264 111000000000000000 122677054704264 14.87 12.51 8.50
0111000000000000000 15 122657054704264 111000000000000000 122650054704264 14.87 12.51 8.50
0111000000000000000 15 122657054704264 111000000000000000 122651054704264 14.87 12.51 8.50
0111000000000000000 15 122657054704264 111000000000000000 122652054704264 14.87 12.51 8.50
0111000000000000000 15 122657054704264 111000000000000000 122653054704264 14.87 12.51 8.50
0111000000000000000 15 122657054704264 111000000000000000 122654054704264 14.87 12.51 8.50
0111000000000000000 15 122657054704264 111000000000000000 122655054704264 14.87 12.51 8.50
0111000000000000000 15 122657054704264 111000000000000000 122656054704264 14.87 12.51 8.50
0111000000000000000 15 122657054704264 111100000000000000 122657154704264 14.87 12.51 8.50
0111000000000000000 15 122657054704264 111110000000000000 122657254704264 14.87 12.51 13.80
0111000000000000000 15 122657054704264 111111000000000000 122657354704264 14.87 12.51 13.80
0111000000000000000 15 122657054704264 111111000000000000 122657454704264 14.87 12.51 13.80
0111000000000000000 15 122657054704264 111111100000000000 122657554704264 14.87 12.51 13.80
0111000000000000000 15 122657054704264 111111110000000000 122657654704264 14.87 12.51 13.80
0111000000000000000 15 122657054704264 111111110000000000 122657754704264 14.87 12.51 13.80
0111000000000000000 15 122657054704264 111000000000000000 122657004704264 14.87 12.51 8.50
0111000000000000000 15 122657054704264 111000000000000000 122657014704264 14.87 12.51 8.50
0111000000000000000 15 122657054704264 111000000000000000 122657024704264 14.87 12.51 8.50
0111000000000000000 15 122657054704264 111000000000000000 122657034704264 14.87 12.51 8.50
0111000000000000000 15 122657054704264 111000000000000000 122657044704264 14.87 12.51 8.50
0111000000000000000 15 122657054704264 111000000000000000 122657064704264 14.87 12.51 8.50
0111000000000000000 15 122657054704264 111000000000000000 122657074704264 14.87 12.51 8.50
0111000000000000000 15 122657054704264 111111100000000000 122657050704264 14.87 12.51 13.80
0111000000000000000 15 122657054704264 111110000000000000 122657051704264 14.87 12.51 13.80
0111000000000000000 15 122657054704264 111100000000000000 122657052704264 14.87 12.51 8.50
0111000000000000000 15 122657054704264 111000000000000000 122657053704264 14.87 12.51 8.50
0111000000000000000 15 122657054704264 111000000000000000 122657055704264 14.87 12.51 8.50
0111000000000000000 15 122657054704264 111100000000000000 122657056704264 14.87 12.51 8.50
0111000000000000000 15 122657054704264 111111111100000000 122657057704264 14.87 12.51 13.80
0111000000000000000 15 122657054704264 111111111000000000 122657054004264 14.87 12.51 13.80
0111000000000000000 15 122657054704264 111111000000000000 122657054104264 14.87 12.51 13.80
0111000000000000000 15 122657054704264 111110000000000000 122657054204264 14.87 12.51 13.80
0111000000000000000 15 122657054704264 111100000000000000 122657054304264 14.87 12.51 8.50
0111000000000000000 15 122657054704264 111100000000000000 122657054404264 14.87 12.51 8.50
0111000000000000000 15 122657054704264 111000000000000000 122657054504264 14.87 12.51 8.50
0111000000000000000 15 122657054704264 111000000000000000 122657054604264 14.87 12.51 8.50
0111000000000000000 15 122657054704264 111000000000000001 122657054714264 14.87 14.59 11.10
0111000000000000000 15 122657054704264 111000000000000011 122657054724264 14.87 16.68 13.80
0111000000000000000 15 122657054704264 111000000000000111 122657054734264 14.87 16.68 13.80
0111000000000000000 15 122657054704264 111100000000000111 122657054744264 14.87 16.68 13.80
0111000000000000000 15 122657054704264 111100000000001111 122657054754264 14.87 16.68 13.80
0111000000000000000 15 122657054704264 111100000000001111 122657054764264 14.87 16.68 13.80
0111000000000000000 15 122657054704264 111100000000001111 122657054774264 14.87 16.68 13.80
0111000000000000000 15 122657054704264 111111111111111111 122657054700264 14.87 4.17 8.50
0111000000000000000 15 122657054704264 111111111111111111 122657054701264 14.87 4.17 8.50
0111000000000000000 15 122657054704264 111111111111111111 122657054702264 14.87 4.17 8.50
0111000000000000000 15 122657054704264 111100000000000000 122657054703264 14.87 12.51 8.50
0111000000000000000 15 122657054704264 111000000000000000 122657054705264 14.87 12.51 8.50
0111000000000000000 15 122657054704264 111000000000000000 122657054706264 14.87 12.51 8.50
0111000000000000000 15 122657054704264 110000000000000000 122657054707264 14.87 12.51 11.10
0111000000000000000 15 122657054704264 111000000000000000 122657054704064 14.87 12.51 8.50
0111000000000000000 15 122657054704264 111000000000000000 122657054704164 14.87 12.51 8.50
0111000000000000000 15 122657054704264 111000000000000000 122657054704364 14.87 12.51 8.50
0111000000000000000 15 122657054704264 111000000000000000 122657054704464 14.87 12.51 8.50
0111000000000000000 15 122657054704264 111000000000000001 122657054704564 14.87 14.59 11.10
0111000000000000000 15 122657054704264 111000000000000011 122657054704664 14.87 16.68 13.80
0111000000000000000 15 122657054704264 111000000000000011 122657054704764 14.87 16.68 13.80
0111000000000000000 15 122657054704264 111111111111111110 122657054704204 14.87 10.42 11.10
0111000000000000000 15 122657054704264 111111111111111100 122657054704214 14.87 12.51 13.80
0111000000000000000 15 122657054704264 111111111111110000 122657054704224 14.87 12.51 13.80
0111000000000000000 15 122657054704264 111111111110000000 122657054704234 14.87 12.51 13.80
0111000000000000000 15 122657054704264 111100000000000000 122657054704244 14.87 12.51 8.50
0111000000000000000 15 122657054704264 111000000000000000 122657054704254 14.87 12.51 8.50
0111000000000000000 15 122657054704264 111000000000000000 122657054704274 14.87 12.51 8.50
0111000000000000000 15 122657054704264 111111100000000000 122657054704260 14.87 12.51 13.80
0111000000000000000 15 122657054704264 111110000000000000 122657054704261 14.87 12.51 13.80
0111000000000000000 15 122657054704264 111100000000000000 122657054704262 14.87 12.51 8.50
0111000000000000000 15 122657054704264 111000000000000000 122657054704263 14.87 12.51 8.50
0111000000000000000 15 122657054704264 111000000000000000 122657054704265 14.87 12.51 8.50
0111000000000000000 15 122657054704264 111100000000000000 122657054704266 14.87 12.51 8.50
0111000000000000000 15 122657054704264 111111111100000000 122657054704267 14.87 12.51 13.80
0111000000000000000 78 720052007502266 111100000000000000 020052007502266 14.87 12.51 8.50
0111000000000000000 78 720052007502266 111100000000000000 120052007502266 14.87 12.51 8.50
0111000000000000000 78 720052007502266 111100000000000000 220052007502266 14.87 12.51 8.50
0111000000000000000 78 720052007502266 111100000000000000 320052007502266 14.87 12.51 8.50
0111000000000000000 78 720052007502266 111000000000000000 420052007502266 14.87 12.51 8.50
0111000000000000000 78 720052007502266 111000000000000000 520052007502266 14.87 12.51 8.50
0111000000000000000 78 720052007502266 111000000000000000 620052007502266 14.87 12.51 8.50
0111000000000000000 78 720052007502266 111111111111111111 700052007502266 14.87 4.17 8.50
0111000000000000000 78 720052007502266 111110000000000000 710052007502266 14.87 12.51 13.80
0111000000000000000 78 720052007502266 111100000000000000 730052007502266 14.87 12.51 8.50
0111000000000000000 78 720052007502266 111100000000000000 740052007502266 14.87 12.51 8.50
0111000000000000000 78 720052007502266 111100000000000000 750052007502266 14.87 12.51 8.50
0111000000000000000 78 720052007502266 111110000000000000 760052007502266 14.87 12.51 13.80
0111000000000000000 78 720052007502266 111110000000000000 770052007502266 14.87 12.51 13.80
0111000000000000000 78 720052007502266 111100000000000000 721052007502266 14.87 12.51 8.50
0111000000000000000 78 720052007502266 111100000000000000 722052007502266 14.87 12.51 8.50
0111000000000000000 78 720052007502266 111100000000000000 723052007502266 14.87 12.51 8.50
0111000000000000000 78 720052007502266 111100000000000000 724052007502266 14.87 12.51 8.50
0111000000000000000 78 720052007502266 111100000000000000 725052007502266 14.87 12.51 8.50
0111000000000000000 78 720052007502266 111100000000000000 726052007502266 14.87 12.51 8.50
0111000000000000000 78 720052007502266 111100000000000000 727052007502266 14.87 12.51 8.50
0111000000000000000 78 720052007502266 111111111111111111 720152007502266 14.87 4.17 8.50
0111000000000000000 78 720052007502266 111111111111111111 720252007502266 14.87 4.17 8.50
0111000000000000000 78 720052007502266 111111111111111111 720352007502266 14.87 4.17 8.50
0111000000000000000 78 720052007502266 111111111111111111 720452007502266 14.87 4.17 8.50
0111000000000000000 78 720052007502266 111111111111111111 720552007502266 14.87 4.17 8.50
0111000000000000000 78 720052007502266 111111111111111111 720652007502266 14.87 4.17 8.50
0111000000000000000 78 720052007502266 111111111111111111 720752007502266 14.87 4.17 8.50
0111000000000000000 78 720052007502266 111100000000000000 720002007502266 14.87 12.51 8.50
0111000000000000000 78 720052007502266 111100000000000000 720012007502266 14.87 12.51 8.50
0111000000000000000 78 720052007502266 111100000000000000 720022007502266 14.87 12.51 8.50
0111000000000000000 78 720052007502266 111100000000000000 720032007502266 14.87 12.51 8.50
0111000000000000000 78 720052007502266 111000000000000000 720042007502266 14.87 12.51 8.50
0111000000000000000 78 720052007502266 111000000000000000 720062007502266 14.87 12.51 8.50
0111000000000000000 78 720052007502266 111000000000000000 720072007502266 14.87 12.51 8.50
0111000000000000000 78 720052007502266 111000000000000000 720050007502266 14.87 12.51 8.50
0111000000000000000 78 720052007502266 111000000000000000 720051007502266 14.87 12.51 8.50
0111000000000000000 78 720052007502266 111100000000000000 720053007502266 14.87 12.51 8.50
0111000000000000000 78 720052007502266 111111111111111111 720054007502266 14.87 4.17 8.50
0111000000000000000 78 720052007502266 111111111111111111 720055007502266 14.87 4.17 8.50
0111000000000000000 78 720052007502266 111111111111111111 720056007502266 14.87 4.17 8.50
0111000000000000000 78 720052007502266 111111111111111111 720057007502266 14.87 4.17 8.50
0111000000000000000 78 720052007502266 111100000000000000 720052107502266 14.87 12.51 8.50
0111000000000000000 78 720052007502266 111110000000000000 720052207502266 14.87 12.51 13.80
0111000000000000000 78 720052007502266 111111000000000000 720052307502266 14.87 12.51 13.80
0111000000000000000 78 720052007502266 111111000000000000 720052407502266 14.87 12.51 13.80
0111000000000000000 78 720052007502266 111111100000000000 720052507502266 14.87 12.51 13.80
0111000000000000000 78 720052007502266 111111110000000000 720052607502266 14.87 12.51 13.80
0111000000000000000 78 720052007502266 111111110000000000 720052707502266 14.87 12.51 13.80
0111000000000000000 78 720052007502266 111000000000000000 720052017502266 14.87 12.51 8.50
0111000000000000000 78 720052007502266 111000000000000000 720052027502266 14.87 12.51 8.50
0111000000000000000 78 720052007502266 111000000000000000 720052037502266 14.87 12.51 8.50
0111000000000000000 78 720052007502266 111000000000000000 720052047502266 14.87 12.51 8.50
0111000000000000000 78 720052007502266 111000000000000000 720052057502266 14.87 12.51 8.50
0111000000000000000 78 720052007502266 111000000000000000 720052067502266 14.87 12.51 8.50
0111000000000000000 78 720052007502266 111000000000000000 720052077502266 14.87 12.51 8.50
0111000000000000000 78 720052007502266 111111111100000000 720052000502266 14.87 12.51 13.80
0111000000000000000 78 720052007502266 111111100000000000 720052001502266 14.87 12.51 13.80
0111000000000000000 78 720052007502266 111111000000000000 720052002502266 14.87 12.51 13.80
0111000000000000000 78 720052007502266 111110000000000000 720052003502266 14.87 12.51 13.80
0111000000000000000 78 720052007502266 111100000000000000 720052004502266 14.87 12.51 8.50
0111000000000000000 78 720052007502266 111100000000000000 720052005502266 14.87 12.51 8.50
0111000000000000000 78 720052007502266 111100000000000000 720052006502266 14.87 12.51 8.50
0111000000000000000 78 720052007502266 111111110000000000 720052007002266 14.87 12.51 13.80
0111000000000000000 78 720052007502266 111110000000000000 720052007102266 14.87 12.51 13.80
0111000000000000000 78 720052007502266 111100000000000000 720052007202266 14.87 12.51 8.50
0111000000000000000 78 720052007502266 111100000000000000 720052007302266 14.87 12.51 8.50
0111000000000000000 78 720052007502266 111100000000000000 720052007402266 14.87 12.51 8.50
0111000000000000000 78 720052007502266 111000000000000000 720052007602266 14.87 12.51 8.50
0111000000000000000 78 720052007502266 111111111111111111 720052007702266 14.87 4.17 8.50
0111000000000000000 78 720052007502266 111100000000000000 720052007512266 14.87 12.51 8.50
0111000000000000000 78 720052007502266 111100000000000000 720052007522266 14.87 12.51 8.50
0111000000000000000 78 720052007502266 111100000000000000 720052007532266 14.87 12.51 8.50
0111000000000000000 78 720052007502266 111100000000000000 720052007542266 14.87 12.51 8.50
0111000000000000000 78 720052007502266 111100000000000000 720052007552266 14.87 12.51 8.50
0111000000000000000 78 720052007502266 111100000000000000 720052007562266 14.87 12.51 8.50
0111000000000000000 78 720052007502266 111110000000000000 720052007572266 14.87 12.51 13.80
0111000000000000000 78 720052007502266 111111111111111111 720052007500266 14.87 4.17 8.50
0111000000000000000 78 720052007502266 111111111111111111 720052007501266 14.87 4.17 8.50
0111000000000000000 78 720052007502266 111000000000000000 720052007503266 14.87 12.51 8.50
0111000000000000000 78 720052007502266 111000000000000000 720052007504266 14.87 12.51 8.50
0111000000000000000 78 720052007502266 111000000000000000 720052007505266 14.87 12.51 8.50
0111000000000000000 78 720052007502266 111000000000000000 720052007506266 14.87 12.51 8.50
0111000000000000000 78 720052007502266 111000000000000000 720052007507266 14.87 12.51 8.50
0111000000000000000 78 720052007502266 111000000000000000 720052007502066 14.87 12.51 8.50
0111000000000000000 78 720052007502266 111000000000000000 720052007502166 14.87 12.51 8.50
0111000000000000000 78 720052007502266 111000000000000000 720052007502366 14.87 12.51 8.50
0111000000000000000 78 720052007502266 111000000000000000 720052007502466 14.87 12.51 8.50
0111000000000000000 78 720052007502266 111000000000000000 720052007502566 14.87 12.51 8.50
0111000000000000000 78 720052007502266 111000000000000000 720052007502666 14.87 12.51 8.50
0111000000000000000 78 720052007502266 111000000000000000 720052007502766 14.87 12.51 8.50
0111000000000000000 78 720052007502266 111111111111111111 720052007502206 14.87 4.17 8.50
0111000000000000000 78 720052007502266 111111111111111111 720052007502216 14.87 4.17 8.50
0111000000000000000 78 720052007502266 111111111111111111 720052007502226 14.87 4.17 8.50
0111000000000000000 78 720052007502266 111111111111111111 720052007502236 14.87 4.17 8.50
0111000000000000000 78 720052007502266 111111111111111111 720052007502246 14.87 4.17 8.50
0111000000000000000 78 720052007502266 111100000000000000 720052007502256 14.87 12.51 8.50
0111000000000000000 78 720052007502266 111100000000000000 720052007502276 14.87 12.51 8.50
0111000000000000000 78 720052007502266 111111111000000000 720052007502260 14.87 12.51 13.80
0111000000000000000 78 720052007502266 111111000000000000 720052007502261 14.87 12.51 13.80
0111000000000000000 78 720052007502266 111110000000000000 720052007502262 14.87 12.51 13.80
0111000000000000000 78 720052007502266 111110000000000000 720052007502263 14.87 12.51 13.80
0111000000000000000 78 720052007502266 111100000000000000 720052007502264 14.87 12.51 8.50
0111000000000000000 78 720052007502266 111100000000000000 720052007502265 14.87 12.51 8.50
0111000000000000000 78 720052007502266 111000000000000000 720052007502267 14.87 12.51 8.50
0111000000000000000 280 601742113174002 111111000000000000 001742113174002 14.87 12.51 13.80
0111000000000000000 280 601742113174002 111111000000000000 101742113174002 14.87 12.51 13.80
0111000000000000000 280 601742113174002 111110000000000000 201742113174002 14.87 12.51 13.80
0111000000000000000 280 601742113174002 111100000000000000 301742113174002 14.87 12.51 8.50
0111000000000000000 280 601742113174002 111100000000000000 401742113174002 14.87 12.51 8.50
0111000000000000000 280 601742113174002 111100000000000000 501742113174002 14.87 12.51 8.50
0111000000000000000 280 601742113174002 111000000000000000 701742113174002 14.87 12.51 8.50
0111000000000000000 280 601742113174002 111100000000000000 611742113174002 14.87 12.51 8.50
0111000000000000000 280 601742113174002 111110000000000000 621742113174002 14.87 12.51 13.80
0111000000000000000 280 601742113174002 111110000000000000 631742113174002 14.87 12.51 13.80
0111000000000000000 280 601742113174002 111110000000000000 641742113174002 14.87 12.51 13.80
0111000000000000000 280 601742113174002 111111000000000000 651742113174002 14.87 12.51 13.80
0111000000000000000 280 601742113174002 111111000000000000 661742113174002 14.87 12.51 13.80
0111000000000000000 280 601742113174002 111111000000000000 671742113174002 14.87 12.51 13.80
0111000000000000000 280 601742113174002 111000000000000000 600742113174002 14.87 12.51 8.50
0111000000000000000 280 601742113174002 111100000000000000 602742113174002 14.87 12.51 8.50
0111000000000000000 280 601742113174002 111110000000000000 603742113174002 14.87 12.51 13.80
0111000000000000000 280 601742113174002 111110000000000000 604742113174002 14.87 12.51 13.80
0111000000000000000 280 601742113174002 111110000000000000 605742113174002 14.87 12.51 13.80
0111000000000000000 280 601742113174002 111111000000000000 606742113174002 14.87 12.51 13.80
0111000000000000000 280 601742113174002 111111000000000000 607742113174002 14.87 12.51 13.80
0111000000000000000 280 601742113174002 111111000000000000 601042113174002 14.87 12.51 13.80
0111000000000000000 280 601742113174002 111110000000000000 601142113174002 14.87 12.51 13.80
0111000000000000000 280 601742113174002 111100000000000000 601242113174002 14.87 12.51 8.50
0111000000000000000 280 601742113174002 111100000000000000 601342113174002 14.87 12.51 8.50
0111000000000000000 280 601742113174002 111100000000000000 601442113174002 14.87 12.51 8.50
0111000000000000000 280 601742113174002 111100000000000000 601542113174002 14.87 12.51 8.50
0111000000000000000 280 601742113174002 111100000000000000 601642113174002 14.87 12.51 8.50
0111000000000000000 280 601742113174002 111100000000000000 601702113174002 14.87 12.51 8.50
0111000000000000000 280 601742113174002 111100000000000000 601712113174002 14.87 12.51 8.50
0111000000000000000 280 601742113174002 111000000000000000 601722113174002 14.87 12.51 8.50
0111000000000000000 280 601742113174002 111000000000000000 601732113174002 14.87 12.51 8.50
0111000000000000000 280 601742113174002 111000000000000000 601752113174002 14.87 12.51 8.50
0111000000000000000 280 601742113174002 111000000000000000 601762113174002 14.87 12.51 8.50
0111000000000000000 280 601742113174002 111000000000000000 601772113174002 14.87 12.51 8.50
0111000000000000000 280 601742113174002 111000000000000011 601740113174002 14.87 16.68 13.80
0111000000000000000 280 601742113174002 111000000000000001 601741113174002 14.87 14.59 11.10
0111000000000000000 280 601742113174002 111100000000000000 601743113174002 14.87 12.51 8.50
0111000000000000000 280 601742113174002 111100000000000000 601744113174002 14.87 12.51 8.50
0111000000000000000 280 601742113174002 111100000000000000 601745113174002 14.87 12.51 8.50
0111000000000000000 280 601742113174002 111110000000000000 601746113174002 14.87 12.51 13.80
0111000000000000000 280 601742113174002 111110000000000000 601747113174002 14.87 12.51 13.80
0111000000000000000 280 601742113174002 111000000000000000 601742013174002 14.87 12.51 8.50
0111000000000000000 280 601742113174002 111110000000000000 601742213174002 14.87 12.51 13.80
0111000000000000000 280 601742113174002 111111110000000000 601742313174002 14.87 12.51 13.80
0111000000000000000 280 601742113174002 111111111100000000 601742413174002 14.87 12.51 13.80
0111000000000000000 280 601742113174002 111111111111000000 601742513174002 14.87 12.51 13.80
0111000000000000000 280 601742113174002 111111111111110000 601742613174002 14.87 12.51 13.80
0111000000000000000 280 601742113174002 111111111111111100 601742713174002 14.87 12.51 13.80
0111000000000000000 280 601742113174002 111000000000000000 601742103174002 14.87 12.51 8.50
0111000000000000000 280 601742113174002 111000000000000000 601742123174002 14.87 12.51 8.50
0111000000000000000 280 601742113174002 111000000000000000 601742133174002 14.87 12.51 8.50
0111000000000000000 280 601742113174002 111000000000000000 601742143174002 14.87 12.51 8.50
0111000000000000000 280 601742113174002 111000000000000000 601742153174002 14.87 12.51 8.50
0111000000000000000 280 601742113174002 111000000000000000 601742163174002 14.87 12.51 8.50
0111000000000000000 280 601742113174002 111000000000000000 601742173174002 14.87 12.51 8.50
0111000000000000000 280 601742113174002 111111111110000000 601742110174002 14.87 12.51 13.80
0111000000000000000 280 601742113174002 111111000000000000 601742111174002 14.87 12.51 13.80
0111000000000000000 280 601742113174002 111100000000000000 601742112174002 14.87 12.51 8.50
0111000000000000000 280 601742113174002 111000000000000001 601742114174002 14.87 14.59 11.10
0111000000000000000 280 601742113174002 111000000000000001 601742115174002 14.87 14.59 11.10
0111000000000000000 280 601742113174002 110000000000000001 601742116174002 14.87 14.59 11.10
0111000000000000000 280 601742113174002 110000000000000001 601742117174002 14.87 14.59 11.10
0111000000000000000 280 601742113174002 111111110000000000 601742113074002 14.87 12.51 13.80
0111000000000000000 280 601742113174002 111000000000000000 601742113274002 14.87 12.51 8.50
0111000000000000000 280 601742113174002 111000000000000000 601742113374002 14.87 12.51 8.50
0111000000000000000 280 601742113174002 111100000000000000 601742113474002 14.87 12.51 8.50
0111000000000000000 280 601742113174002 111111111100000000 601742113574002 14.87 12.51 13.80
0111000000000000000 280 601742113174002 111111111111111111 601742113674002 14.87 4.17 8.50
0111000000000000000 280 601742113174002 111111111111111111 601742113774002 14.87 4.17 8.50
0111000000000000000 280 601742113174002 111000000000000000 601742113104002 14.87 12.51 8.50
0111000000000000000 280 601742113174002 111000000000000000 601742113114002 14.87 12.51 8.50
0111000000000000000 280 601742113174002 111000000000000000 601742113124002 14.87 12.51 8.50
0111000000000000000 280 601742113174002 111000000000000000 601742113134002 14.87 12.51 8.50
0111000000000000000 280 601742113174002 111000000000000000 601742113144002 14.87 12.51 8.50
0111000000000000000 280 601742113174002 111000000000000000 601742113154002 14.87 12.51 8.50
0111000000000000000 280 601742113174002 111000000000000000 601742113164002 14.87 12.51 8.50
0111000000000000000 280 601742113174002 111111111111111111 601742113170002 14.87 4.17 8.50
0111000000000000000 280 601742113174002 111111110000000000 601742113171002 14.87 12.51 13.80
0111000000000000000 280 601742113174002 111110000000000000 601742113172002 14.87 12.51 13.80
0111000000000000000 280 601742113174002 111100000000000000 601742113173002 14.87 12.51 8.50
0111000000000000000 280 601742113174002 111000000000000011 601742113175002 14.87 16.68 13.80
0111000000000000000 280 601742113174002 111000000000000111 601742113176002 14.87 16.68 13.80
0111000000000000000 280 601742113174002 111000000000001111 601742113177002 14.87 16.68 13.80
0111000000000000000 280 601742113174002 111000000000000011 601742113174102 14.87 16.68 13.80
0111000000000000000 280 601742113174002 111000000000000111 601742113174202 14.87 16.68 13.80
0111000000000000000 280 601742113174002 111000000000000111 601742113174302 14.87 16.68 13.80
0111000000000000000 280 601742113174002 111000000000001111 601742113174402 14.87 16.68 13.80
0111000000000000000 280 601742113174002 111000000000001111 601742113174502 14.87 16.68 13.80
0111000000000000000 280 601742113174002 111000000000001111 601742113174602 14.87 16.68 13.80
0111000000000000000 280 601742113174002 111000000000011111 601742113174702 14.87 16.68 13.80
0111000000000000000 280 601742113174002 111111110000000000 601742113174012 14.87 12.51 13.80
0111000000000000000 280 601742113174002 111111111111000000 601742113174022 14.87 12.51 13.80
0111000000000000000 280 601742113174002 111111111111111100 601742113174032 14.87 12.51 13.80
0111000000000000000 280 601742113174002 111111111111111111 601742113174042 14.87 4.17 8.50
0111000000000000000 280 601742113174002 111111111111111111 601742113174052 14.87 4.17 8.50
0111000000000000000 280 601742113174002 111111111111111111 601742113174062 14.87 4.17 8.50
0111000000000000000 280 601742113174002 111111111111111111 601742113174072 14.87 4.17 8.50
0111000000000000000 280 601742113174002 111111111000000000 601742113174000 14.87 12.51 13.80
0111000000000000000 280 601742113174002 111110000000000000 601742113174001 14.87 12.51 13.80
0111000000000000000 280 601742113174002 111000000000000001 601742113174003 14.87 14.59 11.10
0111000000000000000 280 601742113174002 110000000000000001 601742113174004 14.87 14.59 11.10
0111000000000000000 280 601742113174002 110000000000000001 601742113174005 14.87 14.59 11.10
0111000000000000000 280 601742113174002 111000000000000001 601742113174006 14.87 14.59 11.10
0111000000000000000 280 601742113174002 111000000000000001 601742113174007 14.87 14.59 11.10
0111000000000000000 477 300142006515331 111000000000000111 000142006515331 14.87 16.68 13.80
0111000000000000000 477 300142006515331 111000000000000011 100142006515331 14.87 16.68 13.80
0111000000000000000 477 300142006515331 111000000000000000 200142006515331 14.87 12.51 8.50
0111000000000000000 477 300142006515331 111000000000000000 400142006515331 14.87 12.51 8.50
0111000000000000000 477 300142006515331 111000000000000000 500142006515331 14.87 12.51 8.50
0111000000000000000 477 300142006515331 111000000000000000 600142006515331 14.87 12.51 8.50
0111000000000000000 477 300142006515331 111000000000000000 700142006515331 14.87 12.51 8.50
0111000000000000000 477 300142006515331 111100000000000000 310142006515331 14.87 12.51 8.50
0111000000000000000 477 300142006515331 111100000000000000 320142006515331 14.87 12.51 8.50
0111000000000000000 477 300142006515331 111100000000000000 330142006515331 14.87 12.51 8.50
0111000000000000000 477 300142006515331 111110000000000000 340142006515331 14.87 12.51 13.80
0111000000000000000 477 300142006515331 111110000000000000 350142006515331 14.87 12.51 13.80
0111000000000000000 477 300142006515331 111110000000000000 360142006515331 14.87 12.51 13.80
0111000000000000000 477 300142006515331 111111000000000000 370142006515331 14.87 12.51 13.80
0111000000000000000 477 300142006515331 111000000000000011 301142006515331 14.87 16.68 13.80
0111000000000000000 477 300142006515331 111000000000000111 302142006515331 14.87 16.68 13.80
0111000000000000000 477 300142006515331 111000000000000111 303142006515331 14.87 16.68 13.80
0111000000000000000 477 300142006515331 111000000000000111 304142006515331 14.87 16.68 13.80
0111000000000000000 477 300142006515331 111000000000000111 305142006515331 14.87 16.68 13.80
0111000000000000000 477 300142006515331 111000000000000111 306142006515331 14.87 16.68 13.80
0111000000000000000 477 300142006515331 111000000000000111 307142006515331 14.87 16.68 13.80
0111000000000000000 477 300142006515331 111100000000000000 300042006515331 14.87 12.51 8.50
0111000000000000000 477 300142006515331 111000000000000000 300242006515331 14.87 12.51 8.50
0111000000000000000 477 300142006515331 111000000000000000 300342006515331 14.87 12.51 8.50
0111000000000000000 477 300142006515331 110000000000000000 300442006515331 14.87 12.51 11.10
0111000000000000000 477 300142006515331 110000000000000000 300542006515331 14.87 12.51 11.10
0111000000000000000 477 300142006515331 110000000000000000 300642006515331 14.87 12.51 11.10
0111000000000000000 477 300142006515331 110000000000000000 300742006515331 14.87 12.51 11.10
0111000000000000000 477 300142006515331 111000000000000000 300102006515331 14.87 12.51 8.50
0111000000000000000 477 300142006515331 111000000000000000 300112006515331 14.87 12.51 8.50
0111000000000000000 477 300142006515331 111000000000000000 300122006515331 14.87 12.51 8.50
0111000000000000000 477 300142006515331 111000000000000000 300132006515331 14.87 12.51 8.50
0111000000000000000 477 300142006515331 111000000000000000 300152006515331 14.87 12.51 8.50
0111000000000000000 477 300142006515331 111000000000000000 300162006515331 14.87 12.51 8.50
0111000000000000000 477 300142006515331 111000000000000000 300172006515331 14.87 12.51 8.50
0111000000000000000 477 300142006515331 111000000000000000 300140006515331 14.87 12.51 8.50
0111000000000000000 477 300142006515331 111000000000000000 300141006515331 14.87 12.51 8.50
0111000000000000000 477 300142006515331 111000000000000000 300143006515331 14.87 12.51 8.50
0111000000000000000 477 300142006515331 111000000000000000 300144006515331 14.87 12.51 8.50
0111000000000000000 477 300142006515331 111000000000000000 300145006515331 14.87 12.51 8.50
0111000000000000000 477 300142006515331 111100000000000000 300146006515331 14.87 12.51 8.50
0111000000000000000 477 300142006515331 111100000000000000 300147006515331 14.87 12.51 8.50
0111000000000000000 477 300142006515331 111000000000000001 300142106515331 14.87 14.59 11.10
0111000000000000000 477 300142006515331 111100000000000000 300142206515331 14.87 12.51 8.50
0111000000000000000 477 300142006515331 111110000000000000 300142306515331 14.87 12.51 13.80
0111000000000000000 477 300142006515331 111111000000000000 300142406515331 14.87 12.51 13.80
0111000000000000000 477 300142006515331 111111100000000000 300142506515331 14.87 12.51 13.80
0111000000000000000 477 300142006515331 111111110000000000 300142606515331 14.87 12.51 13.80
0111000000000000000 477 300142006515331 111111111000000000 300142706515331 14.87 12.51 13.80
0111000000000000000 477 300142006515331 111000000000000000 300142016515331 14.87 12.51 8.50
0111000000000000000 477 300142006515331 111000000000000000 300142026515331 14.87 12.51 8.50
0111000000000000000 477 300142006515331 111000000000000000 300142036515331 14.87 12.51 8.50
0111000000000000000 477 300142006515331 111000000000000000 300142046515331 14.87 12.51 8.50
0111000000000000000 477 300142006515331 111000000000000000 300142056515331 14.87 12.51 8.50
0111000000000000000 477 300142006515331 111000000000000000 300142066515331 14.87 12.51 8.50
0111000000000000000 477 300142006515331 111000000000000000 300142076515331 14.87 12.51 8.50
0111000000000000000 477 300142006515331 111111110000000000 300142000515331 14.87 12.51 13.80
0111000000000000000 477 300142006515331 111111000000000000 300142001515331 14.87 12.51 13.80
0111000000000000000 477 300142006515331 111100000000000000 300142002515331 14.87 12.51 8.50
0111000000000000000 477 300142006515331 111100000000000000 300142003515331 14.87 12.51 8.50
0111000000000000000 477 300142006515331 111000000000000000 300142004515331 14.87 12.51 8.50
0111000000000000000 477 300142006515331 111000000000000000 300142005515331 14.87 12.51 8.50
0111000000000000000 477 300142006515331 111000000000000000 300142007515331 14.87 12.51 8.50
0111000000000000000 477 300142006515331 111111110000000000 300142006015331 14.87 12.51 13.80
0111000000000000000 477 300142006515331 111110000000000000 300142006115331 14.87 12.51 13.80
0111000000000000000 477 300142006515331 111100000000000001 300142006215331 14.87 14.59 13.80
0111000000000000000 477 300142006515331 111000000000000000 300142006315331 14.87 12.51 8.50
0111000000000000000 477 300142006515331 111000000000000000 300142006415331 14.87 12.51 8.50
0111000000000000000 477 300142006515331 111000000000000000 300142006615331 14.87 12.51 8.50
0111000000000000000 477 300142006515331 111000000000000000 300142006715331 14.87 12.51 8.50
0111000000000000000 477 300142006515331 111000000000000000 300142006505331 14.87 12.51 8.50
0111000000000000000 477 300142006515331 111000000000000000 300142006525331 14.87 12.51 8.50
0111000000000000000 477 300142006515331 111000000000000000 300142006535331 14.87 12.51 8.50
0111000000000000000 477 300142006515331 111000000000000000 300142006545331 14.87 12.51 8.50
0111000000000000000 477 300142006515331 111000000000000000 300142006555331 14.87 12.51 8.50
0111000000000000000 477 300142006515331 111000000000000000 300142006565331 14.87 12.51 8.50
0111000000000000000 477 300142006515331 111100000000000000 300142006575331 14.87 12.51 8.50
0111000000000000000 477 300142006515331 111111111111111111 300142006510331 14.87 4.17 8.50
0111000000000000000 477 300142006515331 111110000000000000 300142006511331 14.87 12.51 13.80
0111000000000000000 477 300142006515331 111100000000000000 300142006512331 14.87 12.51 8.50
0111000000000000000 477 300142006515331 111000000000000000 300142006513331 14.87 12.51 8.50
0111000000000000000 477 300142006515331 111000000000000000 300142006514331 14.87 12.51 8.50
0111000000000000000 477 300142006515331 111000000000000000 300142006516331 14.87 12.51 8.50
0111000000000000000 477 300142006515331 111000000000000000 300142006517331 14.87 12.51 8.50
0111000000000000000 477 300142006515331 111000000000000000 300142006515031 14.87 12.51 8.50
0111000000000000000 477 300142006515331 111000000000000000 300142006515131 14.87 12.51 8.50
0111000000000000000 477 300142006515331 111000000000000000 300142006515231 14.87 12.51 8.50
0111000000000000000 477 300142006515331 111000000000000000 300142006515431 14.87 12.51 8.50
0111000000000000000 477 300142006515331 111000000000000000 300142006515531 14.87 12.51 8.50
0111000000000000000 477 300142006515331 111000000000000000 300142006515631 14.87 12.51 8.50
0111000000000000000 477 300142006515331 111000000000000000 300142006515731 14.87 12.51 8.50
0111000000000000000 477 300142006515331 111111111110000000 300142006515301 14.87 12.51 13.80
0111000000000000000 477 300142006515331 111000000000000000 300142006515311 14.87 12.51 8.50
0111000000000000000 477 300142006515331 111000000000000000 300142006515321 14.87 12.51 8.50
0111000000000000000 477 300142006515331 111000000000000000 300142006515341 14.87 12.51 8.50
0111000000000000000 477 300142006515331 111000000000000001 300142006515351 14.87 14.59 11.10
0111000000000000000 477 300142006515331 111100000000000001 300142006515361 14.87 14.59 13.80
0111000000000000000 477 300142006515331 111100000000000001 300142006515371 14.87 14.59 13.80
0111000000000000000 477 300142006515331 111100000000000000 300142006515330 14.87 12.51 8.50
0111000000000000000 477 300142006515331 110000000000000000 300142006515332 14.87 12.51 11.10
0111000000000000000 477 300142006515331 110000000000000000 300142006515333 14.87 12.51 11.10
0111000000000000000 477 300142006515331 110000000000000000 300142006515334 14.87 12.51 11.10
0111000000000000000 477 300142006515331 111000000000000000 300142006515335 14.87 12.51 8.50
0111000000000000000 477 300142006515331 111111111000000000 300142006515336 14.87 12.51 13.80
0111000000000000000 477 300142006515331 111111111100000000 300142006515337 14.87 12.51 13.80
0111000000000000000 481 305323000713306 111000000000000001 005323000713306 14.87 14.59 11.10
0111000000000000000 481 305323000713306 111000000000000001 105323000713306 14.87 14.59 11.10
0111000000000000000 481 305323000713306 111000000000000000 205323000713306 14.87 12.51 8.50
0111000000000000000 481 305323000713306 111100000000000000 405323000713306 14.87 12.51 8.50
0111000000000000000 481 305323000713306 111100000000000000 505323000713306 14.87 12.51 8.50
0111000000000000000 481 305323000713306 111110000000000000 605323000713306 14.87 12.51 13.80
0111000000000000000 481 305323000713306 111111100000000000 705323000713306 14.87 12.51 13.80
0111000000000000000 481 305323000713306 111100000000000000 315323000713306 14.87 12.51 8.50
0111000000000000000 481 305323000713306 111110000000000000 325323000713306 14.87 12.51 13.80
0111000000000000000 481 305323000713306 111110000000000000 335323000713306 14.87 12.51 13.80
0111000000000000000 481 305323000713306 111111000000000000 345323000713306 14.87 12.51 13.80
0111000000000000000 481 305323000713306 111111000000000000 355323000713306 14.87 12.51 13.80
0111000000000000000 481 305323000713306 111111000000000000 365323000713306 14.87 12.51 13.80
0111000000000000000 481 305323000713306 111111100000000000 375323000713306 14.87 12.51 13.80
0111000000000000000 481 305323000713306 111111111111111000 300323000713306 14.87 12.51 13.80
0111000000000000000 481 305323000713306 111111111111100000 301323000713306 14.87 12.51 13.80
0111000000000000000 481 305323000713306 111111100000000000 302323000713306 14.87 12.51 13.80
0111000000000000000 481 305323000713306 111100000000000000 303323000713306 14.87 12.51 8.50
0111000000000000000 481 305323000713306 111100000000000000 304323000713306 14.87 12.51 8.50
0111000000000000000 481 305323000713306 111000000000000000 306323000713306 14.87 12.51 8.50
0111000000000000000 481 305323000713306 111000000000000000 307323000713306 14.87 12.51 8.50
0111000000000000000 481 305323000713306 111110000000000000 305023000713306 14.87 12.51 13.80
0111000000000000000 481 305323000713306 111100000000000000 305123000713306 14.87 12.51 8.50
0111000000000000000 481 305323000713306 111100000000000000 305223000713306 14.87 12.51 8.50
0111000000000000000 481 305323000713306 111000000000000000 305423000713306 14.87 12.51 8.50
0111000000000000000 481 305323000713306 111000000000000000 305523000713306 14.87 12.51 8.50
0111000000000000000 481 305323000713306 111000000000000000 305623000713306 14.87 12.51 8.50
0111000000000000000 481 305323000713306 111100000000000000 305723000713306 14.87 12.51 8.50
0111000000000000000 481 305323000713306 111100000000000000 305303000713306 14.87 12.51 8.50
0111000000000000000 481 305323000713306 111100000000000000 305313000713306 14.87 12.51 8.50
0111000000000000000 481 305323000713306 111000000000000000 305333000713306 14.87 12.51 8.50
0111000000000000000 481 305323000713306 111000000000000000 305343000713306 14.87 12.51 8.50
0111000000000000000 481 305323000713306 111000000000000000 305353000713306 14.87 12.51 8.50
0111000000000000000 481 305323000713306 111000000000000000 305363000713306 14.87 12.51 8.50
0111000000000000000 481 305323000713306 111000000000000000 305373000713306 14.87 12.51 8.50
0111000000000000000 481 305323000713306 111000000000000000 305320000713306 14.87 12.51 8.50
0111000000000000000 481 305323000713306 111000000000000000 305321000713306 14.87 12.51 8.50
0111000000000000000 481 305323000713306 111000000000000000 305322000713306 14.87 12.51 8.50
0111000000000000000 481 305323000713306 111100000000000000 305324000713306 14.87 12.51 8.50
0111000000000000000 481 305323000713306 111110000000000000 305325000713306 14.87 12.51 13.80
0111000000000000000 481 305323000713306 111111111110000000 305326000713306 14.87 12.51 13.80
0111000000000000000 481 305323000713306 111111111111110000 305327000713306 14.87 12.51 13.80
0111000000000000000 481 305323000713306 111000000000000000 305323100713306 14.87 12.51 8.50
0111000000000000000 481 305323000713306 111100000000000000 305323200713306 14.87 12.51 8.50
0111000000000000000 481 305323000713306 111110000000000000 305323300713306 14.87 12.51 13.80
0111000000000000000 481 305323000713306 111110000000000000 305323400713306 14.87 12.51 13.80
0111000000000000000 481 305323000713306 111111000000000000 305323500713306 14.87 12.51 13.80
0111000000000000000 481 305323000713306 111111000000000000 305323600713306 14.87 12.51 13.80
0111000000000000000 481 305323000713306 111111100000000000 305323700713306 14.87 12.51 13.80
0111000000000000000 481 305323000713306 111000000000000000 305323010713306 14.87 12.51 8.50
0111000000000000000 481 305323000713306 111000000000000000 305323020713306 14.87 12.51 8.50
0111000000000000000 481 305323000713306 111000000000000000 305323030713306 14.87 12.51 8.50
0111000000000000000 481 305323000713306 111000000000000000 305323040713306 14.87 12.51 8.50
0111000000000000000 481 305323000713306 111000000000000000 305323050713306 14.87 12.51 8.50
0111000000000000000 481 305323000713306 111000000000000000 305323060713306 14.87 12.51 8.50
0111000000000000000 481 305323000713306 111000000000000000 305323070713306 14.87 12.51 8.50
0111000000000000000 481 305323000713306 111111000000000000 305323001713306 14.87 12.51 13.80
0111000000000000000 481 305323000713306 111111111111110001 305323002713306 14.87 14.59 16.40
0111000000000000000 481 305323000713306 111111111111111111 305323003713306 14.87 4.17 8.50
0111000000000000000 481 305323000713306 111111111111111111 305323004713306 14.87 4.17 8.50
0111000000000000000 481 305323000713306 111111111111111111 305323005713306 14.87 4.17 8.50
0111000000000000000 481 305323000713306 111111111111111111 305323006713306 14.87 4.17 8.50
0111000000000000000 481 305323000713306 111111111111111111 305323007713306 14.87 4.17 8.50
0111000000000000000 481 305323000713306 111111110000000000 305323000013306 14.87 12.51 13.80
0111000000000000000 481 305323000713306 111110000000000000 305323000113306 14.87 12.51 13.80
0111000000000000000 481 305323000713306 111100000000000000 305323000213306 14.87 12.51 8.50
0111000000000000000 481 305323000713306 111100000000000000 305323000313306 14.87 12.51 8.50
0111000000000000000 481 305323000713306 111100000000000000 305323000413306 14.87 12.51 8.50
0111000000000000000 481 305323000713306 111000000000000000 305323000513306 14.87 12.51 8.50
0111000000000000000 481 305323000713306 111000000000000000 305323000613306 14.87 12.51 8.50
0111000000000000000 481 305323000713306 111000000000000000 305323000703306 14.87 12.51 8.50
0111000000000000000 481 305323000713306 111100000000000000 305323000723306 14.87 12.51 8.50
0111000000000000000 481 305323000713306 111100000000000001 305323000733306 14.87 14.59 13.80
0111000000000000000 481 305323000713306 111100000000000001 305323000743306 14.87 14.59 13.80
0111000000000000000 481 305323000713306 111100000000000011 305323000753306 14.87 16.68 16.40
0111000000000000000 481 305323000713306 111100000000000011 305323000763306 14.87 16.68 16.40
0111000000000000000 481 305323000713306 111100000000000011 305323000773306 14.87 16.68 16.40
0111000000000000000 481 305323000713306 111111111111111111 305323000710306 14.87 4.17 8.50
0111000000000000000 481 305323000713306 111111111111111111 305323000711306 14.87 4.17 8.50
0111000000000000000 481 305323000713306 111100000000000000 305323000712306 14.87 12.51 8.50
0111000000000000000 481 305323000713306 111000000000000000 305323000714306 14.87 12.51 8.50
0111000000000000000 481 305323000713306 111000000000000000 305323000715306 14.87 12.51 8.50
0111000000000000000 481 305323000713306 111000000000000000 305323000716306 14.87 12.51 8.50
0111000000000000000 481 305323000713306 111000000000000000 305323000717306 14.87 12.51 8.50
0111000000000000000 481 305323000713306 111000000000000000 305323000713006 14.87 12.51 8.50
0111000000000000000 481 305323000713306 111000000000000000 305323000713106 14.87 12.51 8.50
0111000000000000000 481 305323000713306 111000000000000000 305323000713206 14.87 12.51 8.50
0111000000000000000 481 305323000713306 111000000000000000 305323000713406 14.87 12.51 8.50
0111000000000000000 481 305323000713306 111000000000000000 305323000713506 14.87 12.51 8.50
0111000000000000000 481 305323000713306 111000000000000000 305323000713606 14.87 12.51 8.50
0111000000000000000 481 305323000713306 111000000000000001 305323000713706 14.87 14.59 11.10
0111000000000000000 481 305323000713306 111100000000000000 305323000713316 14.87 12.51 8.50
0111000000000000000 481 305323000713306 111100000000000000 305323000713326 14.87 12.51 8.50
0111000000000000000 481 305323000713306 111110000000000000 305323000713336 14.87 12.51 13.80
0111000000000000000 481 305323000713306 111110000000000000 305323000713346 14.87 12.51 13.80
0111000000000000000 481 305323000713306 111111000000000000 305323000713356 14.87 12.51 13.80
0111000000000000000 481 305323000713306 111111100000000000 305323000713366 14.87 12.51 13.80
0111000000000000000 481 305323000713306 111111100000000000 305323000713376 14.87 12.51 13.80
0111000000000000000 481 305323000713306 111111110000000000 305323000713300 14.87 12.51 13.80
0111000000000000000 481 305323000713306 111111000000000000 305323000713301 14.87 12.51 13.80
0111000000000000000 481 305323000713306 111110000000000000 305323000713302 14.87 12.51 13.80
0111000000000000000 481 305323000713306 111100000000000000 305323000713303 14.87 12.51 8.50
0111000000000000000 481 305323000713306 111100000000000000 305323000713304 14.87 12.51 8.50
0111000000000000000 481 305323000713306 111100000000000000 305323000713305 14.87 12.51 8.50
0111000000000000000 481 305323000713306 111000000000000000 305323000713307 14.87 12.51 8.50
0111000000000000000 685 406014367352006 111100000000000000 006014367352006 14.87 12.51 8.50
0111000000000000000 685 406014367352006 111100000000000000 106014367352006 14.87 12.51 8.50
0111000000000000000 685 406014367352006 111100000000000000 206014367352006 14.87 12.51 8.50
0111000000000000000 685 406014367352006 111000000000000000 306014367352006 14.87 12.51 8.50
0111000000000000000 685 406014367352006 111000000000000000 506014367352006 14.87 12.51 8.50
0111000000000000000 685 406014367352006 111000000000000000 606014367352006 14.87 12.51 8.50
0111000000000000000 685 406014367352006 111000000000000000 706014367352006 14.87 12.51 8.50
0111000000000000000 685 406014367352006 111100000000000000 416014367352006 14.87 12.51 8.50
0111000000000000000 685 406014367352006 111110000000000000 426014367352006 14.87 12.51 13.80
0111000000000000000 685 406014367352006 111110000000000000 436014367352006 14.87 12.51 13.80
0111000000000000000 685 406014367352006 111111000000000000 446014367352006 14.87 12.51 13.80
0111000000000000000 685 406014367352006 111111000000000000 456014367352006 14.87 12.51 13.80
0111000000000000000 685 406014367352006 111111100000000000 466014367352006 14.87 12.51 13.80
0111000000000000000 685 406014367352006 111111100000000000 476014367352006 14.87 12.51 13.80
0111000000000000000 685 406014367352006 111000000000000000 400014367352006 14.87 12.51 8.50
0111000000000000000 685 406014367352006 111000000000000000 401014367352006 14.87 12.51 8.50
0111000000000000000 685 406014367352006 111000000000000000 402014367352006 14.87 12.51 8.50
0111000000000000000 685 406014367352006 111000000000000000 403014367352006 14.87 12.51 8.50
0111000000000000000 685 406014367352006 111000000000000000 404014367352006 14.87 12.51 8.50
0111000000000000000 685 406014367352006 111000000000000000 405014367352006 14.87 12.51 8.50
0111000000000000000 685 406014367352006 111000000000000000 407014367352006 14.87 12.51 8.50
0111000000000000000 685 406014367352006 111000000000000000 406114367352006 14.87 12.51 8.50
0111000000000000000 685 406014367352006 111000000000000000 406214367352006 14.87 12.51 8.50
0111000000000000000 685 406014367352006 110000000000000000 406314367352006 14.87 12.51 11.10
0111000000000000000 685 406014367352006 110000000000000000 406414367352006 14.87 12.51 11.10
0111000000000000000 685 406014367352006 110000000000000000 406514367352006 14.87 12.51 11.10
0111000000000000000 685 406014367352006 110000000000000000 406614367352006 14.87 12.51 11.10
0111000000000000000 685 406014367352006 110000000000000000 406714367352006 14.87 12.51 11.10
0111000000000000000 685 406014367352006 111000000000000000 406004367352006 14.87 12.51 8.50
0111000000000000000 685 406014367352006 111000000000000000 406024367352006 14.87 12.51 8.50
0111000000000000000 685 406014367352006 111000000000000000 406034367352006 14.87 12.51 8.50
0111000000000000000 685 406014367352006 111000000000000000 406044367352006 14.87 12.51 8.50
0111000000000000000 685 406014367352006 111000000000000000 406054367352006 14.87 12.51 8.50
0111000000000000000 685 406014367352006 111000000000000000 406064367352006 14.87 12.51 8.50
0111000000000000000 685 406014367352006 111000000000000000 406074367352006 14.87 12.51 8.50
0111000000000000000 685 406014367352006 111100000000000000 406010367352006 14.87 12.51 8.50
0111000000000000000 685 406014367352006 111100000000000000 406011367352006 14.87 12.51 8.50
0111000000000000000 685 406014367352006 111000000000000000 406012367352006 14.87 12.51 8.50
0111000000000000000 685 406014367352006 111000000000000000 406013367352006 14.87 12.51 8.50
0111000000000000000 685 406014367352006 111000000000000000 406015367352006 14.87 12.51 8.50
0111000000000000000 685 406014367352006 111000000000000000 406016367352006 14.87 12.51 8.50
0111000000000000000 685 406014367352006 111000000000000000 406017367352006 14.87 12.51 8.50
0111000000000000000 685 406014367352006 111111111111111111 406014067352006 14.87 4.17 8.50
0111000000000000000 685 406014367352006 111000000000000000 406014167352006 14.87 12.51 8.50
0111000000000000000 685 406014367352006 111000000000000000 406014267352006 14.87 12.51 8.50
0111000000000000000 685 406014367352006 111100000000000000 406014467352006 14.87 12.51 8.50
0111000000000000000 685 406014367352006 111100000000000000 406014567352006 14.87 12.51 8.50
0111000000000000000 685 406014367352006 111110000000000000 406014667352006 14.87 12.51 13.80
0111000000000000000 685 406014367352006 111110000000000000 406014767352006 14.87 12.51 13.80
0111000000000000000 685 406014367352006 111000000000000000 406014307352006 14.87 12.51 8.50
0111000000000000000 685 406014367352006 111000000000000000 406014317352006 14.87 12.51 8.50
0111000000000000000 685 406014367352006 111000000000000000 406014327352006 14.87 12.51 8.50
0111000000000000000 685 406014367352006 111000000000000000 406014337352006 14.87 12.51 8.50
0111000000000000000 685 406014367352006 111000000000000000 406014347352006 14.87 12.51 8.50
0111000000000000000 685 406014367352006 111000000000000000 406014357352006 14.87 12.51 8.50
0111000000000000000 685 406014367352006 111000000000000000 406014377352006 14.87 12.51 8.50
0111000000000000000 685 406014367352006 111111111111111000 406014360352006 14.87 12.51 13.80
0111000000000000000 685 406014367352006 111111111000000000 406014361352006 14.87 12.51 13.80
0111000000000000000 685 406014367352006 111111100000000000 406014362352006 14.87 12.51 13.80
0111000000000000000 685 406014367352006 111110000000000000 406014363352006 14.87 12.51 13.80
0111000000000000000 685 406014367352006 111110000000000000 406014364352006 14.87 12.51 13.80
0111000000000000000 685 406014367352006 111100000000000000 406014365352006 14.87 12.51 8.50
0111000000000000000 685 406014367352006 111100000000000000 406014366352006 14.87 12.51 8.50
0111000000000000000 685 406014367352006 111111110000000000 406014367052006 14.87 12.51 13.80
0111000000000000000 685 406014367352006 111110000000000000 406014367152006 14.87 12.51 13.80
0111000000000000000 685 406014367352006 111100000000000000 406014367252006 14.87 12.51 8.50
0111000000000000000 685 406014367352006 111000000000000000 406014367452006 14.87 12.51 8.50
0111000000000000000 685 406014367352006 111000000000000000 406014367552006 14.87 12.51 8.50
0111000000000000000 685 406014367352006 111000000000000000 406014367652006 14.87 12.51 8.50
0111000000000000000 685 406014367352006 111000000000000000 406014367752006 14.87 12.51 8.50
0111000000000000000 685 406014367352006 111000000000000000 406014367302006 14.87 12.51 8.50
0111000000000000000 685 406014367352006 111000000000000000 406014367312006 14.87 12.51 8.50
0111000000000000000 685 406014367352006 111000000000000000 406014367322006 14.87 12.51 8.50
0111000000000000000 685 406014367352006 111000000000000000 406014367332006 14.87 12.51 8.50
0111000000000000000 685 406014367352006 111000000000000000 406014367342006 14.87 12.51 8.50
0111000000000000000 685 406014367352006 111100000000000000 406014367362006 14.87 12.51 8.50
0111000000000000000 685 406014367352006 111100000000000000 406014367372006 14.87 12.51 8.50
0111000000000000000 685 406014367352006 111110000000000000 406014367350006 14.87 12.51 13.80
0111000000000000000 685 406014367352006 111100000000000000 406014367351006 14.87 12.51 8.50
0111000000000000000 685 406014367352006 111000000000000000 406014367353006 14.87 12.51 8.50
0111000000000000000 685 406014367352006 111000000000000001 406014367354006 14.87 14.59 11.10
0111000000000000000 685 406014367352006 111000000000000111 406014367355006 14.87 16.68 13.80
0111000000000000000 685 406014367352006 110000000000011111 406014367356006 14.87 16.68 16.40
0111000000000000000 685 406014367352006 110000000000111111 406014367357006 14.87 16.68 16.40
0111000000000000000 685 406014367352006 111000000000000000 406014367352106 14.87 12.51 8.50
0111000000000000000 685 406014367352006 111000000000000000 406014367352206 14.87 12.51 8.50
0111000000000000000 685 406014367352006 111000000000000000 406014367352306 14.87 12.51 8.50
0111000000000000000 685 406014367352006 111000000000000000 406014367352406 14.87 12.51 8.50
0111000000000000000 685 406014367352006 111000000000000001 406014367352506 14.87 14.59 11.10
0111000000000000000 685 406014367352006 111000000000000001 406014367352606 14.87 14.59 11.10
0111000000000000000 685 406014367352006 111000000000000011 406014367352706 14.87 16.68 13.80
0111000000000000000 685 406014367352006 111110000000000000 406014367352016 14.87 12.51 13.80
0111000000000000000 685 406014367352006 111111000000000000 406014367352026 14.87 12.51 13.80
0111000000000000000 685 406014367352006 111111110000000000 406014367352036 14.87 12.51 13.80
0111000000000000000 685 406014367352006 111111111000000000 406014367352046 14.87 12.51 13.80
0111000000000000000 685 406014367352006 111111111110000000 406014367352056 14.87 12.51 13.80
0111000000000000000 685 406014367352006 111111111111000000 406014367352066 14.87 12.51 13.80
0111000000000000000 685 406014367352006 111111111111100000 406014367352076 14.87 12.51 13.80
0111000000000000000 685 406014367352006 111111111111100000 406014367352000 14.87 12.51 13.80
0111000000000000000 685 406014367352006 111111110000000000 406014367352001 14.87 12.51 13.80
0111000000000000000 685 406014367352006 111111000000000000 406014367352002 14.87 12.51 13.80
0111000000000000000 685 406014367352006 111110000000000000 406014367352003 14.87 12.51 13.80
0111000000000000000 685 406014367352006 111100000000000000 406014367352004 14.87 12.51 8.50
0111000000000000000 685 406014367352006 111100000000000000 406014367352005 14.87 12.51 8.50
0111000000000000000 685 406014367352006 111000000000000000 406014367352007 14.87 12.51 8.50
0111000000000000000 688 350510104702736 111100000000000000 050510104702736 14.87 12.51 8.50
0111000000000000000 688 350510104702736 111000000000000000 150510104702736 14.87 12.51 8.50
0111000000000000000 688 350510104702736 111000000000000000 250510104702736 14.87 12.51 8.50
0111000000000000000 688 350510104702736 111000000000000000 450510104702736 14.87 12.51 8.50
0111000000000000000 688 350510104702736 111000000000000000 550510104702736 14.87 12.51 8.50
0111000000000000000 688 350510104702736 111000000000000000 650510104702736 14.87 12.51 8.50
0111000000000000000 688 350510104702736 111000000000000000 750510104702736 14.87 12.51 8.50
0111000000000000000 688 350510104702736 111111111111111111 300510104702736 14.87 4.17 8.50
0111000000000000000 688 350510104702736 110000000000000001 310510104702736 14.87 14.59 11.10
0111000000000000000 688 350510104702736 110000000000000000 320510104702736 14.87 12.51 11.10
0111000000000000000 688 350510104702736 110000000000000000 330510104702736 14.87 12.51 11.10
0111000000000000000 688 350510104702736 111000000000000000 340510104702736 14.87 12.51 8.50
0111000000000000000 688 350510104702736 111000000000000000 360510104702736 14.87 12.51 8.50
0111000000000000000 688 350510104702736 111000000000000000 370510104702736 14.87 12.51 8.50
0111000000000000000 688 350510104702736 111000000000000000 351510104702736 14.87 12.51 8.50
0111000000000000000 688 350510104702736 111100000000000000 352510104702736 14.87 12.51 8.50
0111000000000000000 688 350510104702736 111100000000000000 353510104702736 14.87 12.51 8.50
0111000000000000000 688 350510104702736 111100000000000000 354510104702736 14.87 12.51 8.50
0111000000000000000 688 350510104702736 111100000000000000 355510104702736 14.87 12.51 8.50
0111000000000000000 688 350510104702736 111100000000000000 356510104702736 14.87 12.51 8.50
0111000000000000000 688 350510104702736 111100000000000000 357510104702736 14.87 12.51 8.50
0111000000000000000 688 350510104702736 111111000000000000 350010104702736 14.87 12.51 13.80
0111000000000000000 688 350510104702736 111100000000000000 350110104702736 14.87 12.51 8.50
0111000000000000000 688 350510104702736 111100000000000000 350210104702736 14.87 12.51 8.50
0111000000000000000 688 350510104702736 111000000000000000 350310104702736 14.87 12.51 8.50
0111000000000000000 688 350510104702736 111000000000000000 350410104702736 14.87 12.51 8.50
0111000000000000000 688 350510104702736 111000000000000000 350610104702736 14.87 12.51 8.50
0111000000000000000 688 350510104702736 110000000000000000 350710104702736 14.87 12.51 11.10
0111000000000000000 688 350510104702736 111000000000000000 350500104702736 14.87 12.51 8.50
0111000000000000000 688 350510104702736 111000000000000000 350520104702736 14.87 12.51 8.50
0111000000000000000 688 350510104702736 111000000000000000 350530104702736 14.87 12.51 8.50
0111000000000000000 688 350510104702736 111000000000000000 350540104702736 14.87 12.51 8.50
0111000000000000000 688 350510104702736 111000000000000000 350550104702736 14.87 12.51 8.50
0111000000000000000 688 350510104702736 111000000000000000 350560104702736 14.87 12.51 8.50
0111000000000000000 688 350510104702736 111000000000000000 350570104702736 14.87 12.51 8.50
0111000000000000000 688 350510104702736 111000000000000000 350511104702736 14.87 12.51 8.50
0111000000000000000 688 350510104702736 111000000000000000 350512104702736 14.87 12.51 8.50
0111000000000000000 688 350510104702736 111000000000000000 350513104702736 14.87 12.51 8.50
0111000000000000000 688 350510104702736 111000000000000000 350514104702736 14.87 12.51 8.50
0111000000000000000 688 350510104702736 111000000000000000 350515104702736 14.87 12.51 8.50
0111000000000000000 688 350510104702736 111000000000000000 350516104702736 14.87 12.51 8.50
0111000000000000000 688 350510104702736 111000000000000000 350517104702736 14.87 12.51 8.50
0111000000000000000 688 350510104702736 111100000000000000 350510004702736 14.87 12.51 8.50
0111000000000000000 688 350510104702736 111000000000000000 350510204702736 14.87 12.51 8.50
0111000000000000000 688 350510104702736 111100000000000000 350510304702736 14.87 12.51 8.50
0111000000000000000 688 350510104702736 111110000000000000 350510404702736 14.87 12.51 13.80
0111000000000000000 688 350510104702736 111111000000000000 350510504702736 14.87 12.51 13.80
0111000000000000000 688 350510104702736 111111000000000000 350510604702736 14.87 12.51 13.80
0111000000000000000 688 350510104702736 111111100000000000 350510704702736 14.87 12.51 13.80
0111000000000000000 688 350510104702736 111000000000000000 350510114702736 14.87 12.51 8.50
0111000000000000000 688 350510104702736 111000000000000000 350510124702736 14.87 12.51 8.50
0111000000000000000 688 350510104702736 111000000000000000 350510134702736 14.87 12.51 8.50
0111000000000000000 688 350510104702736 111000000000000000 350510144702736 14.87 12.51 8.50
0111000000000000000 688 350510104702736 111000000000000000 350510154702736 14.87 12.51 8.50
0111000000000000000 688 350510104702736 111000000000000000 350510164702736 14.87 12.51 8.50
0111000000000000000 688 350510104702736 111000000000000000 350510174702736 14.87 12.51 8.50
0111000000000000000 688 350510104702736 111111100000000000 350510100702736 14.87 12.51 13.80
0111000000000000000 688 350510104702736 111110000000000000 350510101702736 14.87 12.51 13.80
0111000000000000000 688 350510104702736 111100000000000000 350510102702736 14.87 12.51 8.50
0111000000000000000 688 350510104702736 111000000000000000 350510103702736 14.87 12.51 8.50
0111000000000000000 688 350510104702736 111000000000000000 350510105702736 14.87 12.51 8.50
0111000000000000000 688 350510104702736 110000000000000000 350510106702736 14.87 12.51 11.10
0111000000000000000 688 350510104702736 110000000000000000 350510107702736 14.87 12.51 11.10
0111000000000000000 688 350510104702736 111111111110000000 350510104002736 14.87 12.51 13.80
0111000000000000000 688 350510104702736 111111100000000000 350510104102736 14.87 12.51 13.80
0111000000000000000 688 350510104702736 111110000000000000 350510104202736 14.87 12.51 13.80
0111000000000000000 688 350510104702736 111100000000000000 350510104302736 14.87 12.51 8.50
0111000000000000000 688 350510104702736 111000000000000000 350510104402736 14.87 12.51 8.50
0111000000000000000 688 350510104702736 111000000000000000 350510104502736 14.87 12.51 8.50
0111000000000000000 688 350510104702736 111000000000000000 350510104602736 14.87 12.51 8.50
0111000000000000000 688 350510104702736 111000000000000000 350510104712736 14.87 12.51 8.50
0111000000000000000 688 350510104702736 111000000000000001 350510104722736 14.87 14.59 11.10
0111000000000000000 688 350510104702736 111000000000000011 350510104732736 14.87 16.68 13.80
0111000000000000000 688 350510104702736 111000000000000011 350510104742736 14.87 16.68 13.80
0111000000000000000 688 350510104702736 111000000000000111 350510104752736 14.87 16.68 13.80
0111000000000000000 688 350510104702736 111000000000000111 350510104762736 14.87 16.68 13.80
0111000000000000000 688 350510104702736 111000000000000111 350510104772736 14.87 16.68 13.80
0111000000000000000 688 350510104702736 111100000000000000 350510104700736 14.87 12.51 8.50
0111000000000000000 688 350510104702736 111000000000000000 350510104701736 14.87 12.51 8.50
0111000000000000000 688 350510104702736 111000000000000001 350510104703736 14.87 14.59 11.10
0111000000000000000 688 350510104702736 110000000000000111 350510104704736 14.87 16.68 16.40
0111000000000000000 688 350510104702736 110000000000001111 350510104705736 14.87 16.68 16.40
0111000000000000000 688 350510104702736 110000000000001111 350510104706736 14.87 16.68 16.40
0111000000000000000 688 350510104702736 110000000000001111 350510104707736 14.87 16.68 16.40
0111000000000000000 688 350510104702736 111000000000000000 350510104702036 14.87 12.51 8.50
0111000000000000000 688 350510104702736 111000000000000000 350510104702136 14.87 12.51 8.50
0111000000000000000 688 350510104702736 111000000000000000 350510104702236 14.87 12.51 8.50
0111000000000000000 688 350510104702736 111000000000000000 350510104702336 14.87 12.51 8.50
0111000000000000000 688 350510104702736 111000000000000000 350510104702436 14.87 12.51 8.50
0111000000000000000 688 350510104702736 111000000000000000 350510104702536 14.87 12.51 8.50
0111000000000000000 688 350510104702736 111000000000000000 350510104702636 14.87 12.51 8.50
0111000000000000000 688 350510104702736 111111111111100000 350510104702706 14.87 12.51 13.80
0111000000000000000 688 350510104702736 111000000000000000 350510104702716 14.87 12.51 8.50
0111000000000000000 688 350510104702736 111000000000000000 350510104702726 14.87 12.51 8.50
0111000000000000000 688 350510104702736 111000000000000000 350510104702746 14.87 12.51 8.50
0111000000000000000 688 350510104702736 111000000000000000 350510104702756 14.87 12.51 8.50
0111000000000000000 688 350510104702736 111100000000000000 350510104702766 14.87 12.51 8.50
0111000000000000000 688 350510104702736 111100000000000000 350510104702776 14.87 12.51 8.50
0111000000000000000 688 350510104702736 111111111000000000 350510104702730 14.87 12.51 13.80
0111000000000000000 688 350510104702736 111111000000000000 350510104702731 14.87 12.51 13.80
0111000000000000000 688 350510104702736 111110000000000000 350510104702732 14.87 12.51 13.80
0111000000000000000 688 350510104702736 111100000000000000 350510104702733 14.87 12.51 8.50
0111000000000000000 688 350510104702736 111000000000000000 350510104702734 14.87 12.51 8.50
0111000000000000000 688 350510104702736 111000000000000000 350510104702735 14.87 12.51 8.50
0111000000000000000 688 350510104702736 111000000000000000 350510104702737 14.87 12.51 8.50
0111000000000000000 763 106216156211004 111100000000000000 006216156211004 14.87 12.51 8.50
0111000000000000000 763 106216156211004 111000000000000000 206216156211004 14.87 12.51 8.50
0111000000000000000 763 106216156211004 111000000000000000 306216156211004 14.87 12.51 8.50
0111000000000000000 763 106216156211004 111000000000000000 406216156211004 14.87 12.51 8.50
0111000000000000000 763 106216156211004 111000000000000000 506216156211004 14.87 12.51 8.50
0111000000000000000 763 106216156211004 111000000000000000 606216156211004 14.87 12.51 8.50
0111000000000000000 763 106216156211004 111100000000000000 706216156211004 14.87 12.51 8.50
0111000000000000000 763 106216156211004 111100000000000000 116216156211004 14.87 12.51 8.50
0111000000000000000 763 106216156211004 111100000000000000 126216156211004 14.87 12.51 8.50
0111000000000000000 763 106216156211004 111100000000000000 136216156211004 14.87 12.51 8.50
0111000000000000000 763 106216156211004 111110000000000000 146216156211004 14.87 12.51 13.80
0111000000000000000 763 106216156211004 111110000000000000 156216156211004 14.87 12.51 13.80
0111000000000000000 763 106216156211004 111110000000000000 166216156211004 14.87 12.51 13.80
0111000000000000000 763 106216156211004 111110000000000000 176216156211004 14.87 12.51 13.80
0111000000000000000 763 106216156211004 111111111111111111 100216156211004 14.87 4.17 8.50
0111000000000000000 763 106216156211004 111000000000000000 101216156211004 14.87 12.51 8.50
0111000000000000000 763 106216156211004 111000000000000000 102216156211004 14.87 12.51 8.50
0111000000000000000 763 106216156211004 111000000000000000 103216156211004 14.87 12.51 8.50
0111000000000000000 763 106216156211004 111000000000000000 104216156211004 14.87 12.51 8.50
0111000000000000000 763 106216156211004 111000000000000000 105216156211004 14.87 12.51 8.50
0111000000000000000 763 106216156211004 111000000000000000 107216156211004 14.87 12.51 8.50
0111000000000000000 763 106216156211004 111100000000000000 106016156211004 14.87 12.51 8.50
0111000000000000000 763 106216156211004 111100000000000000 106116156211004 14.87 12.51 8.50
0111000000000000000 763 106216156211004 111000000000000000 106316156211004 14.87 12.51 8.50
0111000000000000000 763 106216156211004 111000000000000000 106416156211004 14.87 12.51 8.50
0111000000000000000 763 106216156211004 111000000000000000 106516156211004 14.87 12.51 8.50
0111000000000000000 763 106216156211004 111000000000000000 106616156211004 14.87 12.51 8.50
0111000000000000000 763 106216156211004 111000000000000000 106716156211004 14.87 12.51 8.50
0111000000000000000 763 106216156211004 111100000000000000 106206156211004 14.87 12.51 8.50
0111000000000000000 763 106216156211004 111000000000000000 106226156211004 14.87 12.51 8.50
0111000000000000000 763 106216156211004 111000000000000000 106236156211004 14.87 12.51 8.50
0111000000000000000 763 106216156211004 111000000000000000 106246156211004 14.87 12.51 8.50
0111000000000000000 763 106216156211004 111000000000000000 106256156211004 14.87 12.51 8.50
0111000000000000000 763 106216156211004 111000000000000000 106266156211004 14.87 12.51 8.50
0111000000000000000 763 106216156211004 111000000000000000 106276156211004 14.87 12.51 8.50
0111000000000000000 763 106216156211004 111000000000000000 106210156211004 14.87 12.51 8.50
0111000000000000000 763 106216156211004 111000000000000000 106211156211004 14.87 12.51 8.50
0111000000000000000 763 106216156211004 111000000000000000 106212156211004 14.87 12.51 8.50
0111000000000000000 763 106216156211004 111000000000000000 106213156211004 14.87 12.51 8.50
0111000000000000000 763 106216156211004 111000000000000000 106214156211004 14.87 12.51 8.50
0111000000000000000 763 106216156211004 111000000000000000 106215156211004 14.87 12.51 8.50
0111000000000000000 763 106216156211004 111000000000000000 106217156211004 14.87 12.51 8.50
0111000000000000000 763 106216156211004 111111111111111111 106216056211004 14.87 4.17 8.50
0111000000000000000 763 106216156211004 111100000000000000 106216256211004 14.87 12.51 8.50
0111000000000000000 763 106216156211004 111110000000000000 106216356211004 14.87 12.51 13.80
0111000000000000000 763 106216156211004 111110000000000000 106216456211004 14.87 12.51 13.80
0111000000000000000 763 106216156211004 111111000000000000 106216556211004 14.87 12.51 13.80
0111000000000000000 763 106216156211004 111111100000000000 106216656211004 14.87 12.51 13.80
0111000000000000000 763 106216156211004 111111100000000000 106216756211004 14.87 12.51 13.80
0111000000000000000 763 106216156211004 111000000000000000 106216106211004 14.87 12.51 8.50
0111000000000000000 763 106216156211004 111000000000000000 106216116211004 14.87 12.51 8.50
0111000000000000000 763 106216156211004 111000000000000000 106216126211004 14.87 12.51 8.50
0111000000000000000 763 106216156211004 111000000000000000 106216136211004 14.87 12.51 8.50
0111000000000000000 763 106216156211004 111000000000000000 106216146211004 14.87 12.51 8.50
0111000000000000000 763 106216156211004 111000000000000000 106216166211004 14.87 12.51 8.50
0111000000000000000 763 106216156211004 111000000000000000 106216176211004 14.87 12.51 8.50
0111000000000000000 763 106216156211004 111111111110000000 106216150211004 14.87 12.51 13.80
0111000000000000000 763 106216156211004 111111100000000000 106216151211004 14.87 12.51 13.80
0111000000000000000 763 106216156211004 111111000000000000 106216152211004 14.87 12.51 13.80
0111000000000000000 763 106216156211004 111110000000000000 106216153211004 14.87 12.51 13.80
0111000000000000000 763 106216156211004 111100000000000000 106216154211004 14.87 12.51 8.50
0111000000000000000 763 106216156211004 111100000000000000 106216155211004 14.87 12.51 8.50
0111000000000000000 763 106216156211004 111000000000000000 106216157211004 14.87 12.51 8.50
0111000000000000000 763 106216156211004 111111000000000000 106216156011004 14.87 12.51 13.80
0111000000000000000 763 106216156211004 111100000000000000 106216156111004 14.87 12.51 8.50
0111000000000000000 763 106216156211004 111000000000000000 106216156311004 14.87 12.51 8.50
0111000000000000000 763 106216156211004 111000000000000000 106216156411004 14.87 12.51 8.50
0111000000000000000 763 106216156211004 111000000000000000 106216156511004 14.87 12.51 8.50
0111000000000000000 763 106216156211004 111100000000000000 106216156611004 14.87 12.51 8.50
0111000000000000000 763 106216156211004 111111100000000000 106216156711004 14.87 12.51 13.80
0111000000000000000 763 106216156211004 111000000000000000 106216156201004 14.87 12.51 8.50
0111000000000000000 763 106216156211004 111000000000000000 106216156221004 14.87 12.51 8.50
0111000000000000000 763 106216156211004 111100000000000000 106216156231004 14.87 12.51 8.50
0111000000000000000 763 106216156211004 111100000000000000 106216156241004 14.87 12.51 8.50
0111000000000000000 763 106216156211004 111100000000000000 106216156251004 14.87 12.51 8.50
0111000000000000000 763 106216156211004 111100000000000000 106216156261004 14.87 12.51 8.50
0111000000000000000 763 106216156211004 111100000000000000 106216156271004 14.87 12.51 8.50
0111000000000000000 763 106216156211004 111111100000000000 106216156210004 14.87 12.51 13.80
0111000000000000000 763 106216156211004 111000000000000000 106216156212004 14.87 12.51 8.50
0111000000000000000 763 106216156211004 111000000000000000 106216156213004 14.87 12.51 8.50
0111000000000000000 763 106216156211004 110000000000000000 106216156214004 14.87 12.51 11.10
0111000000000000000 763 106216156211004 110000000000000000 106216156215004 14.87 12.51 11.10
0111000000000000000 763 106216156211004 110000000000000000 106216156216004 14.87 12.51 11.10
0111000000000000000 763 106216156211004 110000000000000000 106216156217004 14.87 12.51 11.10
0111000000000000000 763 106216156211004 111000000000000000 106216156211104 14.87 12.51 8.50
0111000000000000000 763 106216156211004 111000000000000000 106216156211204 14.87 12.51 8.50
0111000000000000000 763 106216156211004 111000000000000000 106216156211304 14.87 12.51 8.50
0111000000000000000 763 106216156211004 111000000000000000 106216156211404 14.87 12.51 8.50
0111000000000000000 763 106216156211004 111000000000000000 106216156211504 14.87 12.51 8.50
0111000000000000000 763 106216156211004 111000000000000000 106216156211604 14.87 12.51 8.50
0111000000000000000 763 106216156211004 111000000000000000 106216156211704 14.87 12.51 8.50
0111000000000000000 763 106216156211004 111110000000000000 106216156211014 14.87 12.51 13.80
0111000000000000000 763 106216156211004 111111000000000000 106216156211024 14.87 12.51 13.80
0111000000000000000 763 106216156211004 111111100000000000 106216156211034 14.87 12.51 13.80
0111000000000000000 763 106216156211004 111111110000000000 106216156211044 14.87 12.51 13.80
0111000000000000000 763 106216156211004 111111111100000000 106216156211054 14.87 12.51 13.80
0111000000000000000 763 106216156211004 111111111110000000 106216156211064 14.87 12.51 13.80
0111000000000000000 763 106216156211004 111111111111000000 106216156211074 14.87 12.51 13.80
0111000000000000000 763 106216156211004 111111111000000000 106216156211000 14.87 12.51 13.80
0111000000000000000 763 106216156211004 111111000000000000 106216156211001 14.87 12.51 13.80
0111000000000000000 763 106216156211004 111100000000000000 106216156211002 14.87 12.51 8.50
0111000000000000000 763 106216156211004 111100000000000000 106216156211003 14.87 12.51 8.50
0111000000000000000 763 106216156211004 111000000000000000 106216156211005 14.87 12.51 8.50
0111000000000000000 763 106216156211004 111000000000000000 106216156211006 14.87 12.51 8.50
0111000000000000000 763 106216156211004 111000000000000000 106216156211007 14.87 12.51 8.50
0111000000000000000 795 654542726714015 111100000000000000 054542726714015 14.87 12.51 8.50
0111000000000000000 795 654542726714015 111100000000000000 154542726714015 14.87 12.51 8.50
0111000000000000000 795 654542726714015 111100000000000000 254542726714015 14.87 12.51 8.50
0111000000000000000 795 654542726714015 111100000000000000 354542726714015 14.87 12.51 8.50
0111000000000000000 795 654542726714015 111000000000000000 454542726714015 14.87 12.51 8.50
0111000000000000000 795 654542726714015 111000000000000000 554542726714015 14.87 12.51 8.50
0111000000000000000 795 654542726714015 111000000000000000 754542726714015 14.87 12.51 8.50
0111000000000000000 795 654542726714015 111000000000000000 604542726714015 14.87 12.51 8.50
0111000000000000000 795 654542726714015 111000000000000000 614542726714015 14.87 12.51 8.50
0111000000000000000 795 654542726714015 111000000000000000 624542726714015 14.87 12.51 8.50
0111000000000000000 795 654542726714015 111000000000000000 634542726714015 14.87 12.51 8.50
0111000000000000000 795 654542726714015 111000000000000000 644542726714015 14.87 12.51 8.50
0111000000000000000 795 654542726714015 111100000000000000 664542726714015 14.87 12.51 8.50
0111000000000000000 795 654542726714015 111100000000000000 674542726714015 14.87 12.51 8.50
0111000000000000000 795 654542726714015 110000000000000000 650542726714015 14.87 12.51 11.10
0111000000000000000 795 654542726714015 111000000000000000 651542726714015 14.87 12.51 8.50
0111000000000000000 795 654542726714015 111000000000000000 652542726714015 14.87 12.51 8.50
0111000000000000000 795 654542726714015 111000000000000000 653542726714015 14.87 12.51 8.50
0111000000000000000 795 654542726714015 111000000000000000 655542726714015 14.87 12.51 8.50
0111000000000000000 795 654542726714015 111000000000000000 656542726714015 14.87 12.51 8.50
0111000000000000000 795 654542726714015 111000000000000000 657542726714015 14.87 12.51 8.50
0111000000000000000 795 654542726714015 111110000000000000 654042726714015 14.87 12.51 13.80
0111000000000000000 795 654542726714015 111100000000000000 654142726714015 14.87 12.51 8.50
0111000000000000000 795 654542726714015 111100000000000000 654242726714015 14.87 12.51 8.50
0111000000000000000 795 654542726714015 111100000000000000 654342726714015 14.87 12.51 8.50
0111000000000000000 795 654542726714015 111100000000000000 654442726714015 14.87 12.51 8.50
0111000000000000000 795 654542726714015 111000000000000000 654642726714015 14.87 12.51 8.50
0111000000000000000 795 654542726714015 111000000000000000 654742726714015 14.87 12.51 8.50
0111000000000000000 795 654542726714015 111100000000000000 654502726714015 14.87 12.51 8.50
0111000000000000000 795 654542726714015 111000000000000000 654512726714015 14.87 12.51 8.50
0111000000000000000 795 654542726714015 111000000000000000 654522726714015 14.87 12.51 8.50
0111000000000000000 795 654542726714015 111000000000000000 654532726714015 14.87 12.51 8.50
0111000000000000000 795 654542726714015 111000000000000000 654552726714015 14.87 12.51 8.50
0111000000000000000 795 654542726714015 111000000000000000 654562726714015 14.87 12.51 8.50
0111000000000000000 795 654542726714015 111000000000000000 654572726714015 14.87 12.51 8.50
0111000000000000000 795 654542726714015 111100000000000000 654540726714015 14.87 12.51 8.50
0111000000000000000 795 654542726714015 111100000000000000 654541726714015 14.87 12.51 8.50
0111000000000000000 795 654542726714015 111000000000000000 654543726714015 14.87 12.51 8.50
0111000000000000000 795 654542726714015 111000000000000000 654544726714015 14.87 12.51 8.50
0111000000000000000 795 654542726714015 111000000000000000 654545726714015 14.87 12.51 8.50
0111000000000000000 795 654542726714015 111000000000000000 654546726714015 14.87 12.51 8.50
0111000000000000000 795 654542726714015 111000000000000000 654547726714015 14.87 12.51 8.50
0111000000000000000 795 654542726714015 110000000000000000 654542026714015 14.87 12.51 11.10
0111000000000000000 795 654542726714015 110000000000000000 654542126714015 14.87 12.51 11.10
0111000000000000000 795 654542726714015 110000000000000000 654542226714015 14.87 12.51 11.10
0111000000000000000 795 654542726714015 111000000000000000 654542326714015 14.87 12.51 8.50
0111000000000000000 795 654542726714015 111000000000000000 654542426714015 14.87 12.51 8.50
0111000000000000000 795 654542726714015 111000000000000000 654542526714015 14.87 12.51 8.50
0111000000000000000 795 654542726714015 111000000000000000 654542626714015 14.87 12.51 8.50
0111000000000000000 795 654542726714015 111000000000000000 654542706714015 14.87 12.51 8.50
0111000000000000000 795 654542726714015 111000000000000000 654542716714015 14.87 12.51 8.50
0111000000000000000 795 654542726714015 111000000000000000 654542736714015 14.87 12.51 8.50
0111000000000000000 795 654542726714015 111000000000000000 654542746714015 14.87 12.51 8.50
0111000000000000000 795 654542726714015 111000000000000000 654542756714015 14.87 12.51 8.50
0111000000000000000 795 654542726714015 111000000000000000 654542766714015 14.87 12.51 8.50
0111000000000000000 795 654542726714015 111000000000000000 654542776714015 14.87 12.51 8.50
0111000000000000000 795 654542726714015 111111111100000000 654542720714015 14.87 12.51 13.80
0111000000000000000 795 654542726714015 111111100000000000 654542721714015 14.87 12.51 13.80
0111000000000000000 795 654542726714015 111111000000000000 654542722714015 14.87 12.51 13.80
0111000000000000000 795 654542726714015 111110000000000000 654542723714015 14.87 12.51 13.80
0111000000000000000 795 654542726714015 111100000000000000 654542724714015 14.87 12.51 8.50
0111000000000000000 795 654542726714015 111100000000000000 654542725714015 14.87 12.51 8.50
0111000000000000000 795 654542726714015 111000000000000000 654542727714015 14.87 12.51 8.50
0111000000000000000 795 654542726714015 111111111111000000 654542726014015 14.87 12.51 13.80
0111000000000000000 795 654542726714015 111111110000000000 654542726114015 14.87 12.51 13.80
0111000000000000000 795 654542726714015 111111000000000000 654542726214015 14.87 12.51 13.80
0111000000000000000 795 654542726714015 111110000000000000 654542726314015 14.87 12.51 13.80
0111000000000000000 795 654542726714015 111100000000000000 654542726414015 14.87 12.51 8.50
0111000000000000000 795 654542726714015 111100000000000000 654542726514015 14.87 12.51 8.50
0111000000000000000 795 654542726714015 111100000000000000 654542726614015 14.87 12.51 8.50
0111000000000000000 795 654542726714015 111000000000000000 654542726704015 14.87 12.51 8.50
0111000000000000000 795 654542726714015 111100000000000000 654542726724015 14.87 12.51 8.50
0111000000000000000 795 654542726714015 111100000000000000 654542726734015 14.87 12.51 8.50
0111000000000000000 795 654542726714015 111100000000000000 654542726744015 14.87 12.51 8.50
0111000000000000000 795 654542726714015 111100000000000000 654542726754015 14.87 12.51 8.50
0111000000000000000 795 654542726714015 111100000000000000 654542726764015 14.87 12.51 8.50
0111000000000000000 795 654542726714015 111100000000000000 654542726774015 14.87 12.51 8.50
0111000000000000000 795 654542726714015 111111100000000000 654542726710015 14.87 12.51 13.80
0111000000000000000 795 654542726714015 111110000000000000 654542726711015 14.87 12.51 13.80
0111000000000000000 795 654542726714015 111100000000000000 654542726712015 14.87 12.51 8.50
0111000000000000000 795 654542726714015 111100000000000000 654542726713015 14.87 12.51 8.50
0111000000000000000 795 654542726714015 111000000000000000 654542726715015 14.87 12.51 8.50
0111000000000000000 795 654542726714015 111000000000000000 654542726716015 14.87 12.51 8.50
0111000000000000000 795 654542726714015 111000000000000000 654542726717015 14.87 12.51 8.50
0111000000000000000 795 654542726714015 111000000000000000 654542726714115 14.87 12.51 8.50
0111000000000000000 795 654542726714015 111000000000000000 654542726714215 14.87 12.51 8.50
0111000000000000000 795 654542726714015 111000000000000000 654542726714315 14.87 12.51 8.50
0111000000000000000 795 654542726714015 111000000000000000 654542726714415 14.87 12.51 8.50
0111000000000000000 795 654542726714015 111000000000000000 654542726714515 14.87 12.51 8.50
0111000000000000000 795 654542726714015 111000000000000000 654542726714615 14.87 12.51 8.50
0111000000000000000 795 654542726714015 111000000000000000 654542726714715 14.87 12.51 8.50
0111000000000000000 795 654542726714015 111000000000000000 654542726714005 14.87 12.51 8.50
0111000000000000000 795 654542726714015 111100000000000000 654542726714025 14.87 12.51 8.50
0111000000000000000 795 654542726714015 111110000000000000 654542726714035 14.87 12.51 13.80
0111000000000000000 795 654542726714015 111110000000000000 654542726714045 14.87 12.51 13.80
0111000000000000000 795 654542726714015 111111000000000000 654542726714055 14.87 12.51 13.80
0111000000000000000 795 654542726714015 111111100000000000 654542726714065 14.87 12.51 13.80
0111000000000000000 795 654542726714015 111111100000000000 654542726714075 14.87 12.51 13.80
0111000000000000000 795 654542726714015 111111111000000000 654542726714010 14.87 12.51 13.80
0111000000000000000 795 654542726714015 111111000000000000 654542726714011 14.87 12.51 13.80
0111000000000000000 795 654542726714015 111110000000000000 654542726714012 14.87 12.51 13.80
0111000000000000000 795 654542726714015 111100000000000000 654542726714013 14.87 12.51 8.50
0111000000000000000 795 654542726714015 111100000000000000 654542726714014 14.87 12.51 8.50
0111000000000000000 795 654542726714015 111000000000000000 654542726714016 14.87 12.51 8.50
0111000000000000000 795 654542726714015 111000000000000000 654542726714017 14.87 12.51 8.50
0111000000000000000 854 421257705642506 111100000000000000 021257705642506 14.87 12.51 8.50
0111000000000000000 854 421257705642506 111100000000000000 121257705642506 14.87 12.51 8.50
0111000000000000000 854 421257705642506 111100000000000000 221257705642506 14.87 12.51 8.50
0111000000000000000 854 421257705642506 111100000000000000 321257705642506 14.87 12.51 8.50
0111000000000000000 854 421257705642506 111000000000000000 521257705642506 14.87 12.51 8.50
0111000000000000000 854 421257705642506 111000000000000000 621257705642506 14.87 12.51 8.50
0111000000000000000 854 421257705642506 111000000000000000 721257705642506 14.87 12.51 8.50
0111000000000000000 854 421257705642506 110000000000000001 401257705642506 14.87 14.59 11.10
0111000000000000000 854 421257705642506 111000000000000000 411257705642506 14.87 12.51 8.50
0111000000000000000 854 421257705642506 111100000000000000 431257705642506 14.87 12.51 8.50
0111000000000000000 854 421257705642506 111100000000000000 441257705642506 14.87 12.51 8.50
0111000000000000000 854 421257705642506 111100000000000000 451257705642506 14.87 12.51 8.50
0111000000000000000 854 421257705642506 111110000000000000 461257705642506 14.87 12.51 13.80
0111000000000000000 854 421257705642506 111110000000000000 471257705642506 14.87 12.51 13.80
0111000000000000000 854 421257705642506 111000000000000001 420257705642506 14.87 14.59 11.10
0111000000000000000 854 421257705642506 111100000000000000 422257705642506 14.87 12.51 8.50
0111000000000000000 854 421257705642506 111100000000000000 423257705642506 14.87 12.51 8.50
0111000000000000000 854 421257705642506 111100000000000000 424257705642506 14.87 12.51 8.50
0111000000000000000 854 421257705642506 111100000000000000 425257705642506 14.87 12.51 8.50
0111000000000000000 854 421257705642506 111100000000000000 426257705642506 14.87 12.51 8.50
0111000000000000000 854 421257705642506 111100000000000000 427257705642506 14.87 12.51 8.50
0111000000000000000 854 421257705642506 111110000000000000 421057705642506 14.87 12.51 13.80
0111000000000000000 854 421257705642506 111100000000000000 421157705642506 14.87 12.51 8.50
0111000000000000000 854 421257705642506 111000000000000000 421357705642506 14.87 12.51 8.50
0111000000000000000 854 421257705642506 111000000000000000 421457705642506 14.87 12.51 8.50
0111000000000000000 854 421257705642506 110000000000000000 421557705642506 14.87 12.51 11.10
0111000000000000000 854 421257705642506 110000000000000000 421657705642506 14.87 12.51 11.10
0111000000000000000 854 421257705642506 110000000000000001 421757705642506 14.87 14.59 11.10
0111000000000000000 854 421257705642506 111000000000000000 421207705642506 14.87 12.51 8.50
0111000000000000000 854 421257705642506 111000000000000000 421217705642506 14.87 12.51 8.50
0111000000000000000 854 421257705642506 111000000000000000 421227705642506 14.87 12.51 8.50
0111000000000000000 854 421257705642506 111000000000000000 421237705642506 14.87 12.51 8.50
0111000000000000000 854 421257705642506 111000000000000000 421247705642506 14.87 12.51 8.50
0111000000000000000 854 421257705642506 111000000000000000 421267705642506 14.87 12.51 8.50
0111000000000000000 854 421257705642506 111000000000000000 421277705642506 14.87 12.51 8.50
0111000000000000000 854 421257705642506 111100000000000000 421250705642506 14.87 12.51 8.50
0111000000000000000 854 421257705642506 111000000000000000 421251705642506 14.87 12.51 8.50
0111000000000000000 854 421257705642506 111000000000000000 421252705642506 14.87 12.51 8.50
0111000000000000000 854 421257705642506 111000000000000000 421253705642506 14.87 12.51 8.50
0111000000000000000 854 421257705642506 111000000000000000 421254705642506 14.87 12.51 8.50
0111000000000000000 854 421257705642506 111000000000000000 421255705642506 14.87 12.51 8.50
0111000000000000000 854 421257705642506 111000000000000000 421256705642506 14.87 12.51 8.50
0111000000000000000 854 421257705642506 111111111111111111 421257005642506 14.87 4.17 8.50
0111000000000000000 854 421257705642506 111111111111111111 421257105642506 14.87 4.17 8.50
0111000000000000000 854 421257705642506 111111111111111111 421257205642506 14.87 4.17 8.50
0111000000000000000 854 421257705642506 111000000000000011 421257305642506 14.87 16.68 13.80
0111000000000000000 854 421257705642506 111000000000000001 421257405642506 14.87 14.59 11.10
0111000000000000000 854 421257705642506 111000000000000000 421257505642506 14.87 12.51 8.50
0111000000000000000 854 421257705642506 111000000000000000 421257605642506 14.87 12.51 8.50
0111000000000000000 854 421257705642506 111000000000000000 421257715642506 14.87 12.51 8.50
0111000000000000000 854 421257705642506 111000000000000000 421257725642506 14.87 12.51 8.50
0111000000000000000 854 421257705642506 111000000000000000 421257735642506 14.87 12.51 8.50
0111000000000000000 854 421257705642506 111000000000000000 421257745642506 14.87 12.51 8.50
0111000000000000000 854 421257705642506 111000000000000000 421257755642506 14.87 12.51 8.50
0111000000000000000 854 421257705642506 111000000000000000 421257765642506 14.87 12.51 8.50
0111000000000000000 854 421257705642506 111000000000000000 421257775642506 14.87 12.51 8.50
0111000000000000000 854 421257705642506 111111111111000000 421257700642506 14.87 12.51 13.80
0111000000000000000 854 421257705642506 111111100000000000 421257701642506 14.87 12.51 13.80
0111000000000000000 854 421257705642506 111111000000000000 421257702642506 14.87 12.51 13.80
0111000000000000000 854 421257705642506 111100000000000000 421257703642506 14.87 12.51 8.50
0111000000000000000 854 421257705642506 111100000000000000 421257704642506 14.87 12.51 8.50
0111000000000000000 854 421257705642506 111000000000000000 421257706642506 14.87 12.51 8.50
0111000000000000000 854 421257705642506 111000000000000000 421257707642506 14.87 12.51 8.50
0111000000000000000 854 421257705642506 111111111111111000 421257705042506 14.87 12.51 13.80
0111000000000000000 854 421257705642506 111111111000000000 421257705142506 14.87 12.51 13.80
0111000000000000000 854 421257705642506 111111000000000000 421257705242506 14.87 12.51 13.80
0111000000000000000 854 421257705642506 111110000000000000 421257705342506 14.87 12.51 13.80
0111000000000000000 854 421257705642506 111100000000000000 421257705442506 14.87 12.51 8.50
0111000000000000000 854 421257705642506 111100000000000000 421257705542506 14.87 12.51 8.50
0111000000000000000 854 421257705642506 111000000000000000 421257705742506 14.87 12.51 8.50
0111000000000000000 854 421257705642506 111000000000000000 421257705602506 14.87 12.51 8.50
0111000000000000000 854 421257705642506 111000000000000000 421257705612506 14.87 12.51 8.50
0111000000000000000 854 421257705642506 111000000000000000 421257705622506 14.87 12.51 8.50
0111000000000000000 854 421257705642506 111000000000000000 421257705632506 14.87 12.51 8.50
0111000000000000000 854 421257705642506 111000000000000000 421257705652506 14.87 12.51 8.50
0111000000000000000 854 421257705642506 111100000000000000 421257705662506 14.87 12.51 8.50
0111000000000000000 854 421257705642506 111100000000000000 421257705672506 14.87 12.51 8.50
0111000000000000000 854 421257705642506 111110000000000000 421257705640506 14.87 12.51 13.80
0111000000000000000 854 421257705642506 111100000000000000 421257705641506 14.87 12.51 8.50
0111000000000000000 854 421257705642506 111000000000000001 421257705643506 14.87 14.59 11.10
0111000000000000000 854 421257705642506 111000000000001111 421257705644506 14.87 16.68 13.80
0111000000000000000 854 421257705642506 110000000000011111 421257705645506 14.87 16.68 16.40
0111000000000000000 854 421257705642506 110000000001111111 421257705646506 14.87 16.68 16.40
0111000000000000000 854 421257705642506 110000000011111111 421257705647506 14.87 16.68 16.40
0111000000000000000 854 421257705642506 111000000000000000 421257705642006 14.87 12.51 8.50
0111000000000000000 854 421257705642506 111000000000000000 421257705642106 14.87 12.51 8.50
0111000000000000000 854 421257705642506 111000000000000000 421257705642206 14.87 12.51 8.50
0111000000000000000 854 421257705642506 111000000000000000 421257705642306 14.87 12.51 8.50
0111000000000000000 854 421257705642506 111000000000000000 421257705642406 14.87 12.51 8.50
0111000000000000000 854 421257705642506 111000000000000000 421257705642606 14.87 12.51 8.50
0111000000000000000 854 421257705642506 111000000000000000 421257705642706 14.87 12.51 8.50
0111000000000000000 854 421257705642506 111110000000000000 421257705642516 14.87 12.51 13.80
0111000000000000000 854 421257705642506 111111100000000000 421257705642526 14.87 12.51 13.80
0111000000000000000 854 421257705642506 111111111000000000 421257705642536 14.87 12.51 13.80
0111000000000000000 854 421257705642506 111111111110000000 421257705642546 14.87 12.51 13.80
0111000000000000000 854 421257705642506 111111111111000000 421257705642556 14.87 12.51 13.80
0111000000000000000 854 421257705642506 111111111111110000 421257705642566 14.87 12.51 13.80
0111000000000000000 854 421257705642506 111111111111111100 421257705642576 14.87 12.51 13.80
0111000000000000000 854 421257705642506 111111111111100000 421257705642500 14.87 12.51 13.80
0111000000000000000 854 421257705642506 111111110000000000 421257705642501 14.87 12.51 13.80
0111000000000000000 854 421257705642506 111111000000000000 421257705642502 14.87 12.51 13.80
0111000000000000000 854 421257705642506 111110000000000000 421257705642503 14.87 12.51 13.80
0111000000000000000 854 421257705642506 111100000000000000 421257705642504 14.87 12.51 8.50
0111000000000000000 854 421257705642506 111100000000000000 421257705642505 14.87 12.51 8.50
0111000000000000000 854 421257705642506 111000000000000000 421257705642507 14.87 12.51 8.50
