ParentPhenotype line ParentGenotype MutantPhenotype MutantGenotype KC_col1 KC_col4 Conditional_Complexity
0100000000000000000 32464 500621236706055 110000000000000000 000621236706055 14.87 12.51 8.50
0100000000000000000 32464 500621236706055 110000000000000000 100621236706055 14.87 12.51 8.50
0100000000000000000 32464 500621236706055 100000000000000000 200621236706055 14.87 10.42 5.90
0100000000000000000 32464 500621236706055 100000000000000000 300621236706055 14.87 10.42 5.90
0100000000000000000 32464 500621236706055 100000000000000000 400621236706055 14.87 10.42 5.90
0100000000000000000 32464 500621236706055 100000000000000000 600621236706055 14.87 10.42 5.90
0100000000000000000 32464 500621236706055 100000000000000000 700621236706055 14.87 10.42 5.90
0100000000000000000 32464 500621236706055 100000000000000000 510621236706055 14.87 10.42 5.90
0100000000000000000 32464 500621236706055 100000000000000000 520621236706055 14.87 10.42 5.90
0100000000000000000 32464 500621236706055 110000000000000000 530621236706055 14.87 12.51 8.50
0100000000000000000 32464 500621236706055 110000000000000000 540621236706055 14.87 12.51 8.50
0100000000000000000 32464 500621236706055 110000000000000000 550621236706055 14.87 12.51 8.50
0100000000000000000 32464 500621236706055 110000000000000000 560621236706055 14.87 12.51 8.50
0100000000000000000 32464 500621236706055 110000000000000000 570621236706055 14.87 12.51 8.50
0100000000000000000 32464 500621236706055 100000000000000000 501621236706055 14.87 10.42 5.90
0100000000000000000 32464 500621236706055 110000000000000000 502621236706055 14.87 12.51 8.50
0100000000000000000 32464 500621236706055 110000000000000000 503621236706055 14.87 12.51 8.50
0100000000000000000 32464 500621236706055 110000000000000000 504621236706055 14.87 12.51 8.50
0100000000000000000 32464 500621236706055 110000000000000000 505621236706055 14.87 12.51 8.50
0100000000000000000 32464 500621236706055 110000000000000000 506621236706055 14.87 12.51 8.50
0100000000000000000 32464 500621236706055 110000000000000000 507621236706055 14.87 12.51 8.50
0100000000000000000 32464 500621236706055 110000000000000000 500021236706055 14.87 12.51 8.50
0100000000000000000 32464 500621236706055 110000000000000000 500121236706055 14.87 12.51 8.50
0100000000000000000 32464 500621236706055 100000000000000000 500221236706055 14.87 10.42 5.90
0100000000000000000 32464 500621236706055 100000000000000000 500321236706055 14.87 10.42 5.90
0100000000000000000 32464 500621236706055 100000000000000000 500421236706055 14.87 10.42 5.90
0100000000000000000 32464 500621236706055 100000000000000000 500521236706055 14.87 10.42 5.90
0100000000000000000 32464 500621236706055 100000000000000000 500721236706055 14.87 10.42 5.90
0100000000000000000 32464 500621236706055 100000000000000000 500601236706055 14.87 10.42 5.90
0100000000000000000 32464 500621236706055 100000000000000000 500611236706055 14.87 10.42 5.90
0100000000000000000 32464 500621236706055 100000000000000000 500631236706055 14.87 10.42 5.90
0100000000000000000 32464 500621236706055 100000000000000000 500641236706055 14.87 10.42 5.90
0100000000000000000 32464 500621236706055 100000000000000000 500651236706055 14.87 10.42 5.90
0100000000000000000 32464 500621236706055 100000000000000000 500661236706055 14.87 10.42 5.90
0100000000000000000 32464 500621236706055 100000000000000000 500671236706055 14.87 10.42 5.90
0100000000000000000 32464 500621236706055 100000000000000000 500620236706055 14.87 10.42 5.90
0100000000000000000 32464 500621236706055 100000000000000000 500622236706055 14.87 10.42 5.90
0100000000000000000 32464 500621236706055 100000000000000000 500623236706055 14.87 10.42 5.90
0100000000000000000 32464 500621236706055 100000000000000000 500624236706055 14.87 10.42 5.90
0100000000000000000 32464 500621236706055 110000000000000000 500625236706055 14.87 12.51 8.50
0100000000000000000 32464 500621236706055 110000000000000000 500626236706055 14.87 12.51 8.50
0100000000000000000 32464 500621236706055 110000000000000000 500627236706055 14.87 12.51 8.50
0100000000000000000 32464 500621236706055 111111111111111111 500621036706055 14.87 4.17 8.50
0100000000000000000 32464 500621236706055 100000000000000000 500621136706055 14.87 10.42 5.90
0100000000000000000 32464 500621236706055 100000000000000000 500621336706055 14.87 10.42 5.90
0100000000000000000 32464 500621236706055 100000000000000000 500621436706055 14.87 10.42 5.90
0100000000000000000 32464 500621236706055 110000000000000000 500621536706055 14.87 12.51 8.50
0100000000000000000 32464 500621236706055 111000000000000000 500621636706055 14.87 12.51 13.80
0100000000000000000 32464 500621236706055 111000000000000000 500621736706055 14.87 12.51 13.80
0100000000000000000 32464 500621236706055 100000000000000000 500621206706055 14.87 10.42 5.90
0100000000000000000 32464 500621236706055 100000000000000000 500621216706055 14.87 10.42 5.90
0100000000000000000 32464 500621236706055 100000000000000000 500621226706055 14.87 10.42 5.90
0100000000000000000 32464 500621236706055 100000000000000000 500621246706055 14.87 10.42 5.90
0100000000000000000 32464 500621236706055 100000000000000000 500621256706055 14.87 10.42 5.90
0100000000000000000 32464 500621236706055 100000000000000000 500621266706055 14.87 10.42 5.90
0100000000000000000 32464 500621236706055 100000000000000000 500621276706055 14.87 10.42 5.90
0100000000000000000 32464 500621236706055 111110000000000000 500621230706055 14.87 12.51 13.80
0100000000000000000 32464 500621236706055 111000000000000000 500621231706055 14.87 12.51 13.80
0100000000000000000 32464 500621236706055 110000000000000000 500621232706055 14.87 12.51 8.50
0100000000000000000 32464 500621236706055 110000000000000000 500621233706055 14.87 12.51 8.50
0100000000000000000 32464 500621236706055 100000000000000000 500621234706055 14.87 10.42 5.90
0100000000000000000 32464 500621236706055 100000000000000000 500621235706055 14.87 10.42 5.90
0100000000000000000 32464 500621236706055 100000000000000000 500621237706055 14.87 10.42 5.90
0100000000000000000 32464 500621236706055 111111110000000000 500621236006055 14.87 12.51 13.80
0100000000000000000 32464 500621236706055 111110000000000000 500621236106055 14.87 12.51 13.80
0100000000000000000 32464 500621236706055 111000000000000000 500621236206055 14.87 12.51 13.80
0100000000000000000 32464 500621236706055 110000000000000000 500621236306055 14.87 12.51 8.50
0100000000000000000 32464 500621236706055 110000000000000000 500621236406055 14.87 12.51 8.50
0100000000000000000 32464 500621236706055 100000000000000000 500621236506055 14.87 10.42 5.90
0100000000000000000 32464 500621236706055 100000000000000000 500621236606055 14.87 10.42 5.90
0100000000000000000 32464 500621236706055 100000000000000000 500621236716055 14.87 10.42 5.90
0100000000000000000 32464 500621236706055 100000000000000001 500621236726055 14.87 12.51 11.10
0100000000000000000 32464 500621236706055 100000000000000111 500621236736055 14.87 14.59 13.80
0100000000000000000 32464 500621236706055 100000000000001111 500621236746055 14.87 14.59 13.80
0100000000000000000 32464 500621236706055 100000000000001111 500621236756055 14.87 14.59 13.80
0100000000000000000 32464 500621236706055 100000000000011111 500621236766055 14.87 14.59 13.80
0100000000000000000 32464 500621236706055 100000000000011111 500621236776055 14.87 14.59 13.80
0100000000000000000 32464 500621236706055 111111111111111111 500621236700055 14.87 4.17 8.50
0100000000000000000 32464 500621236706055 111111111111111111 500621236701055 14.87 4.17 8.50
0100000000000000000 32464 500621236706055 110000000000000000 500621236702055 14.87 12.51 8.50
0100000000000000000 32464 500621236706055 100000000000000000 500621236703055 14.87 10.42 5.90
0100000000000000000 32464 500621236706055 100000000000000000 500621236704055 14.87 10.42 5.90
0100000000000000000 32464 500621236706055 100000000000000000 500621236705055 14.87 10.42 5.90
0100000000000000000 32464 500621236706055 100000000000000000 500621236707055 14.87 10.42 5.90
0100000000000000000 32464 500621236706055 100000000000000000 500621236706155 14.87 10.42 5.90
0100000000000000000 32464 500621236706055 100000000000000000 500621236706255 14.87 10.42 5.90
0100000000000000000 32464 500621236706055 100000000000000001 500621236706355 14.87 12.51 11.10
0100000000000000000 32464 500621236706055 100000000000000111 500621236706455 14.87 14.59 13.80
0100000000000000000 32464 500621236706055 100000000000001111 500621236706555 14.87 14.59 13.80
0100000000000000000 32464 500621236706055 100000000000011111 500621236706655 14.87 14.59 13.80
0100000000000000000 32464 500621236706055 100000000000011111 500621236706755 14.87 14.59 13.80
0100000000000000000 32464 500621236706055 111111111111111111 500621236706005 14.87 4.17 8.50
0100000000000000000 32464 500621236706055 111111110000000000 500621236706015 14.87 12.51 13.80
0100000000000000000 32464 500621236706055 111100000000000000 500621236706025 14.87 12.51 13.80
0100000000000000000 32464 500621236706055 100000000000000000 500621236706035 14.87 10.42 5.90
0100000000000000000 32464 500621236706055 100000000000000000 500621236706045 14.87 10.42 5.90
0100000000000000000 32464 500621236706055 100000000000000000 500621236706065 14.87 10.42 5.90
0100000000000000000 32464 500621236706055 100000000000000000 500621236706075 14.87 10.42 5.90
0100000000000000000 32464 500621236706055 111100000000000000 500621236706050 14.87 12.51 13.80
0100000000000000000 32464 500621236706055 110000000000000000 500621236706051 14.87 12.51 8.50
0100000000000000000 32464 500621236706055 110000000000000000 500621236706052 14.87 12.51 8.50
0100000000000000000 32464 500621236706055 100000000000000000 500621236706053 14.87 10.42 5.90
0100000000000000000 32464 500621236706055 100000000000000000 500621236706054 14.87 10.42 5.90
0100000000000000000 32464 500621236706055 100000000000000000 500621236706056 14.87 10.42 5.90
0100000000000000000 32464 500621236706055 100000000000000000 500621236706057 14.87 10.42 5.90
0100000000000000000 41396 642752657704206 110000000000000000 042752657704206 14.87 12.51 8.50
0100000000000000000 41396 642752657704206 110000000000000000 142752657704206 14.87 12.51 8.50
0100000000000000000 41396 642752657704206 110000000000000000 242752657704206 14.87 12.51 8.50
0100000000000000000 41396 642752657704206 110000000000000000 342752657704206 14.87 12.51 8.50
0100000000000000000 41396 642752657704206 110000000000000000 442752657704206 14.87 12.51 8.50
0100000000000000000 41396 642752657704206 100000000000000000 542752657704206 14.87 10.42 5.90
0100000000000000000 41396 642752657704206 100000000000000000 742752657704206 14.87 10.42 5.90
0100000000000000000 41396 642752657704206 111110000000000000 602752657704206 14.87 12.51 13.80
0100000000000000000 41396 642752657704206 100000000000000000 612752657704206 14.87 10.42 5.90
0100000000000000000 41396 642752657704206 100000000000000000 622752657704206 14.87 10.42 5.90
0100000000000000000 41396 642752657704206 100000000000000000 632752657704206 14.87 10.42 5.90
0100000000000000000 41396 642752657704206 110000000000000000 652752657704206 14.87 12.51 8.50
0100000000000000000 41396 642752657704206 110000000000000000 662752657704206 14.87 12.51 8.50
0100000000000000000 41396 642752657704206 110000000000000000 672752657704206 14.87 12.51 8.50
0100000000000000000 41396 642752657704206 111111111100000000 640752657704206 14.87 12.51 13.80
0100000000000000000 41396 642752657704206 110000000000000000 641752657704206 14.87 12.51 8.50
0100000000000000000 41396 642752657704206 110000000000000000 643752657704206 14.87 12.51 8.50
0100000000000000000 41396 642752657704206 110000000000000000 644752657704206 14.87 12.51 8.50
0100000000000000000 41396 642752657704206 110000000000000000 645752657704206 14.87 12.51 8.50
0100000000000000000 41396 642752657704206 110000000000000000 646752657704206 14.87 12.51 8.50
0100000000000000000 41396 642752657704206 110000000000000000 647752657704206 14.87 12.51 8.50
0100000000000000000 41396 642752657704206 111100000000000000 642052657704206 14.87 12.51 13.80
0100000000000000000 41396 642752657704206 111000000000000000 642152657704206 14.87 12.51 13.80
0100000000000000000 41396 642752657704206 110000000000000000 642252657704206 14.87 12.51 8.50
0100000000000000000 41396 642752657704206 110000000000000000 642352657704206 14.87 12.51 8.50
0100000000000000000 41396 642752657704206 110000000000000000 642452657704206 14.87 12.51 8.50
0100000000000000000 41396 642752657704206 110000000000000000 642552657704206 14.87 12.51 8.50
0100000000000000000 41396 642752657704206 110000000000000000 642652657704206 14.87 12.51 8.50
0100000000000000000 41396 642752657704206 110000000000000000 642702657704206 14.87 12.51 8.50
0100000000000000000 41396 642752657704206 110000000000000000 642712657704206 14.87 12.51 8.50
0100000000000000000 41396 642752657704206 110000000000000000 642722657704206 14.87 12.51 8.50
0100000000000000000 41396 642752657704206 110000000000000000 642732657704206 14.87 12.51 8.50
0100000000000000000 41396 642752657704206 100000000000000000 642742657704206 14.87 10.42 5.90
0100000000000000000 41396 642752657704206 100000000000000000 642762657704206 14.87 10.42 5.90
0100000000000000000 41396 642752657704206 100000000000000000 642772657704206 14.87 10.42 5.90
0100000000000000000 41396 642752657704206 110000000000000000 642750657704206 14.87 12.51 8.50
0100000000000000000 41396 642752657704206 100000000000000000 642751657704206 14.87 10.42 5.90
0100000000000000000 41396 642752657704206 100000000000000000 642753657704206 14.87 10.42 5.90
0100000000000000000 41396 642752657704206 100000000000000000 642754657704206 14.87 10.42 5.90
0100000000000000000 41396 642752657704206 100000000000000000 642755657704206 14.87 10.42 5.90
0100000000000000000 41396 642752657704206 100000000000000000 642756657704206 14.87 10.42 5.90
0100000000000000000 41396 642752657704206 100000000000000000 642757657704206 14.87 10.42 5.90
0100000000000000000 41396 642752657704206 111111111111111110 642752057704206 14.87 10.42 11.10
0100000000000000000 41396 642752657704206 111111111111100000 642752157704206 14.87 12.51 13.80
0100000000000000000 41396 642752657704206 111111000000000000 642752257704206 14.87 12.51 13.80
0100000000000000000 41396 642752657704206 110000000000000000 642752357704206 14.87 12.51 8.50
0100000000000000000 41396 642752657704206 110000000000000000 642752457704206 14.87 12.51 8.50
0100000000000000000 41396 642752657704206 100000000000000000 642752557704206 14.87 10.42 5.90
0100000000000000000 41396 642752657704206 100000000000000000 642752757704206 14.87 10.42 5.90
0100000000000000000 41396 642752657704206 100000000000000000 642752607704206 14.87 10.42 5.90
0100000000000000000 41396 642752657704206 100000000000000000 642752617704206 14.87 10.42 5.90
0100000000000000000 41396 642752657704206 100000000000000000 642752627704206 14.87 10.42 5.90
0100000000000000000 41396 642752657704206 100000000000000000 642752637704206 14.87 10.42 5.90
0100000000000000000 41396 642752657704206 100000000000000000 642752647704206 14.87 10.42 5.90
0100000000000000000 41396 642752657704206 100000000000000000 642752667704206 14.87 10.42 5.90
0100000000000000000 41396 642752657704206 100000000000000000 642752677704206 14.87 10.42 5.90
0100000000000000000 41396 642752657704206 111110000000000000 642752650704206 14.87 12.51 13.80
0100000000000000000 41396 642752657704206 111000000000000000 642752651704206 14.87 12.51 13.80
0100000000000000000 41396 642752657704206 111000000000000000 642752652704206 14.87 12.51 13.80
0100000000000000000 41396 642752657704206 110000000000000000 642752653704206 14.87 12.51 8.50
0100000000000000000 41396 642752657704206 110000000000000000 642752654704206 14.87 12.51 8.50
0100000000000000000 41396 642752657704206 110000000000000000 642752655704206 14.87 12.51 8.50
0100000000000000000 41396 642752657704206 110000000000000000 642752656704206 14.87 12.51 8.50
0100000000000000000 41396 642752657704206 111111000000000000 642752657004206 14.87 12.51 13.80
0100000000000000000 41396 642752657704206 111100000000000000 642752657104206 14.87 12.51 13.80
0100000000000000000 41396 642752657704206 111000000000000000 642752657204206 14.87 12.51 13.80
0100000000000000000 41396 642752657704206 110000000000000000 642752657304206 14.87 12.51 8.50
0100000000000000000 41396 642752657704206 110000000000000000 642752657404206 14.87 12.51 8.50
0100000000000000000 41396 642752657704206 110000000000000000 642752657504206 14.87 12.51 8.50
0100000000000000000 41396 642752657704206 110000000000000000 642752657604206 14.87 12.51 8.50
0100000000000000000 41396 642752657704206 100000000000000011 642752657714206 14.87 14.59 11.10
0100000000000000000 41396 642752657704206 110000000000001111 642752657724206 14.87 16.68 13.80
0100000000000000000 41396 642752657704206 110000000000011111 642752657734206 14.87 16.68 13.80
0100000000000000000 41396 642752657704206 110000000000011111 642752657744206 14.87 16.68 13.80
0100000000000000000 41396 642752657704206 110000000000011111 642752657754206 14.87 16.68 13.80
0100000000000000000 41396 642752657704206 110000000000111111 642752657764206 14.87 16.68 13.80
0100000000000000000 41396 642752657704206 110000000000111111 642752657774206 14.87 16.68 13.80
0100000000000000000 41396 642752657704206 111111111111111111 642752657700206 14.87 4.17 8.50
0100000000000000000 41396 642752657704206 110000000000000000 642752657701206 14.87 12.51 8.50
0100000000000000000 41396 642752657704206 110000000000000000 642752657702206 14.87 12.51 8.50
0100000000000000000 41396 642752657704206 110000000000000000 642752657703206 14.87 12.51 8.50
0100000000000000000 41396 642752657704206 100000000000000000 642752657705206 14.87 10.42 5.90
0100000000000000000 41396 642752657704206 100000000000000000 642752657706206 14.87 10.42 5.90
0100000000000000000 41396 642752657704206 100000000000000000 642752657707206 14.87 10.42 5.90
0100000000000000000 41396 642752657704206 100000000000000000 642752657704006 14.87 10.42 5.90
0100000000000000000 41396 642752657704206 100000000000000000 642752657704106 14.87 10.42 5.90
0100000000000000000 41396 642752657704206 100000000000000001 642752657704306 14.87 12.51 11.10
0100000000000000000 41396 642752657704206 100000000000000011 642752657704406 14.87 14.59 11.10
0100000000000000000 41396 642752657704206 100000000000000111 642752657704506 14.87 14.59 13.80
0100000000000000000 41396 642752657704206 100000000000000111 642752657704606 14.87 14.59 13.80
0100000000000000000 41396 642752657704206 100000000000001111 642752657704706 14.87 14.59 13.80
0100000000000000000 41396 642752657704206 110000000000000000 642752657704216 14.87 12.51 8.50
0100000000000000000 41396 642752657704206 111000000000000000 642752657704226 14.87 12.51 13.80
0100000000000000000 41396 642752657704206 111000000000000000 642752657704236 14.87 12.51 13.80
0100000000000000000 41396 642752657704206 111100000000000000 642752657704246 14.87 12.51 13.80
0100000000000000000 41396 642752657704206 111100000000000000 642752657704256 14.87 12.51 13.80
0100000000000000000 41396 642752657704206 111110000000000000 642752657704266 14.87 12.51 13.80
0100000000000000000 41396 642752657704206 111110000000000000 642752657704276 14.87 12.51 13.80
0100000000000000000 41396 642752657704206 111110000000000000 642752657704200 14.87 12.51 13.80
0100000000000000000 41396 642752657704206 111000000000000000 642752657704201 14.87 12.51 13.80
0100000000000000000 41396 642752657704206 110000000000000000 642752657704202 14.87 12.51 8.50
0100000000000000000 41396 642752657704206 110000000000000000 642752657704203 14.87 12.51 8.50
0100000000000000000 41396 642752657704206 110000000000000000 642752657704204 14.87 12.51 8.50
0100000000000000000 41396 642752657704206 110000000000000000 642752657704205 14.87 12.51 8.50
0100000000000000000 41396 642752657704206 100000000000000000 642752657704207 14.87 10.42 5.90
0100000000000000000 41708 504661527604017 110000000000000000 004661527604017 14.87 12.51 8.50
0100000000000000000 41708 504661527604017 110000000000000000 104661527604017 14.87 12.51 8.50
0100000000000000000 41708 504661527604017 110000000000000000 204661527604017 14.87 12.51 8.50
0100000000000000000 41708 504661527604017 110000000000000000 304661527604017 14.87 12.51 8.50
0100000000000000000 41708 504661527604017 110000000000000000 404661527604017 14.87 12.51 8.50
0100000000000000000 41708 504661527604017 100000000000000000 604661527604017 14.87 10.42 5.90
0100000000000000000 41708 504661527604017 100000000000000000 704661527604017 14.87 10.42 5.90
0100000000000000000 41708 504661527604017 110000000000000000 514661527604017 14.87 12.51 8.50
0100000000000000000 41708 504661527604017 110000000000000000 524661527604017 14.87 12.51 8.50
0100000000000000000 41708 504661527604017 110000000000000000 534661527604017 14.87 12.51 8.50
0100000000000000000 41708 504661527604017 110000000000000000 544661527604017 14.87 12.51 8.50
0100000000000000000 41708 504661527604017 110000000000000000 554661527604017 14.87 12.51 8.50
0100000000000000000 41708 504661527604017 111000000000000000 564661527604017 14.87 12.51 13.80
0100000000000000000 41708 504661527604017 111000000000000000 574661527604017 14.87 12.51 13.80
0100000000000000000 41708 504661527604017 111111111110000000 500661527604017 14.87 12.51 13.80
0100000000000000000 41708 504661527604017 100000000000000000 501661527604017 14.87 10.42 5.90
0100000000000000000 41708 504661527604017 100000000000000000 502661527604017 14.87 10.42 5.90
0100000000000000000 41708 504661527604017 100000000000000000 503661527604017 14.87 10.42 5.90
0100000000000000000 41708 504661527604017 110000000000000000 505661527604017 14.87 12.51 8.50
0100000000000000000 41708 504661527604017 110000000000000000 506661527604017 14.87 12.51 8.50
0100000000000000000 41708 504661527604017 110000000000000000 507661527604017 14.87 12.51 8.50
0100000000000000000 41708 504661527604017 111000000000000000 504061527604017 14.87 12.51 13.80
0100000000000000000 41708 504661527604017 110000000000000000 504161527604017 14.87 12.51 8.50
0100000000000000000 41708 504661527604017 110000000000000000 504261527604017 14.87 12.51 8.50
0100000000000000000 41708 504661527604017 110000000000000000 504361527604017 14.87 12.51 8.50
0100000000000000000 41708 504661527604017 110000000000000000 504461527604017 14.87 12.51 8.50
0100000000000000000 41708 504661527604017 100000000000000000 504561527604017 14.87 10.42 5.90
0100000000000000000 41708 504661527604017 100000000000000000 504761527604017 14.87 10.42 5.90
0100000000000000000 41708 504661527604017 110000000000000000 504601527604017 14.87 12.51 8.50
0100000000000000000 41708 504661527604017 100000000000000000 504611527604017 14.87 10.42 5.90
0100000000000000000 41708 504661527604017 100000000000000000 504621527604017 14.87 10.42 5.90
0100000000000000000 41708 504661527604017 100000000000000000 504631527604017 14.87 10.42 5.90
0100000000000000000 41708 504661527604017 100000000000000000 504641527604017 14.87 10.42 5.90
0100000000000000000 41708 504661527604017 100000000000000000 504651527604017 14.87 10.42 5.90
0100000000000000000 41708 504661527604017 100000000000000000 504671527604017 14.87 10.42 5.90
0100000000000000000 41708 504661527604017 100000000000000000 504660527604017 14.87 10.42 5.90
0100000000000000000 41708 504661527604017 100000000000000000 504662527604017 14.87 10.42 5.90
0100000000000000000 41708 504661527604017 100000000000000000 504663527604017 14.87 10.42 5.90
0100000000000000000 41708 504661527604017 100000000000000000 504664527604017 14.87 10.42 5.90
0100000000000000000 41708 504661527604017 100000000000000000 504665527604017 14.87 10.42 5.90
0100000000000000000 41708 504661527604017 100000000000000000 504666527604017 14.87 10.42 5.90
0100000000000000000 41708 504661527604017 110000000000000000 504667527604017 14.87 12.51 8.50
0100000000000000000 41708 504661527604017 111111111111110000 504661027604017 14.87 12.51 13.80
0100000000000000000 41708 504661527604017 111111000000000000 504661127604017 14.87 12.51 13.80
0100000000000000000 41708 504661527604017 100000000000000000 504661227604017 14.87 10.42 5.90
0100000000000000000 41708 504661527604017 100000000000000000 504661327604017 14.87 10.42 5.90
0100000000000000000 41708 504661527604017 100000000000000000 504661427604017 14.87 10.42 5.90
0100000000000000000 41708 504661527604017 110000000000000000 504661627604017 14.87 12.51 8.50
0100000000000000000 41708 504661527604017 110000000000000000 504661727604017 14.87 12.51 8.50
0100000000000000000 41708 504661527604017 100000000000000000 504661507604017 14.87 10.42 5.90
0100000000000000000 41708 504661527604017 100000000000000000 504661517604017 14.87 10.42 5.90
0100000000000000000 41708 504661527604017 100000000000000000 504661537604017 14.87 10.42 5.90
0100000000000000000 41708 504661527604017 100000000000000000 504661547604017 14.87 10.42 5.90
0100000000000000000 41708 504661527604017 100000000000000000 504661557604017 14.87 10.42 5.90
0100000000000000000 41708 504661527604017 100000000000000000 504661567604017 14.87 10.42 5.90
0100000000000000000 41708 504661527604017 100000000000000000 504661577604017 14.87 10.42 5.90
0100000000000000000 41708 504661527604017 111111100000000000 504661520604017 14.87 12.51 13.80
0100000000000000000 41708 504661527604017 111100000000000000 504661521604017 14.87 12.51 13.80
0100000000000000000 41708 504661527604017 111000000000000000 504661522604017 14.87 12.51 13.80
0100000000000000000 41708 504661527604017 111000000000000000 504661523604017 14.87 12.51 13.80
0100000000000000000 41708 504661527604017 110000000000000000 504661524604017 14.87 12.51 8.50
0100000000000000000 41708 504661527604017 110000000000000000 504661525604017 14.87 12.51 8.50
0100000000000000000 41708 504661527604017 110000000000000000 504661526604017 14.87 12.51 8.50
0100000000000000000 41708 504661527604017 111111100000000000 504661527004017 14.87 12.51 13.80
0100000000000000000 41708 504661527604017 111100000000000000 504661527104017 14.87 12.51 13.80
0100000000000000000 41708 504661527604017 111000000000000000 504661527204017 14.87 12.51 13.80
0100000000000000000 41708 504661527604017 111000000000000000 504661527304017 14.87 12.51 13.80
0100000000000000000 41708 504661527604017 110000000000000000 504661527404017 14.87 12.51 8.50
0100000000000000000 41708 504661527604017 110000000000000000 504661527504017 14.87 12.51 8.50
0100000000000000000 41708 504661527604017 100000000000000000 504661527704017 14.87 10.42 5.90
0100000000000000000 41708 504661527604017 100000000000000000 504661527614017 14.87 10.42 5.90
0100000000000000000 41708 504661527604017 100000000000000000 504661527624017 14.87 10.42 5.90
0100000000000000000 41708 504661527604017 110000000000000000 504661527634017 14.87 12.51 8.50
0100000000000000000 41708 504661527604017 110000000000000000 504661527644017 14.87 12.51 8.50
0100000000000000000 41708 504661527604017 110000000000000000 504661527654017 14.87 12.51 8.50
0100000000000000000 41708 504661527604017 110000000000000000 504661527664017 14.87 12.51 8.50
0100000000000000000 41708 504661527604017 110000000000000000 504661527674017 14.87 12.51 8.50
0100000000000000000 41708 504661527604017 111000000000000000 504661527600017 14.87 12.51 13.80
0100000000000000000 41708 504661527604017 110000000000000000 504661527601017 14.87 12.51 8.50
0100000000000000000 41708 504661527604017 110000000000000000 504661527602017 14.87 12.51 8.50
0100000000000000000 41708 504661527604017 110000000000000000 504661527603017 14.87 12.51 8.50
0100000000000000000 41708 504661527604017 100000000000000000 504661527605017 14.87 10.42 5.90
0100000000000000000 41708 504661527604017 100000000000000000 504661527606017 14.87 10.42 5.90
0100000000000000000 41708 504661527604017 100000000000000000 504661527607017 14.87 10.42 5.90
0100000000000000000 41708 504661527604017 100000000000000000 504661527604117 14.87 10.42 5.90
0100000000000000000 41708 504661527604017 100000000000000000 504661527604217 14.87 10.42 5.90
0100000000000000000 41708 504661527604017 100000000000000000 504661527604317 14.87 10.42 5.90
0100000000000000000 41708 504661527604017 100000000000000000 504661527604417 14.87 10.42 5.90
0100000000000000000 41708 504661527604017 100000000000000000 504661527604517 14.87 10.42 5.90
0100000000000000000 41708 504661527604017 100000000000000001 504661527604617 14.87 12.51 11.10
0100000000000000000 41708 504661527604017 100000000000000001 504661527604717 14.87 12.51 11.10
0100000000000000000 41708 504661527604017 100000000000000000 504661527604007 14.87 10.42 5.90
0100000000000000000 41708 504661527604017 110000000000000000 504661527604027 14.87 12.51 8.50
0100000000000000000 41708 504661527604017 111000000000000000 504661527604037 14.87 12.51 13.80
0100000000000000000 41708 504661527604017 111000000000000000 504661527604047 14.87 12.51 13.80
0100000000000000000 41708 504661527604017 111100000000000000 504661527604057 14.87 12.51 13.80
0100000000000000000 41708 504661527604017 111100000000000000 504661527604067 14.87 12.51 13.80
0100000000000000000 41708 504661527604017 111100000000000000 504661527604077 14.87 12.51 13.80
0100000000000000000 41708 504661527604017 111111100000000000 504661527604010 14.87 12.51 13.80
0100000000000000000 41708 504661527604017 111100000000000000 504661527604011 14.87 12.51 13.80
0100000000000000000 41708 504661527604017 111000000000000000 504661527604012 14.87 12.51 13.80
0100000000000000000 41708 504661527604017 111000000000000000 504661527604013 14.87 12.51 13.80
0100000000000000000 41708 504661527604017 110000000000000000 504661527604014 14.87 12.51 8.50
0100000000000000000 41708 504661527604017 110000000000000000 504661527604015 14.87 12.51 8.50
0100000000000000000 41708 504661527604017 110000000000000000 504661527604016 14.87 12.51 8.50
0100000000000000000 47795 321246377507207 110000000000000001 021246377507207 14.87 14.59 11.10
0100000000000000000 47795 321246377507207 110000000000000000 121246377507207 14.87 12.51 8.50
0100000000000000000 47795 321246377507207 110000000000000000 221246377507207 14.87 12.51 8.50
0100000000000000000 47795 321246377507207 110000000000000000 421246377507207 14.87 12.51 8.50
0100000000000000000 47795 321246377507207 110000000000000000 521246377507207 14.87 12.51 8.50
0100000000000000000 47795 321246377507207 110000000000000000 621246377507207 14.87 12.51 8.50
0100000000000000000 47795 321246377507207 110000000000000000 721246377507207 14.87 12.51 8.50
0100000000000000000 47795 321246377507207 100000000000000000 301246377507207 14.87 10.42 5.90
0100000000000000000 47795 321246377507207 100000000000000000 311246377507207 14.87 10.42 5.90
0100000000000000000 47795 321246377507207 110000000000000000 331246377507207 14.87 12.51 8.50
0100000000000000000 47795 321246377507207 110000000000000000 341246377507207 14.87 12.51 8.50
0100000000000000000 47795 321246377507207 110000000000000000 351246377507207 14.87 12.51 8.50
0100000000000000000 47795 321246377507207 110000000000000000 361246377507207 14.87 12.51 8.50
0100000000000000000 47795 321246377507207 110000000000000000 371246377507207 14.87 12.51 8.50
0100000000000000000 47795 321246377507207 110000000000000000 320246377507207 14.87 12.51 8.50
0100000000000000000 47795 321246377507207 100000000000000000 322246377507207 14.87 10.42 5.90
0100000000000000000 47795 321246377507207 110000000000000001 323246377507207 14.87 14.59 11.10
0100000000000000000 47795 321246377507207 110000000000000001 324246377507207 14.87 14.59 11.10
0100000000000000000 47795 321246377507207 110000000000000001 325246377507207 14.87 14.59 11.10
0100000000000000000 47795 321246377507207 110000000000000001 326246377507207 14.87 14.59 11.10
0100000000000000000 47795 321246377507207 110000000000000001 327246377507207 14.87 14.59 11.10
0100000000000000000 47795 321246377507207 110000000000000000 321046377507207 14.87 12.51 8.50
0100000000000000000 47795 321246377507207 110000000000000000 321146377507207 14.87 12.51 8.50
0100000000000000000 47795 321246377507207 100000000000000000 321346377507207 14.87 10.42 5.90
0100000000000000000 47795 321246377507207 100000000000000000 321446377507207 14.87 10.42 5.90
0100000000000000000 47795 321246377507207 100000000000000000 321546377507207 14.87 10.42 5.90
0100000000000000000 47795 321246377507207 100000000000000000 321646377507207 14.87 10.42 5.90
0100000000000000000 47795 321246377507207 100000000000000000 321746377507207 14.87 10.42 5.90
0100000000000000000 47795 321246377507207 110000000000000000 321206377507207 14.87 12.51 8.50
0100000000000000000 47795 321246377507207 110000000000000000 321216377507207 14.87 12.51 8.50
0100000000000000000 47795 321246377507207 110000000000000000 321226377507207 14.87 12.51 8.50
0100000000000000000 47795 321246377507207 110000000000000000 321236377507207 14.87 12.51 8.50
0100000000000000000 47795 321246377507207 100000000000000000 321256377507207 14.87 10.42 5.90
0100000000000000000 47795 321246377507207 100000000000000000 321266377507207 14.87 10.42 5.90
0100000000000000000 47795 321246377507207 100000000000000000 321276377507207 14.87 10.42 5.90
0100000000000000000 47795 321246377507207 110000000000000000 321240377507207 14.87 12.51 8.50
0100000000000000000 47795 321246377507207 110000000000000000 321241377507207 14.87 12.51 8.50
0100000000000000000 47795 321246377507207 110000000000000000 321242377507207 14.87 12.51 8.50
0100000000000000000 47795 321246377507207 100000000000000000 321243377507207 14.87 10.42 5.90
0100000000000000000 47795 321246377507207 100000000000000000 321244377507207 14.87 10.42 5.90
0100000000000000000 47795 321246377507207 100000000000000000 321245377507207 14.87 10.42 5.90
0100000000000000000 47795 321246377507207 110000000000000000 321247377507207 14.87 12.51 8.50
0100000000000000000 47795 321246377507207 111111111111111110 321246077507207 14.87 10.42 11.10
0100000000000000000 47795 321246377507207 110000000000000000 321246177507207 14.87 12.51 8.50
0100000000000000000 47795 321246377507207 110000000000000000 321246277507207 14.87 12.51 8.50
0100000000000000000 47795 321246377507207 100000000000000000 321246477507207 14.87 10.42 5.90
0100000000000000000 47795 321246377507207 110000000000000000 321246577507207 14.87 12.51 8.50
0100000000000000000 47795 321246377507207 110000000000000001 321246677507207 14.87 14.59 11.10
0100000000000000000 47795 321246377507207 110000000000000001 321246777507207 14.87 14.59 11.10
0100000000000000000 47795 321246377507207 100000000000000000 321246307507207 14.87 10.42 5.90
0100000000000000000 47795 321246377507207 100000000000000000 321246317507207 14.87 10.42 5.90
0100000000000000000 47795 321246377507207 100000000000000000 321246327507207 14.87 10.42 5.90
0100000000000000000 47795 321246377507207 100000000000000000 321246337507207 14.87 10.42 5.90
0100000000000000000 47795 321246377507207 100000000000000000 321246347507207 14.87 10.42 5.90
0100000000000000000 47795 321246377507207 100000000000000000 321246357507207 14.87 10.42 5.90
0100000000000000000 47795 321246377507207 100000000000000000 321246367507207 14.87 10.42 5.90
0100000000000000000 47795 321246377507207 111100000000000000 321246370507207 14.87 12.51 13.80
0100000000000000000 47795 321246377507207 111000000000000000 321246371507207 14.87 12.51 13.80
0100000000000000000 47795 321246377507207 110000000000000000 321246372507207 14.87 12.51 8.50
0100000000000000000 47795 321246377507207 110000000000000000 321246373507207 14.87 12.51 8.50
0100000000000000000 47795 321246377507207 110000000000000000 321246374507207 14.87 12.51 8.50
0100000000000000000 47795 321246377507207 110000000000000000 321246375507207 14.87 12.51 8.50
0100000000000000000 47795 321246377507207 110000000000000000 321246376507207 14.87 12.51 8.50
0100000000000000000 47795 321246377507207 111000000000000000 321246377007207 14.87 12.51 13.80
0100000000000000000 47795 321246377507207 110000000000000000 321246377107207 14.87 12.51 8.50
0100000000000000000 47795 321246377507207 110000000000000000 321246377207207 14.87 12.51 8.50
0100000000000000000 47795 321246377507207 110000000000000000 321246377307207 14.87 12.51 8.50
0100000000000000000 47795 321246377507207 110000000000000000 321246377407207 14.87 12.51 8.50
0100000000000000000 47795 321246377507207 100000000000000000 321246377607207 14.87 10.42 5.90
0100000000000000000 47795 321246377507207 100000000000000000 321246377707207 14.87 10.42 5.90
0100000000000000000 47795 321246377507207 110000000000001111 321246377517207 14.87 16.68 13.80
0100000000000000000 47795 321246377507207 110000000000111111 321246377527207 14.87 16.68 13.80
0100000000000000000 47795 321246377507207 110000000001111111 321246377537207 14.87 16.68 13.80
0100000000000000000 47795 321246377507207 110000000001111111 321246377547207 14.87 16.68 13.80
0100000000000000000 47795 321246377507207 110000000011111111 321246377557207 14.87 16.68 13.80
0100000000000000000 47795 321246377507207 110000000011111111 321246377567207 14.87 16.68 13.80
0100000000000000000 47795 321246377507207 110000000011111111 321246377577207 14.87 16.68 13.80
0100000000000000000 47795 321246377507207 111111111111111111 321246377500207 14.87 4.17 8.50
0100000000000000000 47795 321246377507207 111111111111111111 321246377501207 14.87 4.17 8.50
0100000000000000000 47795 321246377507207 110000000000000000 321246377502207 14.87 12.51 8.50
0100000000000000000 47795 321246377507207 110000000000000000 321246377503207 14.87 12.51 8.50
0100000000000000000 47795 321246377507207 110000000000000000 321246377504207 14.87 12.51 8.50
0100000000000000000 47795 321246377507207 110000000000000000 321246377505207 14.87 12.51 8.50
0100000000000000000 47795 321246377507207 110000000000000000 321246377506207 14.87 12.51 8.50
0100000000000000000 47795 321246377507207 100000000000000000 321246377507007 14.87 10.42 5.90
0100000000000000000 47795 321246377507207 100000000000000000 321246377507107 14.87 10.42 5.90
0100000000000000000 47795 321246377507207 100000000000000001 321246377507307 14.87 12.51 11.10
0100000000000000000 47795 321246377507207 110000000000000111 321246377507407 14.87 16.68 13.80
0100000000000000000 47795 321246377507207 110000000000001111 321246377507507 14.87 16.68 13.80
0100000000000000000 47795 321246377507207 110000000000011111 321246377507607 14.87 16.68 13.80
0100000000000000000 47795 321246377507207 110000000000011111 321246377507707 14.87 16.68 13.80
0100000000000000000 47795 321246377507207 110000000000000001 321246377507217 14.87 14.59 11.10
0100000000000000000 47795 321246377507207 110000000000000001 321246377507227 14.87 14.59 11.10
0100000000000000000 47795 321246377507207 110000000000000001 321246377507237 14.87 14.59 11.10
0100000000000000000 47795 321246377507207 110000000000000001 321246377507247 14.87 14.59 11.10
0100000000000000000 47795 321246377507207 111000000000000001 321246377507257 14.87 14.59 16.40
0100000000000000000 47795 321246377507207 111000000000000001 321246377507267 14.87 14.59 16.40
0100000000000000000 47795 321246377507207 111000000000000000 321246377507277 14.87 12.51 13.80
0100000000000000000 47795 321246377507207 111100000000000000 321246377507200 14.87 12.51 13.80
0100000000000000000 47795 321246377507207 111000000000000000 321246377507201 14.87 12.51 13.80
0100000000000000000 47795 321246377507207 110000000000000000 321246377507202 14.87 12.51 8.50
0100000000000000000 47795 321246377507207 110000000000000000 321246377507203 14.87 12.51 8.50
0100000000000000000 47795 321246377507207 110000000000000000 321246377507204 14.87 12.51 8.50
0100000000000000000 47795 321246377507207 110000000000000000 321246377507205 14.87 12.51 8.50
0100000000000000000 47795 321246377507207 110000000000000000 321246377507206 14.87 12.51 8.50
0100000000000000000 52008 505452163407005 110000000000000000 005452163407005 14.87 12.51 8.50
0100000000000000000 52008 505452163407005 110000000000000000 105452163407005 14.87 12.51 8.50
0100000000000000000 52008 505452163407005 100000000000000000 205452163407005 14.87 10.42 5.90
0100000000000000000 52008 505452163407005 100000000000000000 305452163407005 14.87 10.42 5.90
0100000000000000000 52008 505452163407005 100000000000000000 405452163407005 14.87 10.42 5.90
0100000000000000000 52008 505452163407005 100000000000000000 605452163407005 14.87 10.42 5.90
0100000000000000000 52008 505452163407005 100000000000000000 705452163407005 14.87 10.42 5.90
0100000000000000000 52008 505452163407005 110000000000000000 515452163407005 14.87 12.51 8.50
0100000000000000000 52008 505452163407005 110000000000000000 525452163407005 14.87 12.51 8.50
0100000000000000000 52008 505452163407005 110000000000000000 535452163407005 14.87 12.51 8.50
0100000000000000000 52008 505452163407005 110000000000000000 545452163407005 14.87 12.51 8.50
0100000000000000000 52008 505452163407005 110000000000000000 555452163407005 14.87 12.51 8.50
0100000000000000000 52008 505452163407005 111000000000000000 565452163407005 14.87 12.51 13.80
0100000000000000000 52008 505452163407005 111000000000000000 575452163407005 14.87 12.51 13.80
0100000000000000000 52008 505452163407005 111111111111111111 500452163407005 14.87 4.17 8.50
0100000000000000000 52008 505452163407005 110000000000111111 501452163407005 14.87 16.68 13.80
0100000000000000000 52008 505452163407005 110000000000000000 502452163407005 14.87 12.51 8.50
0100000000000000000 52008 505452163407005 100000000000000000 503452163407005 14.87 10.42 5.90
0100000000000000000 52008 505452163407005 100000000000000000 504452163407005 14.87 10.42 5.90
0100000000000000000 52008 505452163407005 100000000000000000 506452163407005 14.87 10.42 5.90
0100000000000000000 52008 505452163407005 100000000000000000 507452163407005 14.87 10.42 5.90
0100000000000000000 52008 505452163407005 110000000000000000 505052163407005 14.87 12.51 8.50
0100000000000000000 52008 505452163407005 110000000000000000 505152163407005 14.87 12.51 8.50
0100000000000000000 52008 505452163407005 110000000000000000 505252163407005 14.87 12.51 8.50
0100000000000000000 52008 505452163407005 100000000000000000 505352163407005 14.87 10.42 5.90
0100000000000000000 52008 505452163407005 100000000000000000 505552163407005 14.87 10.42 5.90
0100000000000000000 52008 505452163407005 100000000000000000 505652163407005 14.87 10.42 5.90
0100000000000000000 52008 505452163407005 100000000000000000 505752163407005 14.87 10.42 5.90
0100000000000000000 52008 505452163407005 110000000000000000 505402163407005 14.87 12.51 8.50
0100000000000000000 52008 505452163407005 110000000000000000 505412163407005 14.87 12.51 8.50
0100000000000000000 52008 505452163407005 100000000000000000 505422163407005 14.87 10.42 5.90
0100000000000000000 52008 505452163407005 100000000000000000 505432163407005 14.87 10.42 5.90
0100000000000000000 52008 505452163407005 100000000000000000 505442163407005 14.87 10.42 5.90
0100000000000000000 52008 505452163407005 100000000000000000 505462163407005 14.87 10.42 5.90
0100000000000000000 52008 505452163407005 100000000000000000 505472163407005 14.87 10.42 5.90
0100000000000000000 52008 505452163407005 100000000000000000 505450163407005 14.87 10.42 5.90
0100000000000000000 52008 505452163407005 100000000000000000 505451163407005 14.87 10.42 5.90
0100000000000000000 52008 505452163407005 100000000000000000 505453163407005 14.87 10.42 5.90
0100000000000000000 52008 505452163407005 100000000000000000 505454163407005 14.87 10.42 5.90
0100000000000000000 52008 505452163407005 100000000000000000 505455163407005 14.87 10.42 5.90
0100000000000000000 52008 505452163407005 100000000000000000 505456163407005 14.87 10.42 5.90
0100000000000000000 52008 505452163407005 110000000000000000 505457163407005 14.87 12.51 8.50
0100000000000000000 52008 505452163407005 110000000000000000 505452063407005 14.87 12.51 8.50
0100000000000000000 52008 505452163407005 100000000000000000 505452263407005 14.87 10.42 5.90
0100000000000000000 52008 505452163407005 110000000000000000 505452363407005 14.87 12.51 8.50
0100000000000000000 52008 505452163407005 110000000000000000 505452463407005 14.87 12.51 8.50
0100000000000000000 52008 505452163407005 110000000000000000 505452563407005 14.87 12.51 8.50
0100000000000000000 52008 505452163407005 110000000000000000 505452663407005 14.87 12.51 8.50
0100000000000000000 52008 505452163407005 111000000000000000 505452763407005 14.87 12.51 13.80
0100000000000000000 52008 505452163407005 100000000000000000 505452103407005 14.87 10.42 5.90
0100000000000000000 52008 505452163407005 100000000000000000 505452113407005 14.87 10.42 5.90
0100000000000000000 52008 505452163407005 100000000000000000 505452123407005 14.87 10.42 5.90
0100000000000000000 52008 505452163407005 100000000000000000 505452133407005 14.87 10.42 5.90
0100000000000000000 52008 505452163407005 100000000000000000 505452143407005 14.87 10.42 5.90
0100000000000000000 52008 505452163407005 100000000000000000 505452153407005 14.87 10.42 5.90
0100000000000000000 52008 505452163407005 100000000000000000 505452173407005 14.87 10.42 5.90
0100000000000000000 52008 505452163407005 111000000000000000 505452160407005 14.87 12.51 13.80
0100000000000000000 52008 505452163407005 110000000000000000 505452161407005 14.87 12.51 8.50
0100000000000000000 52008 505452163407005 110000000000000000 505452162407005 14.87 12.51 8.50
0100000000000000000 52008 505452163407005 100000000000000000 505452164407005 14.87 10.42 5.90
0100000000000000000 52008 505452163407005 100000000000000000 505452165407005 14.87 10.42 5.90
0100000000000000000 52008 505452163407005 100000000000000000 505452166407005 14.87 10.42 5.90
0100000000000000000 52008 505452163407005 100000000000000000 505452167407005 14.87 10.42 5.90
0100000000000000000 52008 505452163407005 111000000000000000 505452163007005 14.87 12.51 13.80
0100000000000000000 52008 505452163407005 110000000000000000 505452163107005 14.87 12.51 8.50
0100000000000000000 52008 505452163407005 110000000000000000 505452163207005 14.87 12.51 8.50
0100000000000000000 52008 505452163407005 100000000000000000 505452163307005 14.87 10.42 5.90
0100000000000000000 52008 505452163407005 100000000000000000 505452163507005 14.87 10.42 5.90
0100000000000000000 52008 505452163407005 100000000000000000 505452163607005 14.87 10.42 5.90
0100000000000000000 52008 505452163407005 100000000000000000 505452163707005 14.87 10.42 5.90
0100000000000000000 52008 505452163407005 100000000000000000 505452163417005 14.87 10.42 5.90
0100000000000000000 52008 505452163407005 100000000000000001 505452163427005 14.87 12.51 11.10
0100000000000000000 52008 505452163407005 100000000000000111 505452163437005 14.87 14.59 13.80
0100000000000000000 52008 505452163407005 100000000000001111 505452163447005 14.87 14.59 13.80
0100000000000000000 52008 505452163407005 100000000000011111 505452163457005 14.87 14.59 13.80
0100000000000000000 52008 505452163407005 100000000000111111 505452163467005 14.87 14.59 13.80
0100000000000000000 52008 505452163407005 100000000000111111 505452163477005 14.87 14.59 13.80
0100000000000000000 52008 505452163407005 111111111111111111 505452163400005 14.87 4.17 8.50
0100000000000000000 52008 505452163407005 111111111111110000 505452163401005 14.87 12.51 13.80
0100000000000000000 52008 505452163407005 110000000000000000 505452163402005 14.87 12.51 8.50
0100000000000000000 52008 505452163407005 110000000000000000 505452163403005 14.87 12.51 8.50
0100000000000000000 52008 505452163407005 110000000000000000 505452163404005 14.87 12.51 8.50
0100000000000000000 52008 505452163407005 110000000000000000 505452163405005 14.87 12.51 8.50
0100000000000000000 52008 505452163407005 100000000000000000 505452163406005 14.87 10.42 5.90
0100000000000000000 52008 505452163407005 100000000000000000 505452163407105 14.87 10.42 5.90
0100000000000000000 52008 505452163407005 100000000000000000 505452163407205 14.87 10.42 5.90
0100000000000000000 52008 505452163407005 100000000000000001 505452163407305 14.87 12.51 11.10
0100000000000000000 52008 505452163407005 100000000000000111 505452163407405 14.87 14.59 13.80
0100000000000000000 52008 505452163407005 100000000000001111 505452163407505 14.87 14.59 13.80
0100000000000000000 52008 505452163407005 100000000000011111 505452163407605 14.87 14.59 13.80
0100000000000000000 52008 505452163407005 100000000000111111 505452163407705 14.87 14.59 13.80
0100000000000000000 52008 505452163407005 110000000000000000 505452163407015 14.87 12.51 8.50
0100000000000000000 52008 505452163407005 110000000000000000 505452163407025 14.87 12.51 8.50
0100000000000000000 52008 505452163407005 111000000000000000 505452163407035 14.87 12.51 13.80
0100000000000000000 52008 505452163407005 111000000000000000 505452163407045 14.87 12.51 13.80
0100000000000000000 52008 505452163407005 111000000000000000 505452163407055 14.87 12.51 13.80
0100000000000000000 52008 505452163407005 111100000000000000 505452163407065 14.87 12.51 13.80
0100000000000000000 52008 505452163407005 111100000000000000 505452163407075 14.87 12.51 13.80
0100000000000000000 52008 505452163407005 111000000000000000 505452163407000 14.87 12.51 13.80
0100000000000000000 52008 505452163407005 110000000000000000 505452163407001 14.87 12.51 8.50
0100000000000000000 52008 505452163407005 110000000000000000 505452163407002 14.87 12.51 8.50
0100000000000000000 52008 505452163407005 110000000000000000 505452163407003 14.87 12.51 8.50
0100000000000000000 52008 505452163407005 100000000000000000 505452163407004 14.87 10.42 5.90
0100000000000000000 52008 505452163407005 100000000000000000 505452163407006 14.87 10.42 5.90
0100000000000000000 52008 505452163407005 100000000000000000 505452163407007 14.87 10.42 5.90
0100000000000000000 52691 200634413607116 110000000000000000 000634413607116 14.87 12.51 8.50
0100000000000000000 52691 200634413607116 110000000000000000 100634413607116 14.87 12.51 8.50
0100000000000000000 52691 200634413607116 100000000000000000 300634413607116 14.87 10.42 5.90
0100000000000000000 52691 200634413607116 100000000000000000 400634413607116 14.87 10.42 5.90
0100000000000000000 52691 200634413607116 100000000000000000 500634413607116 14.87 10.42 5.90
0100000000000000000 52691 200634413607116 100000000000000000 600634413607116 14.87 10.42 5.90
0100000000000000000 52691 200634413607116 100000000000000000 700634413607116 14.87 10.42 5.90
0100000000000000000 52691 200634413607116 110000000000000000 210634413607116 14.87 12.51 8.50
0100000000000000000 52691 200634413607116 110000000000000000 220634413607116 14.87 12.51 8.50
0100000000000000000 52691 200634413607116 110000000000000000 230634413607116 14.87 12.51 8.50
0100000000000000000 52691 200634413607116 110000000000000000 240634413607116 14.87 12.51 8.50
0100000000000000000 52691 200634413607116 110000000000000000 250634413607116 14.87 12.51 8.50
0100000000000000000 52691 200634413607116 110000000000000000 260634413607116 14.87 12.51 8.50
0100000000000000000 52691 200634413607116 111000000000000000 270634413607116 14.87 12.51 13.80
0100000000000000000 52691 200634413607116 110000000000000000 201634413607116 14.87 12.51 8.50
0100000000000000000 52691 200634413607116 110000000000000000 202634413607116 14.87 12.51 8.50
0100000000000000000 52691 200634413607116 110000000000000000 203634413607116 14.87 12.51 8.50
0100000000000000000 52691 200634413607116 110000000000000000 204634413607116 14.87 12.51 8.50
0100000000000000000 52691 200634413607116 110000000000000000 205634413607116 14.87 12.51 8.50
0100000000000000000 52691 200634413607116 110000000000000000 206634413607116 14.87 12.51 8.50
0100000000000000000 52691 200634413607116 110000000000000000 207634413607116 14.87 12.51 8.50
0100000000000000000 52691 200634413607116 110000000000000000 200034413607116 14.87 12.51 8.50
0100000000000000000 52691 200634413607116 110000000000000000 200134413607116 14.87 12.51 8.50
0100000000000000000 52691 200634413607116 110000000000000000 200234413607116 14.87 12.51 8.50
0100000000000000000 52691 200634413607116 110000000000000000 200334413607116 14.87 12.51 8.50
0100000000000000000 52691 200634413607116 100000000000000000 200434413607116 14.87 10.42 5.90
0100000000000000000 52691 200634413607116 100000000000000000 200534413607116 14.87 10.42 5.90
0100000000000000000 52691 200634413607116 100000000000000000 200734413607116 14.87 10.42 5.90
0100000000000000000 52691 200634413607116 110000000000000000 200604413607116 14.87 12.51 8.50
0100000000000000000 52691 200634413607116 100000000000000000 200614413607116 14.87 10.42 5.90
0100000000000000000 52691 200634413607116 100000000000000000 200624413607116 14.87 10.42 5.90
0100000000000000000 52691 200634413607116 100000000000000000 200644413607116 14.87 10.42 5.90
0100000000000000000 52691 200634413607116 100000000000000000 200654413607116 14.87 10.42 5.90
0100000000000000000 52691 200634413607116 100000000000000000 200664413607116 14.87 10.42 5.90
0100000000000000000 52691 200634413607116 100000000000000000 200674413607116 14.87 10.42 5.90
0100000000000000000 52691 200634413607116 100000000000000000 200630413607116 14.87 10.42 5.90
0100000000000000000 52691 200634413607116 100000000000000000 200631413607116 14.87 10.42 5.90
0100000000000000000 52691 200634413607116 100000000000000000 200632413607116 14.87 10.42 5.90
0100000000000000000 52691 200634413607116 100000000000000000 200633413607116 14.87 10.42 5.90
0100000000000000000 52691 200634413607116 100000000000000000 200635413607116 14.87 10.42 5.90
0100000000000000000 52691 200634413607116 100000000000000000 200636413607116 14.87 10.42 5.90
0100000000000000000 52691 200634413607116 100000000000000000 200637413607116 14.87 10.42 5.90
0100000000000000000 52691 200634413607116 111111111111111111 200634013607116 14.87 4.17 8.50
0100000000000000000 52691 200634413607116 110000000000000000 200634113607116 14.87 12.51 8.50
0100000000000000000 52691 200634413607116 100000000000000000 200634213607116 14.87 10.42 5.90
0100000000000000000 52691 200634413607116 100000000000000000 200634313607116 14.87 10.42 5.90
0100000000000000000 52691 200634413607116 100000000000000000 200634513607116 14.87 10.42 5.90
0100000000000000000 52691 200634413607116 110000000000000000 200634613607116 14.87 12.51 8.50
0100000000000000000 52691 200634413607116 110000000000000000 200634713607116 14.87 12.51 8.50
0100000000000000000 52691 200634413607116 100000000000000000 200634403607116 14.87 10.42 5.90
0100000000000000000 52691 200634413607116 100000000000000000 200634423607116 14.87 10.42 5.90
0100000000000000000 52691 200634413607116 100000000000000000 200634433607116 14.87 10.42 5.90
0100000000000000000 52691 200634413607116 100000000000000000 200634443607116 14.87 10.42 5.90
0100000000000000000 52691 200634413607116 100000000000000000 200634453607116 14.87 10.42 5.90
0100000000000000000 52691 200634413607116 100000000000000000 200634463607116 14.87 10.42 5.90
0100000000000000000 52691 200634413607116 100000000000000000 200634473607116 14.87 10.42 5.90
0100000000000000000 52691 200634413607116 111100000000000000 200634410607116 14.87 12.51 13.80
0100000000000000000 52691 200634413607116 110000000000000000 200634411607116 14.87 12.51 8.50
0100000000000000000 52691 200634413607116 110000000000000000 200634412607116 14.87 12.51 8.50
0100000000000000000 52691 200634413607116 100000000000000000 200634414607116 14.87 10.42 5.90
0100000000000000000 52691 200634413607116 100000000000000000 200634415607116 14.87 10.42 5.90
0100000000000000000 52691 200634413607116 100000000000000000 200634416607116 14.87 10.42 5.90
0100000000000000000 52691 200634413607116 100000000000000000 200634417607116 14.87 10.42 5.90
0100000000000000000 52691 200634413607116 111111100000000000 200634413007116 14.87 12.51 13.80
0100000000000000000 52691 200634413607116 111100000000000000 200634413107116 14.87 12.51 13.80
0100000000000000000 52691 200634413607116 111000000000000000 200634413207116 14.87 12.51 13.80
0100000000000000000 52691 200634413607116 110000000000000000 200634413307116 14.87 12.51 8.50
0100000000000000000 52691 200634413607116 110000000000000000 200634413407116 14.87 12.51 8.50
0100000000000000000 52691 200634413607116 100000000000000000 200634413507116 14.87 10.42 5.90
0100000000000000000 52691 200634413607116 100000000000000000 200634413707116 14.87 10.42 5.90
0100000000000000000 52691 200634413607116 100000000000000011 200634413617116 14.87 14.59 11.10
0100000000000000000 52691 200634413607116 100000000000011111 200634413627116 14.87 14.59 13.80
0100000000000000000 52691 200634413607116 100000000000111111 200634413637116 14.87 14.59 13.80
0100000000000000000 52691 200634413607116 100000000001111111 200634413647116 14.87 14.59 13.80
0100000000000000000 52691 200634413607116 100000000001111111 200634413657116 14.87 14.59 13.80
0100000000000000000 52691 200634413607116 100000000001111111 200634413667116 14.87 14.59 13.80
0100000000000000000 52691 200634413607116 110000000011111111 200634413677116 14.87 16.68 13.80
0100000000000000000 52691 200634413607116 111100000000000000 200634413600116 14.87 12.51 13.80
0100000000000000000 52691 200634413607116 111000000000000000 200634413601116 14.87 12.51 13.80
0100000000000000000 52691 200634413607116 110000000000000000 200634413602116 14.87 12.51 8.50
0100000000000000000 52691 200634413607116 110000000000000000 200634413603116 14.87 12.51 8.50
0100000000000000000 52691 200634413607116 110000000000000000 200634413604116 14.87 12.51 8.50
0100000000000000000 52691 200634413607116 110000000000000000 200634413605116 14.87 12.51 8.50
0100000000000000000 52691 200634413607116 100000000000000000 200634413606116 14.87 10.42 5.90
0100000000000000000 52691 200634413607116 100000000000000000 200634413607016 14.87 10.42 5.90
0100000000000000000 52691 200634413607116 100000000000000000 200634413607216 14.87 10.42 5.90
0100000000000000000 52691 200634413607116 100000000000000011 200634413607316 14.87 14.59 11.10
0100000000000000000 52691 200634413607116 100000000000000111 200634413607416 14.87 14.59 13.80
0100000000000000000 52691 200634413607116 100000000000011111 200634413607516 14.87 14.59 13.80
0100000000000000000 52691 200634413607116 100000000000011111 200634413607616 14.87 14.59 13.80
0100000000000000000 52691 200634413607116 100000000000111111 200634413607716 14.87 14.59 13.80
0100000000000000000 52691 200634413607116 100000000000000000 200634413607106 14.87 10.42 5.90
0100000000000000000 52691 200634413607116 110000000000000000 200634413607126 14.87 12.51 8.50
0100000000000000000 52691 200634413607116 111000000000000000 200634413607136 14.87 12.51 13.80
0100000000000000000 52691 200634413607116 111000000000000000 200634413607146 14.87 12.51 13.80
0100000000000000000 52691 200634413607116 111100000000000000 200634413607156 14.87 12.51 13.80
0100000000000000000 52691 200634413607116 111100000000000000 200634413607166 14.87 12.51 13.80
0100000000000000000 52691 200634413607116 111100000000000000 200634413607176 14.87 12.51 13.80
0100000000000000000 52691 200634413607116 111110000000000000 200634413607110 14.87 12.51 13.80
0100000000000000000 52691 200634413607116 111000000000000000 200634413607111 14.87 12.51 13.80
0100000000000000000 52691 200634413607116 110000000000000000 200634413607112 14.87 12.51 8.50
0100000000000000000 52691 200634413607116 110000000000000000 200634413607113 14.87 12.51 8.50
0100000000000000000 52691 200634413607116 110000000000000000 200634413607114 14.87 12.51 8.50
0100000000000000000 52691 200634413607116 100000000000000000 200634413607115 14.87 10.42 5.90
0100000000000000000 52691 200634413607116 100000000000000000 200634413607117 14.87 10.42 5.90
0100000000000000000 60716 402746753604207 110000000000000000 002746753604207 14.87 12.51 8.50
0100000000000000000 60716 402746753604207 110000000000000000 102746753604207 14.87 12.51 8.50
0100000000000000000 60716 402746753604207 110000000000000000 202746753604207 14.87 12.51 8.50
0100000000000000000 60716 402746753604207 110000000000000000 302746753604207 14.87 12.51 8.50
0100000000000000000 60716 402746753604207 100000000000000000 502746753604207 14.87 10.42 5.90
0100000000000000000 60716 402746753604207 100000000000000000 602746753604207 14.87 10.42 5.90
0100000000000000000 60716 402746753604207 100000000000000000 702746753604207 14.87 10.42 5.90
0100000000000000000 60716 402746753604207 110000000000000000 412746753604207 14.87 12.51 8.50
0100000000000000000 60716 402746753604207 110000000000000000 422746753604207 14.87 12.51 8.50
0100000000000000000 60716 402746753604207 110000000000000000 432746753604207 14.87 12.51 8.50
0100000000000000000 60716 402746753604207 111000000000000000 442746753604207 14.87 12.51 13.80
0100000000000000000 60716 402746753604207 111000000000000000 452746753604207 14.87 12.51 13.80
0100000000000000000 60716 402746753604207 111000000000000000 462746753604207 14.87 12.51 13.80
0100000000000000000 60716 402746753604207 111000000000000000 472746753604207 14.87 12.51 13.80
0100000000000000000 60716 402746753604207 111111111100000000 400746753604207 14.87 12.51 13.80
0100000000000000000 60716 402746753604207 100000000000000000 401746753604207 14.87 10.42 5.90
0100000000000000000 60716 402746753604207 110000000000000000 403746753604207 14.87 12.51 8.50
0100000000000000000 60716 402746753604207 110000000000000000 404746753604207 14.87 12.51 8.50
0100000000000000000 60716 402746753604207 110000000000000000 405746753604207 14.87 12.51 8.50
0100000000000000000 60716 402746753604207 110000000000000000 406746753604207 14.87 12.51 8.50
0100000000000000000 60716 402746753604207 110000000000000000 407746753604207 14.87 12.51 8.50
0100000000000000000 60716 402746753604207 111000000000000000 402046753604207 14.87 12.51 13.80
0100000000000000000 60716 402746753604207 110000000000000000 402146753604207 14.87 12.51 8.50
0100000000000000000 60716 402746753604207 110000000000000000 402246753604207 14.87 12.51 8.50
0100000000000000000 60716 402746753604207 110000000000000000 402346753604207 14.87 12.51 8.50
0100000000000000000 60716 402746753604207 110000000000000000 402446753604207 14.87 12.51 8.50
0100000000000000000 60716 402746753604207 110000000000000000 402546753604207 14.87 12.51 8.50
0100000000000000000 60716 402746753604207 110000000000000000 402646753604207 14.87 12.51 8.50
0100000000000000000 60716 402746753604207 110000000000000000 402706753604207 14.87 12.51 8.50
0100000000000000000 60716 402746753604207 110000000000000000 402716753604207 14.87 12.51 8.50
0100000000000000000 60716 402746753604207 110000000000000000 402726753604207 14.87 12.51 8.50
0100000000000000000 60716 402746753604207 100000000000000000 402736753604207 14.87 10.42 5.90
0100000000000000000 60716 402746753604207 100000000000000000 402756753604207 14.87 10.42 5.90
0100000000000000000 60716 402746753604207 100000000000000000 402766753604207 14.87 10.42 5.90
0100000000000000000 60716 402746753604207 100000000000000000 402776753604207 14.87 10.42 5.90
0100000000000000000 60716 402746753604207 100000000000000000 402740753604207 14.87 10.42 5.90
0100000000000000000 60716 402746753604207 100000000000000000 402741753604207 14.87 10.42 5.90
0100000000000000000 60716 402746753604207 100000000000000000 402742753604207 14.87 10.42 5.90
0100000000000000000 60716 402746753604207 100000000000000000 402743753604207 14.87 10.42 5.90
0100000000000000000 60716 402746753604207 100000000000000000 402744753604207 14.87 10.42 5.90
0100000000000000000 60716 402746753604207 100000000000000000 402745753604207 14.87 10.42 5.90
0100000000000000000 60716 402746753604207 110000000000000000 402747753604207 14.87 12.51 8.50
0100000000000000000 60716 402746753604207 111111111111111111 402746053604207 14.87 4.17 8.50
0100000000000000000 60716 402746753604207 111111111111111000 402746153604207 14.87 12.51 13.80
0100000000000000000 60716 402746753604207 111111111110000000 402746253604207 14.87 12.51 13.80
0100000000000000000 60716 402746753604207 110000000000000000 402746353604207 14.87 12.51 8.50
0100000000000000000 60716 402746753604207 100000000000000000 402746453604207 14.87 10.42 5.90
0100000000000000000 60716 402746753604207 100000000000000000 402746553604207 14.87 10.42 5.90
0100000000000000000 60716 402746753604207 100000000000000000 402746653604207 14.87 10.42 5.90
0100000000000000000 60716 402746753604207 100000000000000000 402746703604207 14.87 10.42 5.90
0100000000000000000 60716 402746753604207 100000000000000000 402746713604207 14.87 10.42 5.90
0100000000000000000 60716 402746753604207 100000000000000000 402746723604207 14.87 10.42 5.90
0100000000000000000 60716 402746753604207 100000000000000000 402746733604207 14.87 10.42 5.90
0100000000000000000 60716 402746753604207 100000000000000000 402746743604207 14.87 10.42 5.90
0100000000000000000 60716 402746753604207 100000000000000000 402746763604207 14.87 10.42 5.90
0100000000000000000 60716 402746753604207 100000000000000000 402746773604207 14.87 10.42 5.90
0100000000000000000 60716 402746753604207 111110000000000000 402746750604207 14.87 12.51 13.80
0100000000000000000 60716 402746753604207 111000000000000000 402746751604207 14.87 12.51 13.80
0100000000000000000 60716 402746753604207 110000000000000000 402746752604207 14.87 12.51 8.50
0100000000000000000 60716 402746753604207 100000000000000000 402746754604207 14.87 10.42 5.90
0100000000000000000 60716 402746753604207 100000000000000000 402746755604207 14.87 10.42 5.90
0100000000000000000 60716 402746753604207 100000000000000000 402746756604207 14.87 10.42 5.90
0100000000000000000 60716 402746753604207 100000000000000000 402746757604207 14.87 10.42 5.90
0100000000000000000 60716 402746753604207 111111110000000000 402746753004207 14.87 12.51 13.80
0100000000000000000 60716 402746753604207 111110000000000000 402746753104207 14.87 12.51 13.80
0100000000000000000 60716 402746753604207 111100000000000000 402746753204207 14.87 12.51 13.80
0100000000000000000 60716 402746753604207 111000000000000000 402746753304207 14.87 12.51 13.80
0100000000000000000 60716 402746753604207 110000000000000000 402746753404207 14.87 12.51 8.50
0100000000000000000 60716 402746753604207 110000000000000000 402746753504207 14.87 12.51 8.50
0100000000000000000 60716 402746753604207 100000000000000000 402746753704207 14.87 10.42 5.90
0100000000000000000 60716 402746753604207 110000000000000011 402746753614207 14.87 16.68 13.80
0100000000000000000 60716 402746753604207 110000000000000111 402746753624207 14.87 16.68 13.80
0100000000000000000 60716 402746753604207 110000000000000111 402746753634207 14.87 16.68 13.80
0100000000000000000 60716 402746753604207 110000000000001111 402746753644207 14.87 16.68 13.80
0100000000000000000 60716 402746753604207 110000000000001111 402746753654207 14.87 16.68 13.80
0100000000000000000 60716 402746753604207 110000000000001111 402746753664207 14.87 16.68 13.80
0100000000000000000 60716 402746753604207 110000000000001111 402746753674207 14.87 16.68 13.80
0100000000000000000 60716 402746753604207 111000000000000000 402746753600207 14.87 12.51 13.80
0100000000000000000 60716 402746753604207 110000000000000000 402746753601207 14.87 12.51 8.50
0100000000000000000 60716 402746753604207 110000000000000000 402746753602207 14.87 12.51 8.50
0100000000000000000 60716 402746753604207 110000000000000000 402746753603207 14.87 12.51 8.50
0100000000000000000 60716 402746753604207 100000000000000000 402746753605207 14.87 10.42 5.90
0100000000000000000 60716 402746753604207 100000000000000000 402746753606207 14.87 10.42 5.90
0100000000000000000 60716 402746753604207 100000000000000001 402746753607207 14.87 12.51 11.10
0100000000000000000 60716 402746753604207 100000000000000000 402746753604007 14.87 10.42 5.90
0100000000000000000 60716 402746753604207 100000000000000000 402746753604107 14.87 10.42 5.90
0100000000000000000 60716 402746753604207 100000000000000000 402746753604307 14.87 10.42 5.90
0100000000000000000 60716 402746753604207 100000000000000001 402746753604407 14.87 12.51 11.10
0100000000000000000 60716 402746753604207 100000000000000011 402746753604507 14.87 14.59 11.10
0100000000000000000 60716 402746753604207 100000000000000011 402746753604607 14.87 14.59 11.10
0100000000000000000 60716 402746753604207 100000000000000111 402746753604707 14.87 14.59 13.80
0100000000000000000 60716 402746753604207 111000000000000000 402746753604217 14.87 12.51 13.80
0100000000000000000 60716 402746753604207 111100000000000000 402746753604227 14.87 12.51 13.80
0100000000000000000 60716 402746753604207 111110000000000000 402746753604237 14.87 12.51 13.80
0100000000000000000 60716 402746753604207 111111000000000000 402746753604247 14.87 12.51 13.80
0100000000000000000 60716 402746753604207 111111100000000000 402746753604257 14.87 12.51 13.80
0100000000000000000 60716 402746753604207 111111100000000000 402746753604267 14.87 12.51 13.80
0100000000000000000 60716 402746753604207 111111110000000000 402746753604277 14.87 12.51 13.80
0100000000000000000 60716 402746753604207 111111100000000000 402746753604200 14.87 12.51 13.80
0100000000000000000 60716 402746753604207 111110000000000000 402746753604201 14.87 12.51 13.80
0100000000000000000 60716 402746753604207 111000000000000000 402746753604202 14.87 12.51 13.80
0100000000000000000 60716 402746753604207 111000000000000000 402746753604203 14.87 12.51 13.80
0100000000000000000 60716 402746753604207 110000000000000000 402746753604204 14.87 12.51 8.50
0100000000000000000 60716 402746753604207 110000000000000000 402746753604205 14.87 12.51 8.50
0100000000000000000 60716 402746753604207 110000000000000000 402746753604206 14.87 12.51 8.50
0100000000000000000 62237 012636165717005 100000000000000000 112636165717005 14.87 10.42 5.90
0100000000000000000 62237 012636165717005 110000000000000000 212636165717005 14.87 12.51 8.50
0100000000000000000 62237 012636165717005 111000000000000000 312636165717005 14.87 12.51 13.80
0100000000000000000 62237 012636165717005 111111111111111111 412636165717005 14.87 4.17 8.50
0100000000000000000 62237 012636165717005 111111111111111111 512636165717005 14.87 4.17 8.50
0100000000000000000 62237 012636165717005 111111111111111111 612636165717005 14.87 4.17 8.50
0100000000000000000 62237 012636165717005 111111111111111111 712636165717005 14.87 4.17 8.50
0100000000000000000 62237 012636165717005 100000000000000000 002636165717005 14.87 10.42 5.90
0100000000000000000 62237 012636165717005 110000000000000000 022636165717005 14.87 12.51 8.50
0100000000000000000 62237 012636165717005 110000000000000000 032636165717005 14.87 12.51 8.50
0100000000000000000 62237 012636165717005 110000000000000000 042636165717005 14.87 12.51 8.50
0100000000000000000 62237 012636165717005 110000000000000000 052636165717005 14.87 12.51 8.50
0100000000000000000 62237 012636165717005 110000000000000000 062636165717005 14.87 12.51 8.50
0100000000000000000 62237 012636165717005 110000000000000000 072636165717005 14.87 12.51 8.50
0100000000000000000 62237 012636165717005 110000000000000000 010636165717005 14.87 12.51 8.50
0100000000000000000 62237 012636165717005 100000000000000000 011636165717005 14.87 10.42 5.90
0100000000000000000 62237 012636165717005 100000000000000000 013636165717005 14.87 10.42 5.90
0100000000000000000 62237 012636165717005 100000000000000000 014636165717005 14.87 10.42 5.90
0100000000000000000 62237 012636165717005 100000000000000000 015636165717005 14.87 10.42 5.90
0100000000000000000 62237 012636165717005 100000000000000000 016636165717005 14.87 10.42 5.90
0100000000000000000 62237 012636165717005 100000000000000000 017636165717005 14.87 10.42 5.90
0100000000000000000 62237 012636165717005 111000000000000000 012036165717005 14.87 12.51 13.80
0100000000000000000 62237 012636165717005 110000000000000000 012136165717005 14.87 12.51 8.50
0100000000000000000 62237 012636165717005 110000000000000000 012236165717005 14.87 12.51 8.50
0100000000000000000 62237 012636165717005 110000000000000000 012336165717005 14.87 12.51 8.50
0100000000000000000 62237 012636165717005 100000000000000000 012436165717005 14.87 10.42 5.90
0100000000000000000 62237 012636165717005 100000000000000000 012536165717005 14.87 10.42 5.90
0100000000000000000 62237 012636165717005 100000000000000000 012736165717005 14.87 10.42 5.90
0100000000000000000 62237 012636165717005 110000000000000000 012606165717005 14.87 12.51 8.50
0100000000000000000 62237 012636165717005 100000000000000000 012616165717005 14.87 10.42 5.90
0100000000000000000 62237 012636165717005 100000000000000000 012626165717005 14.87 10.42 5.90
0100000000000000000 62237 012636165717005 100000000000000000 012646165717005 14.87 10.42 5.90
0100000000000000000 62237 012636165717005 100000000000000000 012656165717005 14.87 10.42 5.90
0100000000000000000 62237 012636165717005 100000000000000000 012666165717005 14.87 10.42 5.90
0100000000000000000 62237 012636165717005 100000000000000000 012676165717005 14.87 10.42 5.90
0100000000000000000 62237 012636165717005 110000000000000000 012630165717005 14.87 12.51 8.50
0100000000000000000 62237 012636165717005 100000000000000000 012631165717005 14.87 10.42 5.90
0100000000000000000 62237 012636165717005 100000000000000000 012632165717005 14.87 10.42 5.90
0100000000000000000 62237 012636165717005 100000000000000000 012633165717005 14.87 10.42 5.90
0100000000000000000 62237 012636165717005 100000000000000000 012634165717005 14.87 10.42 5.90
0100000000000000000 62237 012636165717005 100000000000000000 012635165717005 14.87 10.42 5.90
0100000000000000000 62237 012636165717005 100000000000000000 012637165717005 14.87 10.42 5.90
0100000000000000000 62237 012636165717005 111110000000000000 012636065717005 14.87 12.51 13.80
0100000000000000000 62237 012636165717005 100000000000000000 012636265717005 14.87 10.42 5.90
0100000000000000000 62237 012636165717005 100000000000000000 012636365717005 14.87 10.42 5.90
0100000000000000000 62237 012636165717005 110000000000000000 012636465717005 14.87 12.51 8.50
0100000000000000000 62237 012636165717005 110000000000000000 012636565717005 14.87 12.51 8.50
0100000000000000000 62237 012636165717005 110000000000000000 012636665717005 14.87 12.51 8.50
0100000000000000000 62237 012636165717005 110000000000000000 012636765717005 14.87 12.51 8.50
0100000000000000000 62237 012636165717005 100000000000000000 012636105717005 14.87 10.42 5.90
0100000000000000000 62237 012636165717005 100000000000000000 012636115717005 14.87 10.42 5.90
0100000000000000000 62237 012636165717005 100000000000000000 012636125717005 14.87 10.42 5.90
0100000000000000000 62237 012636165717005 100000000000000000 012636135717005 14.87 10.42 5.90
0100000000000000000 62237 012636165717005 100000000000000000 012636145717005 14.87 10.42 5.90
0100000000000000000 62237 012636165717005 100000000000000000 012636155717005 14.87 10.42 5.90
0100000000000000000 62237 012636165717005 100000000000000000 012636175717005 14.87 10.42 5.90
0100000000000000000 62237 012636165717005 111000000000000000 012636160717005 14.87 12.51 13.80
0100000000000000000 62237 012636165717005 110000000000000000 012636161717005 14.87 12.51 8.50
0100000000000000000 62237 012636165717005 110000000000000000 012636162717005 14.87 12.51 8.50
0100000000000000000 62237 012636165717005 110000000000000000 012636163717005 14.87 12.51 8.50
0100000000000000000 62237 012636165717005 100000000000000000 012636164717005 14.87 10.42 5.90
0100000000000000000 62237 012636165717005 100000000000000000 012636166717005 14.87 10.42 5.90
0100000000000000000 62237 012636165717005 100000000000000000 012636167717005 14.87 10.42 5.90
0100000000000000000 62237 012636165717005 111000000000000000 012636165017005 14.87 12.51 13.80
0100000000000000000 62237 012636165717005 110000000000000000 012636165117005 14.87 12.51 8.50
0100000000000000000 62237 012636165717005 110000000000000000 012636165217005 14.87 12.51 8.50
0100000000000000000 62237 012636165717005 110000000000000000 012636165317005 14.87 12.51 8.50
0100000000000000000 62237 012636165717005 100000000000000000 012636165417005 14.87 10.42 5.90
0100000000000000000 62237 012636165717005 100000000000000000 012636165517005 14.87 10.42 5.90
0100000000000000000 62237 012636165717005 100000000000000000 012636165617005 14.87 10.42 5.90
0100000000000000000 62237 012636165717005 100000000000000000 012636165707005 14.87 10.42 5.90
0100000000000000000 62237 012636165717005 100000000000000001 012636165727005 14.87 12.51 11.10
0100000000000000000 62237 012636165717005 100000000000000111 012636165737005 14.87 14.59 13.80
0100000000000000000 62237 012636165717005 100000000000001111 012636165747005 14.87 14.59 13.80
0100000000000000000 62237 012636165717005 100000000000011111 012636165757005 14.87 14.59 13.80
0100000000000000000 62237 012636165717005 100000000000111111 012636165767005 14.87 14.59 13.80
0100000000000000000 62237 012636165717005 100000000000111111 012636165777005 14.87 14.59 13.80
0100000000000000000 62237 012636165717005 111111111111111111 012636165710005 14.87 4.17 8.50
0100000000000000000 62237 012636165717005 111111111111111111 012636165711005 14.87 4.17 8.50
0100000000000000000 62237 012636165717005 110000000000000000 012636165712005 14.87 12.51 8.50
0100000000000000000 62237 012636165717005 110000000000000000 012636165713005 14.87 12.51 8.50
0100000000000000000 62237 012636165717005 110000000000000000 012636165714005 14.87 12.51 8.50
0100000000000000000 62237 012636165717005 110000000000000000 012636165715005 14.87 12.51 8.50
0100000000000000000 62237 012636165717005 100000000000000000 012636165716005 14.87 10.42 5.90
0100000000000000000 62237 012636165717005 100000000000000011 012636165717105 14.87 14.59 11.10
0100000000000000000 62237 012636165717005 100000000000001111 012636165717205 14.87 14.59 13.80
0100000000000000000 62237 012636165717005 100000000000111111 012636165717305 14.87 14.59 13.80
0100000000000000000 62237 012636165717005 100000000000111111 012636165717405 14.87 14.59 13.80
0100000000000000000 62237 012636165717005 100000000001111111 012636165717505 14.87 14.59 13.80
0100000000000000000 62237 012636165717005 100000000011111111 012636165717605 14.87 14.59 13.80
0100000000000000000 62237 012636165717005 100000000011111111 012636165717705 14.87 14.59 13.80
0100000000000000000 62237 012636165717005 100000000000000000 012636165717015 14.87 10.42 5.90
0100000000000000000 62237 012636165717005 110000000000000000 012636165717025 14.87 12.51 8.50
0100000000000000000 62237 012636165717005 110000000000000000 012636165717035 14.87 12.51 8.50
0100000000000000000 62237 012636165717005 110000000000000000 012636165717045 14.87 12.51 8.50
0100000000000000000 62237 012636165717005 110000000000000000 012636165717055 14.87 12.51 8.50
0100000000000000000 62237 012636165717005 110000000000000000 012636165717065 14.87 12.51 8.50
0100000000000000000 62237 012636165717005 111000000000000000 012636165717075 14.87 12.51 13.80
0100000000000000000 62237 012636165717005 111000000000000000 012636165717000 14.87 12.51 13.80
0100000000000000000 62237 012636165717005 110000000000000000 012636165717001 14.87 12.51 8.50
0100000000000000000 62237 012636165717005 110000000000000000 012636165717002 14.87 12.51 8.50
0100000000000000000 62237 012636165717005 110000000000000000 012636165717003 14.87 12.51 8.50
0100000000000000000 62237 012636165717005 100000000000000000 012636165717004 14.87 10.42 5.90
0100000000000000000 62237 012636165717005 100000000000000000 012636165717006 14.87 10.42 5.90
0100000000000000000 62237 012636165717005 100000000000000000 012636165717007 14.87 10.42 5.90
0100000000000000000 63133 512620017606245 110000000000000001 012620017606245 14.87 14.59 11.10
0100000000000000000 63133 512620017606245 100000000000000001 112620017606245 14.87 12.51 11.10
0100000000000000000 63133 512620017606245 100000000000000000 212620017606245 14.87 10.42 5.90
0100000000000000000 63133 512620017606245 100000000000000000 312620017606245 14.87 10.42 5.90
0100000000000000000 63133 512620017606245 100000000000000000 412620017606245 14.87 10.42 5.90
0100000000000000000 63133 512620017606245 100000000000000000 612620017606245 14.87 10.42 5.90
0100000000000000000 63133 512620017606245 100000000000000000 712620017606245 14.87 10.42 5.90
0100000000000000000 63133 512620017606245 100000000000000000 502620017606245 14.87 10.42 5.90
0100000000000000000 63133 512620017606245 100000000000000000 522620017606245 14.87 10.42 5.90
0100000000000000000 63133 512620017606245 100000000000000000 532620017606245 14.87 10.42 5.90
0100000000000000000 63133 512620017606245 110000000000000000 542620017606245 14.87 12.51 8.50
0100000000000000000 63133 512620017606245 110000000000000000 552620017606245 14.87 12.51 8.50
0100000000000000000 63133 512620017606245 110000000000000000 562620017606245 14.87 12.51 8.50
0100000000000000000 63133 512620017606245 110000000000000000 572620017606245 14.87 12.51 8.50
0100000000000000000 63133 512620017606245 111111110000000000 510620017606245 14.87 12.51 13.80
0100000000000000000 63133 512620017606245 100000000000000000 511620017606245 14.87 10.42 5.90
0100000000000000000 63133 512620017606245 100000000000000000 513620017606245 14.87 10.42 5.90
0100000000000000000 63133 512620017606245 100000000000000000 514620017606245 14.87 10.42 5.90
0100000000000000000 63133 512620017606245 100000000000000000 515620017606245 14.87 10.42 5.90
0100000000000000000 63133 512620017606245 100000000000000001 516620017606245 14.87 12.51 11.10
0100000000000000000 63133 512620017606245 100000000000000001 517620017606245 14.87 12.51 11.10
0100000000000000000 63133 512620017606245 110000000000000000 512020017606245 14.87 12.51 8.50
0100000000000000000 63133 512620017606245 110000000000000000 512120017606245 14.87 12.51 8.50
0100000000000000000 63133 512620017606245 110000000000000000 512220017606245 14.87 12.51 8.50
0100000000000000000 63133 512620017606245 100000000000000000 512320017606245 14.87 10.42 5.90
0100000000000000000 63133 512620017606245 100000000000000000 512420017606245 14.87 10.42 5.90
0100000000000000000 63133 512620017606245 100000000000000000 512520017606245 14.87 10.42 5.90
0100000000000000000 63133 512620017606245 100000000000000000 512720017606245 14.87 10.42 5.90
0100000000000000000 63133 512620017606245 100000000000000000 512600017606245 14.87 10.42 5.90
0100000000000000000 63133 512620017606245 100000000000000000 512610017606245 14.87 10.42 5.90
0100000000000000000 63133 512620017606245 100000000000000000 512630017606245 14.87 10.42 5.90
0100000000000000000 63133 512620017606245 100000000000000000 512640017606245 14.87 10.42 5.90
0100000000000000000 63133 512620017606245 100000000000000000 512650017606245 14.87 10.42 5.90
0100000000000000000 63133 512620017606245 100000000000000000 512660017606245 14.87 10.42 5.90
0100000000000000000 63133 512620017606245 100000000000000000 512670017606245 14.87 10.42 5.90
0100000000000000000 63133 512620017606245 100000000000000000 512621017606245 14.87 10.42 5.90
0100000000000000000 63133 512620017606245 100000000000000000 512622017606245 14.87 10.42 5.90
0100000000000000000 63133 512620017606245 110000000000000000 512623017606245 14.87 12.51 8.50
0100000000000000000 63133 512620017606245 110000000000000000 512624017606245 14.87 12.51 8.50
0100000000000000000 63133 512620017606245 111111000000000000 512625017606245 14.87 12.51 13.80
0100000000000000000 63133 512620017606245 111111111110000000 512626017606245 14.87 12.51 13.80
0100000000000000000 63133 512620017606245 111111111111111000 512627017606245 14.87 12.51 13.80
0100000000000000000 63133 512620017606245 100000000000000001 512620117606245 14.87 12.51 11.10
0100000000000000000 63133 512620017606245 110000000000000001 512620217606245 14.87 14.59 11.10
0100000000000000000 63133 512620017606245 110000000000000000 512620317606245 14.87 12.51 8.50
0100000000000000000 63133 512620017606245 111000000000000000 512620417606245 14.87 12.51 13.80
0100000000000000000 63133 512620017606245 111000000000000000 512620517606245 14.87 12.51 13.80
0100000000000000000 63133 512620017606245 111100000000000000 512620617606245 14.87 12.51 13.80
0100000000000000000 63133 512620017606245 111100000000000000 512620717606245 14.87 12.51 13.80
0100000000000000000 63133 512620017606245 100000000000000000 512620007606245 14.87 10.42 5.90
0100000000000000000 63133 512620017606245 100000000000000000 512620027606245 14.87 10.42 5.90
0100000000000000000 63133 512620017606245 100000000000000000 512620037606245 14.87 10.42 5.90
0100000000000000000 63133 512620017606245 100000000000000000 512620047606245 14.87 10.42 5.90
0100000000000000000 63133 512620017606245 100000000000000000 512620057606245 14.87 10.42 5.90
0100000000000000000 63133 512620017606245 100000000000000000 512620067606245 14.87 10.42 5.90
0100000000000000000 63133 512620017606245 100000000000000000 512620077606245 14.87 10.42 5.90
0100000000000000000 63133 512620017606245 111000000000000000 512620010606245 14.87 12.51 13.80
0100000000000000000 63133 512620017606245 110000000000000000 512620011606245 14.87 12.51 8.50
0100000000000000000 63133 512620017606245 110000000000000000 512620012606245 14.87 12.51 8.50
0100000000000000000 63133 512620017606245 110000000000000000 512620013606245 14.87 12.51 8.50
0100000000000000000 63133 512620017606245 100000000000000000 512620014606245 14.87 10.42 5.90
0100000000000000000 63133 512620017606245 100000000000000000 512620015606245 14.87 10.42 5.90
0100000000000000000 63133 512620017606245 100000000000000000 512620016606245 14.87 10.42 5.90
0100000000000000000 63133 512620017606245 111100000000000000 512620017006245 14.87 12.51 13.80
0100000000000000000 63133 512620017606245 110000000000000000 512620017106245 14.87 12.51 8.50
0100000000000000000 63133 512620017606245 110000000000000000 512620017206245 14.87 12.51 8.50
0100000000000000000 63133 512620017606245 100000000000000000 512620017306245 14.87 10.42 5.90
0100000000000000000 63133 512620017606245 100000000000000000 512620017406245 14.87 10.42 5.90
0100000000000000000 63133 512620017606245 100000000000000000 512620017506245 14.87 10.42 5.90
0100000000000000000 63133 512620017606245 100000000000000000 512620017706245 14.87 10.42 5.90
0100000000000000000 63133 512620017606245 100000000000001111 512620017616245 14.87 14.59 13.80
0100000000000000000 63133 512620017606245 100000000000111111 512620017626245 14.87 14.59 13.80
0100000000000000000 63133 512620017606245 100000000001111111 512620017636245 14.87 14.59 13.80
0100000000000000000 63133 512620017606245 100000000001111111 512620017646245 14.87 14.59 13.80
0100000000000000000 63133 512620017606245 100000000011111111 512620017656245 14.87 14.59 13.80
0100000000000000000 63133 512620017606245 100000000011111111 512620017666245 14.87 14.59 13.80
0100000000000000000 63133 512620017606245 100000000011111111 512620017676245 14.87 14.59 13.80
0100000000000000000 63133 512620017606245 111111111111111111 512620017600245 14.87 4.17 8.50
0100000000000000000 63133 512620017606245 111111111111111111 512620017601245 14.87 4.17 8.50
0100000000000000000 63133 512620017606245 111110000000000000 512620017602245 14.87 12.51 13.80
0100000000000000000 63133 512620017606245 110000000000000000 512620017603245 14.87 12.51 8.50
0100000000000000000 63133 512620017606245 100000000000000000 512620017604245 14.87 10.42 5.90
0100000000000000000 63133 512620017606245 100000000000000000 512620017605245 14.87 10.42 5.90
0100000000000000000 63133 512620017606245 100000000000000000 512620017607245 14.87 10.42 5.90
0100000000000000000 63133 512620017606245 100000000000000000 512620017606045 14.87 10.42 5.90
0100000000000000000 63133 512620017606245 100000000000000000 512620017606145 14.87 10.42 5.90
0100000000000000000 63133 512620017606245 100000000000000001 512620017606345 14.87 12.51 11.10
0100000000000000000 63133 512620017606245 100000000000000111 512620017606445 14.87 14.59 13.80
0100000000000000000 63133 512620017606245 100000000000001111 512620017606545 14.87 14.59 13.80
0100000000000000000 63133 512620017606245 100000000000011111 512620017606645 14.87 14.59 13.80
0100000000000000000 63133 512620017606245 100000000000011111 512620017606745 14.87 14.59 13.80
0100000000000000000 63133 512620017606245 111111111111111111 512620017606205 14.87 4.17 8.50
0100000000000000000 63133 512620017606245 111000000000000000 512620017606215 14.87 12.51 13.80
0100000000000000000 63133 512620017606245 110000000000000000 512620017606225 14.87 12.51 8.50
0100000000000000000 63133 512620017606245 100000000000000000 512620017606235 14.87 10.42 5.90
0100000000000000000 63133 512620017606245 100000000000000000 512620017606255 14.87 10.42 5.90
0100000000000000000 63133 512620017606245 100000000000000000 512620017606265 14.87 10.42 5.90
0100000000000000000 63133 512620017606245 100000000000000000 512620017606275 14.87 10.42 5.90
0100000000000000000 63133 512620017606245 111000000000000000 512620017606240 14.87 12.51 13.80
0100000000000000000 63133 512620017606245 110000000000000000 512620017606241 14.87 12.51 8.50
0100000000000000000 63133 512620017606245 110000000000000000 512620017606242 14.87 12.51 8.50
0100000000000000000 63133 512620017606245 100000000000000000 512620017606243 14.87 10.42 5.90
0100000000000000000 63133 512620017606245 100000000000000000 512620017606244 14.87 10.42 5.90
0100000000000000000 63133 512620017606245 100000000000000000 512620017606246 14.87 10.42 5.90
0100000000000000000 63133 512620017606245 100000000000000000 512620017606247 14.87 10.42 5.90
0100000000000000000 69023 412431246703217 110000000000000000 012431246703217 14.87 12.51 8.50
0100000000000000000 69023 412431246703217 110000000000000000 112431246703217 14.87 12.51 8.50
0100000000000000000 69023 412431246703217 110000000000000000 212431246703217 14.87 12.51 8.50
0100000000000000000 69023 412431246703217 100000000000000000 312431246703217 14.87 10.42 5.90
0100000000000000000 69023 412431246703217 100000000000000000 512431246703217 14.87 10.42 5.90
0100000000000000000 69023 412431246703217 110000000000000000 612431246703217 14.87 12.51 8.50
0100000000000000000 69023 412431246703217 110000000000000000 712431246703217 14.87 12.51 8.50
0100000000000000000 69023 412431246703217 100000000000000000 402431246703217 14.87 10.42 5.90
0100000000000000000 69023 412431246703217 110000000000000000 422431246703217 14.87 12.51 8.50
0100000000000000000 69023 412431246703217 110000000000000000 432431246703217 14.87 12.51 8.50
0100000000000000000 69023 412431246703217 110000000000000000 442431246703217 14.87 12.51 8.50
0100000000000000000 69023 412431246703217 110000000000000000 452431246703217 14.87 12.51 8.50
0100000000000000000 69023 412431246703217 110000000000000000 462431246703217 14.87 12.51 8.50
0100000000000000000 69023 412431246703217 110000000000000000 472431246703217 14.87 12.51 8.50
0100000000000000000 69023 412431246703217 111111111111111100 410431246703217 14.87 12.51 13.80
0100000000000000000 69023 412431246703217 110000000000000000 411431246703217 14.87 12.51 8.50
0100000000000000000 69023 412431246703217 100000000000000000 413431246703217 14.87 10.42 5.90
0100000000000000000 69023 412431246703217 110000000000000000 414431246703217 14.87 12.51 8.50
0100000000000000000 69023 412431246703217 110000000000000000 415431246703217 14.87 12.51 8.50
0100000000000000000 69023 412431246703217 110000000000000000 416431246703217 14.87 12.51 8.50
0100000000000000000 69023 412431246703217 110000000000000000 417431246703217 14.87 12.51 8.50
0100000000000000000 69023 412431246703217 111000000000000000 412031246703217 14.87 12.51 13.80
0100000000000000000 69023 412431246703217 110000000000000000 412131246703217 14.87 12.51 8.50
0100000000000000000 69023 412431246703217 110000000000000000 412231246703217 14.87 12.51 8.50
0100000000000000000 69023 412431246703217 110000000000000000 412331246703217 14.87 12.51 8.50
0100000000000000000 69023 412431246703217 100000000000000000 412531246703217 14.87 10.42 5.90
0100000000000000000 69023 412431246703217 100000000000000000 412631246703217 14.87 10.42 5.90
0100000000000000000 69023 412431246703217 100000000000000000 412731246703217 14.87 10.42 5.90
0100000000000000000 69023 412431246703217 110000000000000000 412401246703217 14.87 12.51 8.50
0100000000000000000 69023 412431246703217 110000000000000000 412411246703217 14.87 12.51 8.50
0100000000000000000 69023 412431246703217 100000000000000000 412421246703217 14.87 10.42 5.90
0100000000000000000 69023 412431246703217 100000000000000000 412441246703217 14.87 10.42 5.90
0100000000000000000 69023 412431246703217 100000000000000000 412451246703217 14.87 10.42 5.90
0100000000000000000 69023 412431246703217 100000000000000000 412461246703217 14.87 10.42 5.90
0100000000000000000 69023 412431246703217 100000000000000000 412471246703217 14.87 10.42 5.90
0100000000000000000 69023 412431246703217 100000000000000000 412430246703217 14.87 10.42 5.90
0100000000000000000 69023 412431246703217 100000000000000000 412432246703217 14.87 10.42 5.90
0100000000000000000 69023 412431246703217 100000000000000000 412433246703217 14.87 10.42 5.90
0100000000000000000 69023 412431246703217 100000000000000000 412434246703217 14.87 10.42 5.90
0100000000000000000 69023 412431246703217 110000000000000000 412435246703217 14.87 12.51 8.50
0100000000000000000 69023 412431246703217 110000000000000000 412436246703217 14.87 12.51 8.50
0100000000000000000 69023 412431246703217 110000000000000000 412437246703217 14.87 12.51 8.50
0100000000000000000 69023 412431246703217 111111111111111110 412431046703217 14.87 10.42 11.10
0100000000000000000 69023 412431246703217 110000000000000000 412431146703217 14.87 12.51 8.50
0100000000000000000 69023 412431246703217 100000000000000000 412431346703217 14.87 10.42 5.90
0100000000000000000 69023 412431246703217 110000000000000000 412431446703217 14.87 12.51 8.50
0100000000000000000 69023 412431246703217 110000000000000000 412431546703217 14.87 12.51 8.50
0100000000000000000 69023 412431246703217 110000000000000000 412431646703217 14.87 12.51 8.50
0100000000000000000 69023 412431246703217 111000000000000000 412431746703217 14.87 12.51 13.80
0100000000000000000 69023 412431246703217 100000000000000000 412431206703217 14.87 10.42 5.90
0100000000000000000 69023 412431246703217 100000000000000000 412431216703217 14.87 10.42 5.90
0100000000000000000 69023 412431246703217 100000000000000000 412431226703217 14.87 10.42 5.90
0100000000000000000 69023 412431246703217 100000000000000000 412431236703217 14.87 10.42 5.90
0100000000000000000 69023 412431246703217 100000000000000000 412431256703217 14.87 10.42 5.90
0100000000000000000 69023 412431246703217 100000000000000000 412431266703217 14.87 10.42 5.90
0100000000000000000 69023 412431246703217 100000000000000000 412431276703217 14.87 10.42 5.90
0100000000000000000 69023 412431246703217 111110000000000000 412431240703217 14.87 12.51 13.80
0100000000000000000 69023 412431246703217 111000000000000000 412431241703217 14.87 12.51 13.80
0100000000000000000 69023 412431246703217 110000000000000000 412431242703217 14.87 12.51 8.50
0100000000000000000 69023 412431246703217 110000000000000000 412431243703217 14.87 12.51 8.50
0100000000000000000 69023 412431246703217 110000000000000000 412431244703217 14.87 12.51 8.50
0100000000000000000 69023 412431246703217 110000000000000000 412431245703217 14.87 12.51 8.50
0100000000000000000 69023 412431246703217 100000000000000000 412431247703217 14.87 10.42 5.90
0100000000000000000 69023 412431246703217 111111000000000000 412431246003217 14.87 12.51 13.80
0100000000000000000 69023 412431246703217 111100000000000000 412431246103217 14.87 12.51 13.80
0100000000000000000 69023 412431246703217 111000000000000000 412431246203217 14.87 12.51 13.80
0100000000000000000 69023 412431246703217 110000000000000000 412431246303217 14.87 12.51 8.50
0100000000000000000 69023 412431246703217 110000000000000000 412431246403217 14.87 12.51 8.50
0100000000000000000 69023 412431246703217 110000000000000000 412431246503217 14.87 12.51 8.50
0100000000000000000 69023 412431246703217 100000000000000000 412431246603217 14.87 10.42 5.90
0100000000000000000 69023 412431246703217 100000000000000001 412431246713217 14.87 12.51 11.10
0100000000000000000 69023 412431246703217 100000000000000111 412431246723217 14.87 14.59 13.80
0100000000000000000 69023 412431246703217 100000000000000111 412431246733217 14.87 14.59 13.80
0100000000000000000 69023 412431246703217 100000000000001111 412431246743217 14.87 14.59 13.80
0100000000000000000 69023 412431246703217 110000000000001111 412431246753217 14.87 16.68 13.80
0100000000000000000 69023 412431246703217 110000000000011111 412431246763217 14.87 16.68 13.80
0100000000000000000 69023 412431246703217 110000000000011111 412431246773217 14.87 16.68 13.80
0100000000000000000 69023 412431246703217 111111111111111111 412431246700217 14.87 4.17 8.50
0100000000000000000 69023 412431246703217 110000000000000000 412431246701217 14.87 12.51 8.50
0100000000000000000 69023 412431246703217 110000000000000000 412431246702217 14.87 12.51 8.50
0100000000000000000 69023 412431246703217 100000000000000000 412431246704217 14.87 10.42 5.90
0100000000000000000 69023 412431246703217 100000000000000000 412431246705217 14.87 10.42 5.90
0100000000000000000 69023 412431246703217 100000000000000000 412431246706217 14.87 10.42 5.90
0100000000000000000 69023 412431246703217 100000000000000000 412431246707217 14.87 10.42 5.90
0100000000000000000 69023 412431246703217 100000000000000000 412431246703017 14.87 10.42 5.90
0100000000000000000 69023 412431246703217 100000000000000000 412431246703117 14.87 10.42 5.90
0100000000000000000 69023 412431246703217 100000000000000000 412431246703317 14.87 10.42 5.90
0100000000000000000 69023 412431246703217 100000000000000001 412431246703417 14.87 12.51 11.10
0100000000000000000 69023 412431246703217 100000000000000001 412431246703517 14.87 12.51 11.10
0100000000000000000 69023 412431246703217 100000000000000011 412431246703617 14.87 14.59 11.10
0100000000000000000 69023 412431246703217 100000000000000011 412431246703717 14.87 14.59 11.10
0100000000000000000 69023 412431246703217 111110000000000000 412431246703207 14.87 12.51 13.80
0100000000000000000 69023 412431246703217 110000000000000000 412431246703227 14.87 12.51 8.50
0100000000000000000 69023 412431246703217 110000000000000000 412431246703237 14.87 12.51 8.50
0100000000000000000 69023 412431246703217 110000000000000000 412431246703247 14.87 12.51 8.50
0100000000000000000 69023 412431246703217 111000000000000000 412431246703257 14.87 12.51 13.80
0100000000000000000 69023 412431246703217 111000000000000000 412431246703267 14.87 12.51 13.80
0100000000000000000 69023 412431246703217 111000000000000000 412431246703277 14.87 12.51 13.80
0100000000000000000 69023 412431246703217 111110000000000000 412431246703210 14.87 12.51 13.80
0100000000000000000 69023 412431246703217 111000000000000000 412431246703211 14.87 12.51 13.80
0100000000000000000 69023 412431246703217 110000000000000000 412431246703212 14.87 12.51 8.50
0100000000000000000 69023 412431246703217 110000000000000000 412431246703213 14.87 12.51 8.50
0100000000000000000 69023 412431246703217 110000000000000000 412431246703214 14.87 12.51 8.50
0100000000000000000 69023 412431246703217 110000000000000000 412431246703215 14.87 12.51 8.50
0100000000000000000 69023 412431246703217 100000000000000000 412431246703216 14.87 10.42 5.90
