ParentPhenotype line ParentGenotype MutantPhenotype MutantGenotype KC_col1 KC_col4 Conditional_Complexity
0111000000011111100 36799 554357006407212 111000000000000000 054357006407212 23.36 12.51 10.50
0111000000011111100 36799 554357006407212 111000000000000000 154357006407212 23.36 12.51 10.50
0111000000011111100 36799 554357006407212 111000000000000000 254357006407212 23.36 12.51 10.50
0111000000011111100 36799 554357006407212 111000000000000000 354357006407212 23.36 12.51 10.50
0111000000011111100 36799 554357006407212 111000000001111100 454357006407212 23.36 20.85 13.10
0111000000011111100 36799 554357006407212 111000000011111110 654357006407212 23.36 18.76 10.50
0111000000011111100 36799 554357006407212 111000000111111110 754357006407212 23.36 18.76 13.10
0111000000011111100 36799 554357006407212 111111111111111100 504357006407212 23.36 12.51 13.10
0111000000011111100 36799 554357006407212 111000000111111100 514357006407212 23.36 20.85 13.10
0111000000011111100 36799 554357006407212 111000000111111100 524357006407212 23.36 20.85 13.10
0111000000011111100 36799 554357006407212 111000000011111100 534357006407212 23.36 20.85 7.90
0111000000011111100 36799 554357006407212 111000000011111100 544357006407212 23.36 20.85 7.90
0111000000011111100 36799 554357006407212 111100000001111100 564357006407212 23.36 18.76 13.10
0111000000011111100 36799 554357006407212 111100000001111110 574357006407212 23.36 18.76 10.50
0111000000011111100 36799 554357006407212 111111111111111111 550357006407212 23.36 4.17 10.50
0111000000011111100 36799 554357006407212 111100011111111110 551357006407212 23.36 18.76 15.70
0111000000011111100 36799 554357006407212 111100000111111110 552357006407212 23.36 18.76 15.70
0111000000011111100 36799 554357006407212 111000000111111110 553357006407212 23.36 18.76 13.10
0111000000011111100 36799 554357006407212 111000000001111100 555357006407212 23.36 20.85 13.10
0111000000011111100 36799 554357006407212 111000000000000000 556357006407212 23.36 12.51 10.50
0111000000011111100 36799 554357006407212 111000000000000000 557357006407212 23.36 12.51 10.50
0111000000011111100 36799 554357006407212 111111000000111111 554057006407212 23.36 16.68 10.50
0111000000011111100 36799 554357006407212 111100000001111110 554157006407212 23.36 18.76 10.50
0111000000011111100 36799 554357006407212 111100000001111110 554257006407212 23.36 18.76 10.50
0111000000011111100 36799 554357006407212 111000000011111100 554457006407212 23.36 20.85 7.90
0111000000011111100 36799 554357006407212 111000000011111100 554557006407212 23.36 20.85 7.90
0111000000011111100 36799 554357006407212 111000000011111100 554657006407212 23.36 20.85 7.90
0111000000011111100 36799 554357006407212 111000000111111100 554757006407212 23.36 20.85 13.10
0111000000011111100 36799 554357006407212 111100001111111111 554307006407212 23.36 16.68 13.10
0111000000011111100 36799 554357006407212 111100000111111110 554317006407212 23.36 18.76 15.70
0111000000011111100 36799 554357006407212 111100000011111110 554327006407212 23.36 18.76 15.70
0111000000011111100 36799 554357006407212 111000000011111110 554337006407212 23.36 18.76 10.50
0111000000011111100 36799 554357006407212 111000000011111100 554347006407212 23.36 20.85 7.90
0111000000011111100 36799 554357006407212 111000000001111100 554367006407212 23.36 20.85 13.10
0111000000011111100 36799 554357006407212 111000000001111100 554377006407212 23.36 20.85 13.10
0111000000011111100 36799 554357006407212 111000000000000000 554350006407212 23.36 12.51 10.50
0111000000011111100 36799 554357006407212 111000000000000000 554351006407212 23.36 12.51 10.50
0111000000011111100 36799 554357006407212 111000000000000000 554352006407212 23.36 12.51 10.50
0111000000011111100 36799 554357006407212 111000000000000000 554353006407212 23.36 12.51 10.50
0111000000011111100 36799 554357006407212 111000000000000000 554354006407212 23.36 12.51 10.50
0111000000011111100 36799 554357006407212 111000000000000000 554355006407212 23.36 12.51 10.50
0111000000011111100 36799 554357006407212 111000000000000000 554356006407212 23.36 12.51 10.50
0111000000011111100 36799 554357006407212 111000000000000000 554357106407212 23.36 12.51 10.50
0111000000011111100 36799 554357006407212 111000000000000000 554357206407212 23.36 12.51 10.50
0111000000011111100 36799 554357006407212 111100000000000000 554357306407212 23.36 12.51 10.50
0111000000011111100 36799 554357006407212 111100000000000000 554357406407212 23.36 12.51 10.50
0111000000011111100 36799 554357006407212 111100000000000000 554357506407212 23.36 12.51 10.50
0111000000011111100 36799 554357006407212 111110000000000000 554357606407212 23.36 12.51 7.90
0111000000011111100 36799 554357006407212 111110000000000000 554357706407212 23.36 12.51 7.90
0111000000011111100 36799 554357006407212 111000000011111100 554357016407212 23.36 20.85 7.90
0111000000011111100 36799 554357006407212 111000000011111100 554357026407212 23.36 20.85 7.90
0111000000011111100 36799 554357006407212 111000000011111100 554357036407212 23.36 20.85 7.90
0111000000011111100 36799 554357006407212 111000000011111100 554357046407212 23.36 20.85 7.90
0111000000011111100 36799 554357006407212 111000000011111100 554357056407212 23.36 20.85 7.90
0111000000011111100 36799 554357006407212 111000000011111100 554357066407212 23.36 20.85 7.90
0111000000011111100 36799 554357006407212 111000000011111100 554357076407212 23.36 20.85 7.90
0111000000011111100 36799 554357006407212 111111110000001111 554357000407212 23.36 16.68 13.10
0111000000011111100 36799 554357006407212 111111000000111111 554357001407212 23.36 16.68 10.50
0111000000011111100 36799 554357006407212 111110000000111111 554357002407212 23.36 16.68 7.90
0111000000011111100 36799 554357006407212 111100000001111110 554357003407212 23.36 18.76 10.50
0111000000011111100 36799 554357006407212 111100000001111110 554357004407212 23.36 18.76 10.50
0111000000011111100 36799 554357006407212 111100000001111110 554357005407212 23.36 18.76 10.50
0111000000011111100 36799 554357006407212 111000000011111100 554357007407212 23.36 20.85 7.90
0111000000011111100 36799 554357006407212 111110000000000000 554357006007212 23.36 12.51 7.90
0111000000011111100 36799 554357006407212 111100000000000000 554357006107212 23.36 12.51 10.50
0111000000011111100 36799 554357006407212 111100000000000000 554357006207212 23.36 12.51 10.50
0111000000011111100 36799 554357006407212 111000000000111000 554357006307212 23.36 18.76 13.10
0111000000011111100 36799 554357006407212 111000000111111110 554357006507212 23.36 18.76 13.10
0111000000011111100 36799 554357006407212 111000001111111110 554357006607212 23.36 18.76 13.10
0111000000011111100 36799 554357006407212 111100001111111110 554357006707212 23.36 18.76 15.70
0111000000011111100 36799 554357006407212 111000000000000000 554357006417212 23.36 12.51 10.50
0111000000011111100 36799 554357006407212 111100000000000000 554357006427212 23.36 12.51 10.50
0111000000011111100 36799 554357006407212 111100000000000000 554357006437212 23.36 12.51 10.50
0111000000011111100 36799 554357006407212 111100000000000000 554357006447212 23.36 12.51 10.50
0111000000011111100 36799 554357006407212 111100000000000000 554357006457212 23.36 12.51 10.50
0111000000011111100 36799 554357006407212 111100000000000000 554357006467212 23.36 12.51 10.50
0111000000011111100 36799 554357006407212 111100000000000000 554357006477212 23.36 12.51 10.50
0111000000011111100 36799 554357006407212 111111111111111111 554357006400212 23.36 4.17 10.50
0111000000011111100 36799 554357006407212 111111111111111111 554357006401212 23.36 4.17 10.50
0111000000011111100 36799 554357006407212 111111111111111111 554357006402212 23.36 4.17 10.50
0111000000011111100 36799 554357006407212 111111111100000000 554357006403212 23.36 12.51 7.90
0111000000011111100 36799 554357006407212 111100000000000000 554357006404212 23.36 12.51 10.50
0111000000011111100 36799 554357006407212 111100000000000000 554357006405212 23.36 12.51 10.50
0111000000011111100 36799 554357006407212 111000000000011000 554357006406212 23.36 18.76 15.70
0111000000011111100 36799 554357006407212 111000000011111111 554357006407012 23.36 16.68 7.90
0111000000011111100 36799 554357006407212 111000000011111111 554357006407112 23.36 16.68 7.90
0111000000011111100 36799 554357006407212 111000000001110000 554357006407312 23.36 18.76 13.10
0111000000011111100 36799 554357006407212 111000000000000000 554357006407412 23.36 12.51 10.50
0111000000011111100 36799 554357006407212 111000000000000000 554357006407512 23.36 12.51 10.50
0111000000011111100 36799 554357006407212 111000000000000000 554357006407612 23.36 12.51 10.50
0111000000011111100 36799 554357006407212 111000000000000000 554357006407712 23.36 12.51 10.50
0111000000011111100 36799 554357006407212 111100011111111110 554357006407202 23.36 18.76 15.70
0111000000011111100 36799 554357006407212 111000000000000000 554357006407222 23.36 12.51 10.50
0111000000011111100 36799 554357006407212 111100000000000000 554357006407232 23.36 12.51 10.50
0111000000011111100 36799 554357006407212 111100000000000000 554357006407242 23.36 12.51 10.50
0111000000011111100 36799 554357006407212 111100000000000000 554357006407252 23.36 12.51 10.50
0111000000011111100 36799 554357006407212 111100000000000000 554357006407262 23.36 12.51 10.50
0111000000011111100 36799 554357006407212 111100000000000000 554357006407272 23.36 12.51 10.50
0111000000011111100 36799 554357006407212 111110000000111111 554357006407210 23.36 16.68 7.90
0111000000011111100 36799 554357006407212 111100000001111110 554357006407211 23.36 18.76 10.50
0111000000011111100 36799 554357006407212 111000000011111100 554357006407213 23.36 20.85 7.90
0111000000011111100 36799 554357006407212 111000000111111100 554357006407214 23.36 20.85 13.10
0111000000011111100 36799 554357006407212 111000000111111100 554357006407215 23.36 20.85 13.10
0111000000011111100 36799 554357006407212 111000001111111000 554357006407216 23.36 20.85 13.10
0111000000011111100 36799 554357006407212 111111111111111000 554357006407217 23.36 12.51 13.10
0111000000011111100 42250 644710075617102 111000000000000011 044710075617102 23.36 16.68 10.50
0111000000011111100 42250 644710075617102 111000000000000000 144710075617102 23.36 12.51 10.50
0111000000011111100 42250 644710075617102 111000000000000000 244710075617102 23.36 12.51 10.50
0111000000011111100 42250 644710075617102 111000000000000000 344710075617102 23.36 12.51 10.50
0111000000011111100 42250 644710075617102 111000000000000000 444710075617102 23.36 12.51 10.50
0111000000011111100 42250 644710075617102 111000000000000000 544710075617102 23.36 12.51 10.50
0111000000011111100 42250 644710075617102 111000001111111110 744710075617102 23.36 18.76 13.10
0111000000011111100 42250 644710075617102 110000000011111000 604710075617102 23.36 20.85 15.70
0111000000011111100 42250 644710075617102 111000000011111000 614710075617102 23.36 20.85 10.50
0111000000011111100 42250 644710075617102 111000000011111100 624710075617102 23.36 20.85 7.90
0111000000011111100 42250 644710075617102 111000000011111100 634710075617102 23.36 20.85 7.90
0111000000011111100 42250 644710075617102 111000000011111100 654710075617102 23.36 20.85 7.90
0111000000011111100 42250 644710075617102 111100000011111110 664710075617102 23.36 18.76 15.70
0111000000011111100 42250 644710075617102 111100000011111110 674710075617102 23.36 18.76 15.70
0111000000011111100 42250 644710075617102 111111111111111111 640710075617102 23.36 4.17 10.50
0111000000011111100 42250 644710075617102 111111111111111111 641710075617102 23.36 4.17 10.50
0111000000011111100 42250 644710075617102 111111111111111111 642710075617102 23.36 4.17 10.50
0111000000011111100 42250 644710075617102 111100001111111111 643710075617102 23.36 16.68 13.10
0111000000011111100 42250 644710075617102 111000000000000000 645710075617102 23.36 12.51 10.50
0111000000011111100 42250 644710075617102 111000000000000000 646710075617102 23.36 12.51 10.50
0111000000011111100 42250 644710075617102 111000000000000000 647710075617102 23.36 12.51 10.50
0111000000011111100 42250 644710075617102 111111100000111111 644010075617102 23.36 16.68 10.50
0111000000011111100 42250 644710075617102 111110000001111111 644110075617102 23.36 16.68 10.50
0111000000011111100 42250 644710075617102 111100000001111111 644210075617102 23.36 16.68 7.90
0111000000011111100 42250 644710075617102 111100000011111110 644310075617102 23.36 18.76 15.70
0111000000011111100 42250 644710075617102 111100000011111110 644410075617102 23.36 18.76 15.70
0111000000011111100 42250 644710075617102 111100000011111110 644510075617102 23.36 18.76 15.70
0111000000011111100 42250 644710075617102 111000000011111100 644610075617102 23.36 20.85 7.90
0111000000011111100 42250 644710075617102 111100000011111111 644700075617102 23.36 16.68 13.10
0111000000011111100 42250 644710075617102 111000000011111000 644720075617102 23.36 20.85 10.50
0111000000011111100 42250 644710075617102 111000000011111000 644730075617102 23.36 20.85 10.50
0111000000011111100 42250 644710075617102 111000000011111000 644740075617102 23.36 20.85 10.50
0111000000011111100 42250 644710075617102 111000000011110000 644750075617102 23.36 18.76 13.10
0111000000011111100 42250 644710075617102 111000000011110000 644760075617102 23.36 18.76 13.10
0111000000011111100 42250 644710075617102 111000000001110000 644770075617102 23.36 18.76 13.10
0111000000011111100 42250 644710075617102 111000000111111100 644711075617102 23.36 20.85 13.10
0111000000011111100 42250 644710075617102 111000001111111100 644712075617102 23.36 20.85 15.70
0111000000011111100 42250 644710075617102 111100011111111100 644713075617102 23.36 18.76 15.70
0111000000011111100 42250 644710075617102 111101111111111100 644714075617102 23.36 18.76 15.70
0111000000011111100 42250 644710075617102 111111111111111100 644715075617102 23.36 12.51 13.10
0111000000011111100 42250 644710075617102 111111111111111100 644716075617102 23.36 12.51 13.10
0111000000011111100 42250 644710075617102 111111111111111110 644717075617102 23.36 10.42 10.50
0111000000011111100 42250 644710075617102 111000000000000000 644710175617102 23.36 12.51 10.50
0111000000011111100 42250 644710075617102 111000000000000000 644710275617102 23.36 12.51 10.50
0111000000011111100 42250 644710075617102 111000000000000011 644710375617102 23.36 16.68 10.50
0111000000011111100 42250 644710075617102 111000000000000011 644710475617102 23.36 16.68 10.50
0111000000011111100 42250 644710075617102 111000000000000011 644710575617102 23.36 16.68 10.50
0111000000011111100 42250 644710075617102 111000000000000011 644710675617102 23.36 16.68 10.50
0111000000011111100 42250 644710075617102 111000000000000001 644710775617102 23.36 14.59 13.10
0111000000011111100 42250 644710075617102 111000000011111100 644710005617102 23.36 20.85 7.90
0111000000011111100 42250 644710075617102 111000000011111100 644710015617102 23.36 20.85 7.90
0111000000011111100 42250 644710075617102 111000000011111100 644710025617102 23.36 20.85 7.90
0111000000011111100 42250 644710075617102 111000000011111100 644710035617102 23.36 20.85 7.90
0111000000011111100 42250 644710075617102 111000000011111100 644710045617102 23.36 20.85 7.90
0111000000011111100 42250 644710075617102 111000000011111100 644710055617102 23.36 20.85 7.90
0111000000011111100 42250 644710075617102 111000000011111100 644710065617102 23.36 20.85 7.90
0111000000011111100 42250 644710075617102 111111000001111111 644710070617102 23.36 16.68 10.50
0111000000011111100 42250 644710075617102 111110000001111111 644710071617102 23.36 16.68 10.50
0111000000011111100 42250 644710075617102 111100000011111110 644710072617102 23.36 18.76 15.70
0111000000011111100 42250 644710075617102 111100000011111110 644710073617102 23.36 18.76 15.70
0111000000011111100 42250 644710075617102 111000000011111100 644710074617102 23.36 20.85 7.90
0111000000011111100 42250 644710075617102 111000000011111100 644710076617102 23.36 20.85 7.90
0111000000011111100 42250 644710075617102 111000000011111100 644710077617102 23.36 20.85 7.90
0111000000011111100 42250 644710075617102 111100000000000001 644710075017102 23.36 14.59 13.10
0111000000011111100 42250 644710075617102 111000000000000000 644710075117102 23.36 12.51 10.50
0111000000011111100 42250 644710075617102 111000000000000000 644710075217102 23.36 12.51 10.50
0111000000011111100 42250 644710075617102 111000000000000000 644710075317102 23.36 12.51 10.50
0111000000011111100 42250 644710075617102 111000000000000000 644710075417102 23.36 12.51 10.50
0111000000011111100 42250 644710075617102 111000000000000000 644710075517102 23.36 12.51 10.50
0111000000011111100 42250 644710075617102 111100001111111111 644710075717102 23.36 16.68 13.10
0111000000011111100 42250 644710075617102 111000000111111111 644710075607102 23.36 16.68 10.50
0111000000011111100 42250 644710075617102 111000000000000000 644710075627102 23.36 12.51 10.50
0111000000011111100 42250 644710075617102 111000000000000000 644710075637102 23.36 12.51 10.50
0111000000011111100 42250 644710075617102 111000000000000000 644710075647102 23.36 12.51 10.50
0111000000011111100 42250 644710075617102 111100000000000000 644710075657102 23.36 12.51 10.50
0111000000011111100 42250 644710075617102 111100000000000000 644710075667102 23.36 12.51 10.50
0111000000011111100 42250 644710075617102 111100000000011111 644710075677102 23.36 16.68 13.10
0111000000011111100 42250 644710075617102 111111111111111111 644710075610102 23.36 4.17 10.50
0111000000011111100 42250 644710075617102 111111111111111110 644710075611102 23.36 10.42 10.50
0111000000011111100 42250 644710075617102 111100000000000000 644710075612102 23.36 12.51 10.50
0111000000011111100 42250 644710075617102 111100000000000000 644710075613102 23.36 12.51 10.50
0111000000011111100 42250 644710075617102 111000000000000000 644710075614102 23.36 12.51 10.50
0111000000011111100 42250 644710075617102 111000000000000000 644710075615102 23.36 12.51 10.50
0111000000011111100 42250 644710075617102 111000000000000000 644710075616102 23.36 12.51 10.50
0111000000011111100 42250 644710075617102 111000000111111111 644710075617002 23.36 16.68 10.50
0111000000011111100 42250 644710075617102 111000000000000000 644710075617202 23.36 12.51 10.50
0111000000011111100 42250 644710075617102 111000000000000000 644710075617302 23.36 12.51 10.50
0111000000011111100 42250 644710075617102 111000000000000000 644710075617402 23.36 12.51 10.50
0111000000011111100 42250 644710075617102 111000000000000000 644710075617502 23.36 12.51 10.50
0111000000011111100 42250 644710075617102 111000000000000000 644710075617602 23.36 12.51 10.50
0111000000011111100 42250 644710075617102 111000000000000000 644710075617702 23.36 12.51 10.50
0111000000011111100 42250 644710075617102 111000000000000000 644710075617112 23.36 12.51 10.50
0111000000011111100 42250 644710075617102 110000000000000000 644710075617122 23.36 12.51 13.10
0111000000011111100 42250 644710075617102 110000000000000011 644710075617132 23.36 16.68 15.70
0111000000011111100 42250 644710075617102 111000000000000011 644710075617142 23.36 16.68 10.50
0111000000011111100 42250 644710075617102 111000000000000011 644710075617152 23.36 16.68 10.50
0111000000011111100 42250 644710075617102 111000000000000011 644710075617162 23.36 16.68 10.50
0111000000011111100 42250 644710075617102 111000000000000011 644710075617172 23.36 16.68 10.50
0111000000011111100 42250 644710075617102 111110000001111110 644710075617100 23.36 18.76 13.10
0111000000011111100 42250 644710075617102 111100000011111110 644710075617101 23.36 18.76 15.70
0111000000011111100 42250 644710075617102 111000000011111100 644710075617103 23.36 20.85 7.90
0111000000011111100 42250 644710075617102 111000000111111100 644710075617104 23.36 20.85 13.10
0111000000011111100 42250 644710075617102 111000000111111100 644710075617105 23.36 20.85 13.10
0111000000011111100 42250 644710075617102 111000000111111100 644710075617106 23.36 20.85 13.10
0111000000011111100 42250 644710075617102 111000000111111100 644710075617107 23.36 20.85 13.10
