ParentPhenotype line ParentGenotype MutantPhenotype MutantGenotype KC_col1 KC_col4 Conditional_Complexity
0100000000000001111 8438 216760265406507 110000000000001111 016760265406507 19.12 16.68 9.60
0100000000000001111 8438 216760265406507 100000000000001111 116760265406507 19.12 14.59 6.90
0100000000000001111 8438 216760265406507 100000000000011111 316760265406507 19.12 14.59 9.60
0100000000000001111 8438 216760265406507 100000000000011111 416760265406507 19.12 14.59 9.60
0100000000000001111 8438 216760265406507 100000000000011111 516760265406507 19.12 14.59 9.60
0100000000000001111 8438 216760265406507 100000000000011111 616760265406507 19.12 14.59 9.60
0100000000000001111 8438 216760265406507 100000000000001111 716760265406507 19.12 14.59 6.90
0100000000000001111 8438 216760265406507 100000000000011111 206760265406507 19.12 14.59 9.60
0100000000000001111 8438 216760265406507 110000000000001111 226760265406507 19.12 16.68 9.60
0100000000000001111 8438 216760265406507 110000000000001111 236760265406507 19.12 16.68 9.60
0100000000000001111 8438 216760265406507 110000000000000111 246760265406507 19.12 16.68 9.60
0100000000000001111 8438 216760265406507 110000000000000111 256760265406507 19.12 16.68 9.60
0100000000000001111 8438 216760265406507 110000000000000111 266760265406507 19.12 16.68 9.60
0100000000000001111 8438 216760265406507 110000000000000111 276760265406507 19.12 16.68 9.60
0100000000000001111 8438 216760265406507 110000000000000001 210760265406507 19.12 14.59 9.60
0100000000000001111 8438 216760265406507 100000000000001111 211760265406507 19.12 14.59 6.90
0100000000000001111 8438 216760265406507 100000000000011111 212760265406507 19.12 14.59 9.60
0100000000000001111 8438 216760265406507 100000000000011111 213760265406507 19.12 14.59 9.60
0100000000000001111 8438 216760265406507 100000000000011111 214760265406507 19.12 14.59 9.60
0100000000000001111 8438 216760265406507 100000000000011111 215760265406507 19.12 14.59 9.60
0100000000000001111 8438 216760265406507 100000000000001111 217760265406507 19.12 14.59 6.90
0100000000000001111 8438 216760265406507 111000000000000011 216060265406507 19.12 16.68 9.60
0100000000000001111 8438 216760265406507 110000000000000111 216160265406507 19.12 16.68 9.60
0100000000000001111 8438 216760265406507 110000000000000111 216260265406507 19.12 16.68 9.60
0100000000000001111 8438 216760265406507 110000000000001111 216360265406507 19.12 16.68 9.60
0100000000000001111 8438 216760265406507 110000000000001111 216460265406507 19.12 16.68 9.60
0100000000000001111 8438 216760265406507 110000000000001111 216560265406507 19.12 16.68 9.60
0100000000000001111 8438 216760265406507 100000000000001111 216660265406507 19.12 14.59 6.90
0100000000000001111 8438 216760265406507 110000000000011111 216700265406507 19.12 16.68 9.60
0100000000000001111 8438 216760265406507 110000000000011111 216710265406507 19.12 16.68 9.60
0100000000000001111 8438 216760265406507 100000000000011111 216720265406507 19.12 14.59 9.60
0100000000000001111 8438 216760265406507 100000000000001111 216730265406507 19.12 14.59 6.90
0100000000000001111 8438 216760265406507 100000000000001111 216740265406507 19.12 14.59 6.90
0100000000000001111 8438 216760265406507 100000000000001111 216750265406507 19.12 14.59 6.90
0100000000000001111 8438 216760265406507 100000000000001111 216770265406507 19.12 14.59 6.90
0100000000000001111 8438 216760265406507 100000000000011111 216761265406507 19.12 14.59 9.60
0100000000000001111 8438 216760265406507 100000000000011111 216762265406507 19.12 14.59 9.60
0100000000000001111 8438 216760265406507 100000000000011111 216763265406507 19.12 14.59 9.60
0100000000000001111 8438 216760265406507 100000000000011111 216764265406507 19.12 14.59 9.60
0100000000000001111 8438 216760265406507 100000000000011111 216765265406507 19.12 14.59 9.60
0100000000000001111 8438 216760265406507 100000000000011111 216766265406507 19.12 14.59 9.60
0100000000000001111 8438 216760265406507 100000000000011111 216767265406507 19.12 14.59 9.60
0100000000000001111 8438 216760265406507 100000000000001111 216760065406507 19.12 14.59 6.90
0100000000000001111 8438 216760265406507 100000000000011111 216760165406507 19.12 14.59 9.60
0100000000000001111 8438 216760265406507 110000000000001111 216760365406507 19.12 16.68 9.60
0100000000000001111 8438 216760265406507 110000000000000111 216760465406507 19.12 16.68 9.60
0100000000000001111 8438 216760265406507 110000000000000011 216760565406507 19.12 16.68 9.60
0100000000000001111 8438 216760265406507 110000000000000011 216760665406507 19.12 16.68 9.60
0100000000000001111 8438 216760265406507 110000000000000011 216760765406507 19.12 16.68 9.60
0100000000000001111 8438 216760265406507 100000000000001111 216760205406507 19.12 14.59 6.90
0100000000000001111 8438 216760265406507 100000000000001111 216760215406507 19.12 14.59 6.90
0100000000000001111 8438 216760265406507 100000000000001111 216760225406507 19.12 14.59 6.90
0100000000000001111 8438 216760265406507 100000000000001111 216760235406507 19.12 14.59 6.90
0100000000000001111 8438 216760265406507 100000000000001111 216760245406507 19.12 14.59 6.90
0100000000000001111 8438 216760265406507 100000000000001111 216760255406507 19.12 14.59 6.90
0100000000000001111 8438 216760265406507 100000000000001111 216760275406507 19.12 14.59 6.90
0100000000000001111 8438 216760265406507 111100000000000011 216760260406507 19.12 16.68 9.60
0100000000000001111 8438 216760265406507 111000000000000111 216760261406507 19.12 16.68 9.60
0100000000000001111 8438 216760265406507 110000000000000111 216760262406507 19.12 16.68 9.60
0100000000000001111 8438 216760265406507 110000000000001111 216760263406507 19.12 16.68 9.60
0100000000000001111 8438 216760265406507 110000000000001111 216760264406507 19.12 16.68 9.60
0100000000000001111 8438 216760265406507 100000000000011111 216760266406507 19.12 14.59 9.60
0100000000000001111 8438 216760265406507 100000000000011111 216760267406507 19.12 14.59 9.60
0100000000000001111 8438 216760265406507 111000000000000001 216760265006507 19.12 14.59 9.60
0100000000000001111 8438 216760265406507 110000000000000111 216760265106507 19.12 16.68 9.60
0100000000000001111 8438 216760265406507 110000000000000111 216760265206507 19.12 16.68 9.60
0100000000000001111 8438 216760265406507 110000000000001111 216760265306507 19.12 16.68 9.60
0100000000000001111 8438 216760265406507 100000000000011111 216760265506507 19.12 14.59 9.60
0100000000000001111 8438 216760265406507 100000000000011111 216760265606507 19.12 14.59 9.60
0100000000000001111 8438 216760265406507 100000000000011111 216760265706507 19.12 14.59 9.60
0100000000000001111 8438 216760265406507 100000000000111111 216760265416507 19.12 14.59 9.60
0100000000000001111 8438 216760265406507 100000000001111111 216760265426507 19.12 14.59 12.20
0100000000000001111 8438 216760265406507 100000000001111111 216760265436507 19.12 14.59 12.20
0100000000000001111 8438 216760265406507 100000000001111111 216760265446507 19.12 14.59 12.20
0100000000000001111 8438 216760265406507 110000000011111111 216760265456507 19.12 16.68 12.20
0100000000000001111 8438 216760265406507 110000000011111111 216760265466507 19.12 16.68 12.20
0100000000000001111 8438 216760265406507 110000000011111111 216760265476507 19.12 16.68 12.20
0100000000000001111 8438 216760265406507 110000000000000000 216760265400507 19.12 12.51 6.90
0100000000000001111 8438 216760265406507 110000000000000000 216760265401507 19.12 12.51 6.90
0100000000000001111 8438 216760265406507 110000000000000000 216760265402507 19.12 12.51 6.90
0100000000000001111 8438 216760265406507 110000000000000000 216760265403507 19.12 12.51 6.90
0100000000000001111 8438 216760265406507 110000000000000001 216760265404507 19.12 14.59 9.60
0100000000000001111 8438 216760265406507 100000000000000111 216760265405507 19.12 14.59 9.60
0100000000000001111 8438 216760265406507 100000000000011111 216760265407507 19.12 14.59 9.60
0100000000000001111 8438 216760265406507 100000000000000000 216760265406007 19.12 10.42 6.90
0100000000000001111 8438 216760265406507 100000000000000000 216760265406107 19.12 10.42 6.90
0100000000000001111 8438 216760265406507 100000000000000001 216760265406207 19.12 12.51 9.60
0100000000000001111 8438 216760265406507 100000000000000111 216760265406307 19.12 14.59 9.60
0100000000000001111 8438 216760265406507 100000000000001111 216760265406407 19.12 14.59 6.90
0100000000000001111 8438 216760265406507 100000000000011111 216760265406607 19.12 14.59 9.60
0100000000000001111 8438 216760265406507 100000000000011111 216760265406707 19.12 14.59 9.60
0100000000000001111 8438 216760265406507 110000000000000111 216760265406517 19.12 16.68 9.60
0100000000000001111 8438 216760265406507 110000000000000111 216760265406527 19.12 16.68 9.60
0100000000000001111 8438 216760265406507 111000000000000011 216760265406537 19.12 16.68 9.60
0100000000000001111 8438 216760265406507 111000000000000011 216760265406547 19.12 16.68 9.60
0100000000000001111 8438 216760265406507 111000000000000011 216760265406557 19.12 16.68 9.60
0100000000000001111 8438 216760265406507 111000000000000011 216760265406567 19.12 16.68 9.60
0100000000000001111 8438 216760265406507 111100000000000001 216760265406577 19.12 14.59 9.60
0100000000000001111 8438 216760265406507 111100000000000001 216760265406500 19.12 14.59 9.60
0100000000000001111 8438 216760265406507 111000000000000011 216760265406501 19.12 16.68 9.60
0100000000000001111 8438 216760265406507 110000000000000111 216760265406502 19.12 16.68 9.60
0100000000000001111 8438 216760265406507 110000000000000111 216760265406503 19.12 16.68 9.60
0100000000000001111 8438 216760265406507 110000000000001111 216760265406504 19.12 16.68 9.60
0100000000000001111 8438 216760265406507 110000000000001111 216760265406505 19.12 16.68 9.60
0100000000000001111 8438 216760265406507 100000000000001111 216760265406506 19.12 14.59 6.90
0100000000000001111 28829 706272117305517 110000000000001111 006272117305517 19.12 16.68 9.60
0100000000000001111 28829 706272117305517 110000000000000111 106272117305517 19.12 16.68 9.60
0100000000000001111 28829 706272117305517 110000000000000111 206272117305517 19.12 16.68 9.60
0100000000000001111 28829 706272117305517 100000000000000111 306272117305517 19.12 14.59 9.60
0100000000000001111 28829 706272117305517 100000000000000111 406272117305517 19.12 14.59 9.60
0100000000000001111 28829 706272117305517 100000000000000111 506272117305517 19.12 14.59 9.60
0100000000000001111 28829 706272117305517 100000000000000111 606272117305517 19.12 14.59 9.60
0100000000000001111 28829 706272117305517 110000000000000111 716272117305517 19.12 16.68 9.60
0100000000000001111 28829 706272117305517 110000000000000111 726272117305517 19.12 16.68 9.60
0100000000000001111 28829 706272117305517 110000000000000011 736272117305517 19.12 16.68 9.60
0100000000000001111 28829 706272117305517 110000000000000011 746272117305517 19.12 16.68 9.60
0100000000000001111 28829 706272117305517 110000000000000011 756272117305517 19.12 16.68 9.60
0100000000000001111 28829 706272117305517 111000000000000011 766272117305517 19.12 16.68 9.60
0100000000000001111 28829 706272117305517 111000000000000011 776272117305517 19.12 16.68 9.60
0100000000000001111 28829 706272117305517 111111111111100000 700272117305517 19.12 12.51 9.60
0100000000000001111 28829 706272117305517 111111110000000111 701272117305517 19.12 16.68 12.20
0100000000000001111 28829 706272117305517 100000000000001111 702272117305517 19.12 14.59 6.90
0100000000000001111 28829 706272117305517 100000000000001111 703272117305517 19.12 14.59 6.90
0100000000000001111 28829 706272117305517 100000000000001111 704272117305517 19.12 14.59 6.90
0100000000000001111 28829 706272117305517 100000000000001111 705272117305517 19.12 14.59 6.90
0100000000000001111 28829 706272117305517 100000000000000111 707272117305517 19.12 14.59 9.60
0100000000000001111 28829 706272117305517 110000000000000011 706072117305517 19.12 16.68 9.60
0100000000000001111 28829 706272117305517 110000000000000111 706172117305517 19.12 16.68 9.60
0100000000000001111 28829 706272117305517 100000000000001111 706372117305517 19.12 14.59 6.90
0100000000000001111 28829 706272117305517 100000000000001111 706472117305517 19.12 14.59 6.90
0100000000000001111 28829 706272117305517 100000000000001111 706572117305517 19.12 14.59 6.90
0100000000000001111 28829 706272117305517 100000000000001111 706672117305517 19.12 14.59 6.90
0100000000000001111 28829 706272117305517 100000000000001111 706772117305517 19.12 14.59 6.90
0100000000000001111 28829 706272117305517 110000000000001111 706202117305517 19.12 16.68 9.60
0100000000000001111 28829 706272117305517 100000000000001111 706212117305517 19.12 14.59 6.90
0100000000000001111 28829 706272117305517 100000000000001111 706222117305517 19.12 14.59 6.90
0100000000000001111 28829 706272117305517 100000000000001111 706232117305517 19.12 14.59 6.90
0100000000000001111 28829 706272117305517 100000000000001111 706242117305517 19.12 14.59 6.90
0100000000000001111 28829 706272117305517 100000000000001111 706252117305517 19.12 14.59 6.90
0100000000000001111 28829 706272117305517 100000000000001111 706262117305517 19.12 14.59 6.90
0100000000000001111 28829 706272117305517 100000000000001111 706270117305517 19.12 14.59 6.90
0100000000000001111 28829 706272117305517 100000000000001111 706271117305517 19.12 14.59 6.90
0100000000000001111 28829 706272117305517 100000000000001111 706273117305517 19.12 14.59 6.90
0100000000000001111 28829 706272117305517 100000000000001111 706274117305517 19.12 14.59 6.90
0100000000000001111 28829 706272117305517 100000000000001111 706275117305517 19.12 14.59 6.90
0100000000000001111 28829 706272117305517 100000000000001111 706276117305517 19.12 14.59 6.90
0100000000000001111 28829 706272117305517 100000000000001111 706277117305517 19.12 14.59 6.90
0100000000000001111 28829 706272117305517 110000000000001111 706272017305517 19.12 16.68 9.60
0100000000000001111 28829 706272117305517 110000000000000011 706272217305517 19.12 16.68 9.60
0100000000000001111 28829 706272117305517 110000000000000001 706272317305517 19.12 14.59 9.60
0100000000000001111 28829 706272117305517 110000000000000001 706272417305517 19.12 14.59 9.60
0100000000000001111 28829 706272117305517 111000000000000000 706272517305517 19.12 12.51 6.90
0100000000000001111 28829 706272117305517 111000000000000000 706272617305517 19.12 12.51 6.90
0100000000000001111 28829 706272117305517 111000000000000000 706272717305517 19.12 12.51 6.90
0100000000000001111 28829 706272117305517 100000000000001111 706272107305517 19.12 14.59 6.90
0100000000000001111 28829 706272117305517 100000000000001111 706272127305517 19.12 14.59 6.90
0100000000000001111 28829 706272117305517 100000000000001111 706272137305517 19.12 14.59 6.90
0100000000000001111 28829 706272117305517 100000000000001111 706272147305517 19.12 14.59 6.90
0100000000000001111 28829 706272117305517 100000000000001111 706272157305517 19.12 14.59 6.90
0100000000000001111 28829 706272117305517 100000000000001111 706272167305517 19.12 14.59 6.90
0100000000000001111 28829 706272117305517 100000000000001111 706272177305517 19.12 14.59 6.90
0100000000000001111 28829 706272117305517 111110000000000000 706272110305517 19.12 12.51 6.90
0100000000000001111 28829 706272117305517 111000000000000001 706272111305517 19.12 14.59 9.60
0100000000000001111 28829 706272117305517 110000000000000011 706272112305517 19.12 16.68 9.60
0100000000000001111 28829 706272117305517 110000000000000011 706272113305517 19.12 16.68 9.60
0100000000000001111 28829 706272117305517 110000000000000111 706272114305517 19.12 16.68 9.60
0100000000000001111 28829 706272117305517 110000000000000111 706272115305517 19.12 16.68 9.60
0100000000000001111 28829 706272117305517 100000000000000111 706272116305517 19.12 14.59 9.60
0100000000000001111 28829 706272117305517 111000000000000000 706272117005517 19.12 12.51 6.90
0100000000000001111 28829 706272117305517 110000000000000011 706272117105517 19.12 16.68 9.60
0100000000000001111 28829 706272117305517 110000000000000111 706272117205517 19.12 16.68 9.60
0100000000000001111 28829 706272117305517 100000000000001111 706272117405517 19.12 14.59 6.90
0100000000000001111 28829 706272117305517 100000000000001111 706272117505517 19.12 14.59 6.90
0100000000000001111 28829 706272117305517 100000000000001111 706272117605517 19.12 14.59 6.90
0100000000000001111 28829 706272117305517 100000000000001111 706272117705517 19.12 14.59 6.90
0100000000000001111 28829 706272117305517 100000000000011111 706272117315517 19.12 14.59 9.60
0100000000000001111 28829 706272117305517 100000000000111111 706272117325517 19.12 14.59 9.60
0100000000000001111 28829 706272117305517 100000000001111111 706272117335517 19.12 14.59 12.20
0100000000000001111 28829 706272117305517 100000000001111111 706272117345517 19.12 14.59 12.20
0100000000000001111 28829 706272117305517 100000000001111111 706272117355517 19.12 14.59 12.20
0100000000000001111 28829 706272117305517 100000000011111111 706272117365517 19.12 14.59 12.20
0100000000000001111 28829 706272117305517 100000000011111111 706272117375517 19.12 14.59 12.20
0100000000000001111 28829 706272117305517 111111111111111111 706272117300517 19.12 4.17 4.30
0100000000000001111 28829 706272117305517 110000000000000000 706272117301517 19.12 12.51 6.90
0100000000000001111 28829 706272117305517 110000000000000000 706272117302517 19.12 12.51 6.90
0100000000000001111 28829 706272117305517 110000000000000000 706272117303517 19.12 12.51 6.90
0100000000000001111 28829 706272117305517 100000000000000011 706272117304517 19.12 14.59 12.20
0100000000000001111 28829 706272117305517 100000000000011111 706272117306517 19.12 14.59 9.60
0100000000000001111 28829 706272117305517 100000000000011111 706272117307517 19.12 14.59 9.60
0100000000000001111 28829 706272117305517 100000000000000000 706272117305017 19.12 10.42 6.90
0100000000000001111 28829 706272117305517 100000000000000000 706272117305117 19.12 10.42 6.90
0100000000000001111 28829 706272117305517 100000000000000000 706272117305217 19.12 10.42 6.90
0100000000000001111 28829 706272117305517 100000000000000011 706272117305317 19.12 14.59 12.20
0100000000000001111 28829 706272117305517 100000000000000111 706272117305417 19.12 14.59 9.60
0100000000000001111 28829 706272117305517 100000000000001111 706272117305617 19.12 14.59 6.90
0100000000000001111 28829 706272117305517 100000000000001111 706272117305717 19.12 14.59 6.90
0100000000000001111 28829 706272117305517 100000000000001111 706272117305507 19.12 14.59 6.90
0100000000000001111 28829 706272117305517 110000000000000111 706272117305527 19.12 16.68 9.60
0100000000000001111 28829 706272117305517 110000000000000011 706272117305537 19.12 16.68 9.60
0100000000000001111 28829 706272117305517 110000000000000011 706272117305547 19.12 16.68 9.60
0100000000000001111 28829 706272117305517 110000000000000001 706272117305557 19.12 14.59 9.60
0100000000000001111 28829 706272117305517 111000000000000001 706272117305567 19.12 14.59 9.60
0100000000000001111 28829 706272117305517 111000000000000001 706272117305577 19.12 14.59 9.60
0100000000000001111 28829 706272117305517 111110000000000000 706272117305510 19.12 12.51 6.90
0100000000000001111 28829 706272117305517 111000000000000001 706272117305511 19.12 14.59 9.60
0100000000000001111 28829 706272117305517 110000000000000011 706272117305512 19.12 16.68 9.60
0100000000000001111 28829 706272117305517 110000000000000011 706272117305513 19.12 16.68 9.60
0100000000000001111 28829 706272117305517 110000000000000111 706272117305514 19.12 16.68 9.60
0100000000000001111 28829 706272117305517 110000000000000111 706272117305515 19.12 16.68 9.60
0100000000000001111 28829 706272117305517 100000000000000111 706272117305516 19.12 14.59 9.60
0100000000000001111 48631 011471067745036 100000000000001111 111471067745036 19.12 14.59 6.90
0100000000000001111 48631 011471067745036 100000000000001111 211471067745036 19.12 14.59 6.90
0100000000000001111 48631 011471067745036 110000000000000111 311471067745036 19.12 16.68 9.60
0100000000000001111 48631 011471067745036 111111111000000011 411471067745036 19.12 16.68 12.20
0100000000000001111 48631 011471067745036 111111111110000000 511471067745036 19.12 12.51 9.60
0100000000000001111 48631 011471067745036 111111111111000000 611471067745036 19.12 12.51 9.60
0100000000000001111 48631 011471067745036 111111111111100000 711471067745036 19.12 12.51 9.60
0100000000000001111 48631 011471067745036 100000000000001111 001471067745036 19.12 14.59 6.90
0100000000000001111 48631 011471067745036 110000000000001111 021471067745036 19.12 16.68 9.60
0100000000000001111 48631 011471067745036 110000000000000111 031471067745036 19.12 16.68 9.60
0100000000000001111 48631 011471067745036 110000000000000111 041471067745036 19.12 16.68 9.60
0100000000000001111 48631 011471067745036 110000000000000111 051471067745036 19.12 16.68 9.60
0100000000000001111 48631 011471067745036 110000000000000111 061471067745036 19.12 16.68 9.60
0100000000000001111 48631 011471067745036 110000000000000111 071471067745036 19.12 16.68 9.60
0100000000000001111 48631 011471067745036 100000000000001111 010471067745036 19.12 14.59 6.90
0100000000000001111 48631 011471067745036 100000000000001111 012471067745036 19.12 14.59 6.90
0100000000000001111 48631 011471067745036 100000000000001111 013471067745036 19.12 14.59 6.90
0100000000000001111 48631 011471067745036 100000000000001111 014471067745036 19.12 14.59 6.90
0100000000000001111 48631 011471067745036 100000000000001111 015471067745036 19.12 14.59 6.90
0100000000000001111 48631 011471067745036 100000000000001111 016471067745036 19.12 14.59 6.90
0100000000000001111 48631 011471067745036 100000000000001111 017471067745036 19.12 14.59 6.90
0100000000000001111 48631 011471067745036 111000000000000111 011071067745036 19.12 16.68 9.60
0100000000000001111 48631 011471067745036 110000000000000111 011171067745036 19.12 16.68 9.60
0100000000000001111 48631 011471067745036 110000000000001111 011271067745036 19.12 16.68 9.60
0100000000000001111 48631 011471067745036 110000000000001111 011371067745036 19.12 16.68 9.60
0100000000000001111 48631 011471067745036 100000000000001111 011571067745036 19.12 14.59 6.90
0100000000000001111 48631 011471067745036 100000000000001111 011671067745036 19.12 14.59 6.90
0100000000000001111 48631 011471067745036 100000000000001111 011771067745036 19.12 14.59 6.90
0100000000000001111 48631 011471067745036 110000000000001111 011401067745036 19.12 16.68 9.60
0100000000000001111 48631 011471067745036 110000000000001111 011411067745036 19.12 16.68 9.60
0100000000000001111 48631 011471067745036 100000000000001111 011421067745036 19.12 14.59 6.90
0100000000000001111 48631 011471067745036 100000000000001111 011431067745036 19.12 14.59 6.90
0100000000000001111 48631 011471067745036 100000000000001111 011441067745036 19.12 14.59 6.90
0100000000000001111 48631 011471067745036 100000000000001111 011451067745036 19.12 14.59 6.90
0100000000000001111 48631 011471067745036 100000000000001111 011461067745036 19.12 14.59 6.90
0100000000000001111 48631 011471067745036 100000000000001111 011470067745036 19.12 14.59 6.90
0100000000000001111 48631 011471067745036 100000000000001111 011472067745036 19.12 14.59 6.90
0100000000000001111 48631 011471067745036 100000000000001111 011473067745036 19.12 14.59 6.90
0100000000000001111 48631 011471067745036 110000000000001111 011474067745036 19.12 16.68 9.60
0100000000000001111 48631 011471067745036 110000000000001111 011475067745036 19.12 16.68 9.60
0100000000000001111 48631 011471067745036 111110000000001111 011476067745036 19.12 16.68 12.20
0100000000000001111 48631 011471067745036 111111111111111111 011477067745036 19.12 4.17 4.30
0100000000000001111 48631 011471067745036 110000000000000011 011471167745036 19.12 16.68 9.60
0100000000000001111 48631 011471067745036 110000000000000001 011471267745036 19.12 14.59 9.60
0100000000000001111 48631 011471067745036 111000000000000000 011471367745036 19.12 12.51 6.90
0100000000000001111 48631 011471067745036 111000000000000000 011471467745036 19.12 12.51 6.90
0100000000000001111 48631 011471067745036 111000000000000000 011471567745036 19.12 12.51 6.90
0100000000000001111 48631 011471067745036 111100000000000000 011471667745036 19.12 12.51 6.90
0100000000000001111 48631 011471067745036 111100000000000000 011471767745036 19.12 12.51 6.90
0100000000000001111 48631 011471067745036 100000000000001111 011471007745036 19.12 14.59 6.90
0100000000000001111 48631 011471067745036 100000000000001111 011471017745036 19.12 14.59 6.90
0100000000000001111 48631 011471067745036 100000000000001111 011471027745036 19.12 14.59 6.90
0100000000000001111 48631 011471067745036 100000000000001111 011471037745036 19.12 14.59 6.90
0100000000000001111 48631 011471067745036 100000000000001111 011471047745036 19.12 14.59 6.90
0100000000000001111 48631 011471067745036 100000000000001111 011471057745036 19.12 14.59 6.90
0100000000000001111 48631 011471067745036 100000000000001111 011471077745036 19.12 14.59 6.90
0100000000000001111 48631 011471067745036 111110000000000000 011471060745036 19.12 12.51 6.90
0100000000000001111 48631 011471067745036 111000000000000011 011471061745036 19.12 16.68 9.60
0100000000000001111 48631 011471067745036 110000000000000111 011471062745036 19.12 16.68 9.60
0100000000000001111 48631 011471067745036 110000000000000111 011471063745036 19.12 16.68 9.60
0100000000000001111 48631 011471067745036 110000000000000111 011471064745036 19.12 16.68 9.60
0100000000000001111 48631 011471067745036 110000000000001111 011471065745036 19.12 16.68 9.60
0100000000000001111 48631 011471067745036 110000000000001111 011471066745036 19.12 16.68 9.60
0100000000000001111 48631 011471067745036 111110000000000000 011471067045036 19.12 12.51 6.90
0100000000000001111 48631 011471067745036 111000000000000011 011471067145036 19.12 16.68 9.60
0100000000000001111 48631 011471067745036 110000000000000011 011471067245036 19.12 16.68 9.60
0100000000000001111 48631 011471067745036 110000000000000111 011471067345036 19.12 16.68 9.60
0100000000000001111 48631 011471067745036 110000000000000111 011471067445036 19.12 16.68 9.60
0100000000000001111 48631 011471067745036 110000000000001111 011471067545036 19.12 16.68 9.60
0100000000000001111 48631 011471067745036 100000000000001111 011471067645036 19.12 14.59 6.90
0100000000000001111 48631 011471067745036 100000000000000000 011471067705036 19.12 10.42 6.90
0100000000000001111 48631 011471067745036 100000000000000000 011471067715036 19.12 10.42 6.90
0100000000000001111 48631 011471067745036 100000000000000011 011471067725036 19.12 14.59 12.20
0100000000000001111 48631 011471067745036 100000000000000111 011471067735036 19.12 14.59 9.60
0100000000000001111 48631 011471067745036 100000000000011111 011471067755036 19.12 14.59 9.60
0100000000000001111 48631 011471067745036 100000000000011111 011471067765036 19.12 14.59 9.60
0100000000000001111 48631 011471067745036 100000000000011111 011471067775036 19.12 14.59 9.60
0100000000000001111 48631 011471067745036 111111111111111111 011471067740036 19.12 4.17 4.30
0100000000000001111 48631 011471067745036 110000000000000000 011471067741036 19.12 12.51 6.90
0100000000000001111 48631 011471067745036 110000000000000000 011471067742036 19.12 12.51 6.90
0100000000000001111 48631 011471067745036 110000000000000000 011471067743036 19.12 12.51 6.90
0100000000000001111 48631 011471067745036 100000000000000011 011471067744036 19.12 14.59 12.20
0100000000000001111 48631 011471067745036 100000000000011111 011471067746036 19.12 14.59 9.60
0100000000000001111 48631 011471067745036 100000000000111111 011471067747036 19.12 14.59 9.60
0100000000000001111 48631 011471067745036 100000000000011111 011471067745136 19.12 14.59 9.60
0100000000000001111 48631 011471067745036 100000000000111111 011471067745236 19.12 14.59 9.60
0100000000000001111 48631 011471067745036 100000000001111111 011471067745336 19.12 14.59 12.20
0100000000000001111 48631 011471067745036 100000000001111111 011471067745436 19.12 14.59 12.20
0100000000000001111 48631 011471067745036 100000000011111111 011471067745536 19.12 14.59 12.20
0100000000000001111 48631 011471067745036 100000000011111111 011471067745636 19.12 14.59 12.20
0100000000000001111 48631 011471067745036 100000000011111111 011471067745736 19.12 14.59 12.20
0100000000000001111 48631 011471067745036 110000000000000001 011471067745006 19.12 14.59 9.60
0100000000000001111 48631 011471067745036 100000000000001111 011471067745016 19.12 14.59 6.90
0100000000000001111 48631 011471067745036 100000000000001111 011471067745026 19.12 14.59 6.90
0100000000000001111 48631 011471067745036 100000000000001111 011471067745046 19.12 14.59 6.90
0100000000000001111 48631 011471067745036 110000000000001111 011471067745056 19.12 16.68 9.60
0100000000000001111 48631 011471067745036 110000000000000111 011471067745066 19.12 16.68 9.60
0100000000000001111 48631 011471067745036 110000000000000111 011471067745076 19.12 16.68 9.60
0100000000000001111 48631 011471067745036 111100000000000001 011471067745030 19.12 14.59 9.60
0100000000000001111 48631 011471067745036 111000000000000011 011471067745031 19.12 16.68 9.60
0100000000000001111 48631 011471067745036 110000000000000111 011471067745032 19.12 16.68 9.60
0100000000000001111 48631 011471067745036 110000000000000111 011471067745033 19.12 16.68 9.60
0100000000000001111 48631 011471067745036 110000000000001111 011471067745034 19.12 16.68 9.60
0100000000000001111 48631 011471067745036 110000000000001111 011471067745035 19.12 16.68 9.60
0100000000000001111 48631 011471067745036 100000000000001111 011471067745037 19.12 14.59 6.90
0100000000000001111 66238 620670207746044 111000000000000001 020670207746044 19.12 14.59 9.60
0100000000000001111 66238 620670207746044 110000000000000011 120670207746044 19.12 16.68 9.60
0100000000000001111 66238 620670207746044 110000000000001111 220670207746044 19.12 16.68 9.60
0100000000000001111 66238 620670207746044 110000000000001111 320670207746044 19.12 16.68 9.60
0100000000000001111 66238 620670207746044 100000000000011111 420670207746044 19.12 14.59 9.60
0100000000000001111 66238 620670207746044 100000000000011111 520670207746044 19.12 14.59 9.60
0100000000000001111 66238 620670207746044 100000000000001111 720670207746044 19.12 14.59 6.90
0100000000000001111 66238 620670207746044 100000000000001111 600670207746044 19.12 14.59 6.90
0100000000000001111 66238 620670207746044 100000000000001111 610670207746044 19.12 14.59 6.90
0100000000000001111 66238 620670207746044 110000000000001111 630670207746044 19.12 16.68 9.60
0100000000000001111 66238 620670207746044 110000000000001111 640670207746044 19.12 16.68 9.60
0100000000000001111 66238 620670207746044 110000000000001111 650670207746044 19.12 16.68 9.60
0100000000000001111 66238 620670207746044 110000000000001111 660670207746044 19.12 16.68 9.60
0100000000000001111 66238 620670207746044 110000000000001111 670670207746044 19.12 16.68 9.60
0100000000000001111 66238 620670207746044 110000000000001111 621670207746044 19.12 16.68 9.60
0100000000000001111 66238 620670207746044 110000000000000011 622670207746044 19.12 16.68 9.60
0100000000000001111 66238 620670207746044 111000000000000011 623670207746044 19.12 16.68 9.60
0100000000000001111 66238 620670207746044 111000000000000001 624670207746044 19.12 14.59 9.60
0100000000000001111 66238 620670207746044 111000000000000001 625670207746044 19.12 14.59 9.60
0100000000000001111 66238 620670207746044 111000000000000001 626670207746044 19.12 14.59 9.60
0100000000000001111 66238 620670207746044 111000000000000001 627670207746044 19.12 14.59 9.60
0100000000000001111 66238 620670207746044 111000000000000011 620070207746044 19.12 16.68 9.60
0100000000000001111 66238 620670207746044 110000000000000111 620170207746044 19.12 16.68 9.60
0100000000000001111 66238 620670207746044 110000000000001111 620270207746044 19.12 16.68 9.60
0100000000000001111 66238 620670207746044 110000000000001111 620370207746044 19.12 16.68 9.60
0100000000000001111 66238 620670207746044 110000000000001111 620470207746044 19.12 16.68 9.60
0100000000000001111 66238 620670207746044 100000000000001111 620570207746044 19.12 14.59 6.90
0100000000000001111 66238 620670207746044 100000000000001111 620770207746044 19.12 14.59 6.90
0100000000000001111 66238 620670207746044 110000000000000011 620600207746044 19.12 16.68 9.60
0100000000000001111 66238 620670207746044 110000000000000111 620610207746044 19.12 16.68 9.60
0100000000000001111 66238 620670207746044 110000000000000111 620620207746044 19.12 16.68 9.60
0100000000000001111 66238 620670207746044 100000000000001111 620630207746044 19.12 14.59 6.90
0100000000000001111 66238 620670207746044 100000000000001111 620640207746044 19.12 14.59 6.90
0100000000000001111 66238 620670207746044 100000000000001111 620650207746044 19.12 14.59 6.90
0100000000000001111 66238 620670207746044 100000000000001111 620660207746044 19.12 14.59 6.90
0100000000000001111 66238 620670207746044 100000000000001111 620671207746044 19.12 14.59 6.90
0100000000000001111 66238 620670207746044 110000000000001111 620672207746044 19.12 16.68 9.60
0100000000000001111 66238 620670207746044 110000000000001111 620673207746044 19.12 16.68 9.60
0100000000000001111 66238 620670207746044 110000000000000111 620674207746044 19.12 16.68 9.60
0100000000000001111 66238 620670207746044 110000000000000111 620675207746044 19.12 16.68 9.60
0100000000000001111 66238 620670207746044 110000000000000111 620676207746044 19.12 16.68 9.60
0100000000000001111 66238 620670207746044 110000000000000111 620677207746044 19.12 16.68 9.60
0100000000000001111 66238 620670207746044 111111111000000000 620670007746044 19.12 12.51 9.60
0100000000000001111 66238 620670207746044 110000000000000011 620670107746044 19.12 16.68 9.60
0100000000000001111 66238 620670207746044 100000000000011111 620670307746044 19.12 14.59 9.60
0100000000000001111 66238 620670207746044 110000000000001111 620670407746044 19.12 16.68 9.60
0100000000000001111 66238 620670207746044 110000000000001111 620670507746044 19.12 16.68 9.60
0100000000000001111 66238 620670207746044 110000000000000011 620670607746044 19.12 16.68 9.60
0100000000000001111 66238 620670207746044 111000000000000000 620670707746044 19.12 12.51 6.90
0100000000000001111 66238 620670207746044 100000000000001111 620670217746044 19.12 14.59 6.90
0100000000000001111 66238 620670207746044 100000000000001111 620670227746044 19.12 14.59 6.90
0100000000000001111 66238 620670207746044 100000000000001111 620670237746044 19.12 14.59 6.90
0100000000000001111 66238 620670207746044 100000000000001111 620670247746044 19.12 14.59 6.90
0100000000000001111 66238 620670207746044 100000000000001111 620670257746044 19.12 14.59 6.90
0100000000000001111 66238 620670207746044 100000000000001111 620670267746044 19.12 14.59 6.90
0100000000000001111 66238 620670207746044 100000000000001111 620670277746044 19.12 14.59 6.90
0100000000000001111 66238 620670207746044 111110000000000000 620670200746044 19.12 12.51 6.90
0100000000000001111 66238 620670207746044 111000000000000011 620670201746044 19.12 16.68 9.60
0100000000000001111 66238 620670207746044 110000000000000111 620670202746044 19.12 16.68 9.60
0100000000000001111 66238 620670207746044 110000000000001111 620670203746044 19.12 16.68 9.60
0100000000000001111 66238 620670207746044 110000000000001111 620670204746044 19.12 16.68 9.60
0100000000000001111 66238 620670207746044 110000000000001111 620670205746044 19.12 16.68 9.60
0100000000000001111 66238 620670207746044 100000000000001111 620670206746044 19.12 14.59 6.90
0100000000000001111 66238 620670207746044 111111111110000000 620670207046044 19.12 12.51 9.60
0100000000000001111 66238 620670207746044 111111000000000000 620670207146044 19.12 12.51 6.90
0100000000000001111 66238 620670207746044 111000000000000000 620670207246044 19.12 12.51 6.90
0100000000000001111 66238 620670207746044 110000000000000111 620670207346044 19.12 16.68 9.60
0100000000000001111 66238 620670207746044 110000000000001111 620670207446044 19.12 16.68 9.60
0100000000000001111 66238 620670207746044 100000000000011111 620670207546044 19.12 14.59 9.60
0100000000000001111 66238 620670207746044 100000000000001111 620670207646044 19.12 14.59 6.90
0100000000000001111 66238 620670207746044 100000000000000000 620670207706044 19.12 10.42 6.90
0100000000000001111 66238 620670207746044 100000000000000000 620670207716044 19.12 10.42 6.90
0100000000000001111 66238 620670207746044 100000000000000001 620670207726044 19.12 12.51 9.60
0100000000000001111 66238 620670207746044 100000000000000111 620670207736044 19.12 14.59 9.60
0100000000000001111 66238 620670207746044 100000000000011111 620670207756044 19.12 14.59 9.60
0100000000000001111 66238 620670207746044 100000000000011111 620670207766044 19.12 14.59 9.60
0100000000000001111 66238 620670207746044 100000000000111111 620670207776044 19.12 14.59 9.60
0100000000000001111 66238 620670207746044 111111111111111111 620670207740044 19.12 4.17 4.30
0100000000000001111 66238 620670207746044 110000000000000000 620670207741044 19.12 12.51 6.90
0100000000000001111 66238 620670207746044 110000000000000000 620670207742044 19.12 12.51 6.90
0100000000000001111 66238 620670207746044 110000000000000000 620670207743044 19.12 12.51 6.90
0100000000000001111 66238 620670207746044 110000000000000011 620670207744044 19.12 16.68 9.60
0100000000000001111 66238 620670207746044 100000000000001111 620670207745044 19.12 14.59 6.90
0100000000000001111 66238 620670207746044 100000000000001111 620670207747044 19.12 14.59 6.90
0100000000000001111 66238 620670207746044 100000000000111111 620670207746144 19.12 14.59 9.60
0100000000000001111 66238 620670207746044 100000000001111111 620670207746244 19.12 14.59 12.20
0100000000000001111 66238 620670207746044 100000000011111111 620670207746344 19.12 14.59 12.20
0100000000000001111 66238 620670207746044 100000000011111111 620670207746444 19.12 14.59 12.20
0100000000000001111 66238 620670207746044 100000000011111111 620670207746544 19.12 14.59 12.20
0100000000000001111 66238 620670207746044 100000000111111111 620670207746644 19.12 14.59 12.20
0100000000000001111 66238 620670207746044 100000000111111111 620670207746744 19.12 14.59 12.20
0100000000000001111 66238 620670207746044 111111111111111111 620670207746004 19.12 4.17 4.30
0100000000000001111 66238 620670207746044 111000000000000000 620670207746014 19.12 12.51 6.90
0100000000000001111 66238 620670207746044 110000000000000000 620670207746024 19.12 12.51 6.90
0100000000000001111 66238 620670207746044 100000000000000111 620670207746034 19.12 14.59 9.60
0100000000000001111 66238 620670207746044 100000000000011111 620670207746054 19.12 14.59 9.60
0100000000000001111 66238 620670207746044 100000000000001111 620670207746064 19.12 14.59 6.90
0100000000000001111 66238 620670207746044 110000000000001111 620670207746074 19.12 16.68 9.60
0100000000000001111 66238 620670207746044 111100000000000011 620670207746040 19.12 16.68 9.60
0100000000000001111 66238 620670207746044 110000000000000111 620670207746041 19.12 16.68 9.60
0100000000000001111 66238 620670207746044 110000000000001111 620670207746042 19.12 16.68 9.60
0100000000000001111 66238 620670207746044 110000000000001111 620670207746043 19.12 16.68 9.60
0100000000000001111 66238 620670207746044 100000000000001111 620670207746045 19.12 14.59 6.90
0100000000000001111 66238 620670207746044 100000000000001111 620670207746046 19.12 14.59 6.90
0100000000000001111 66238 620670207746044 100000000000001111 620670207746047 19.12 14.59 6.90
0100000000000001111 74181 631671246426127 110000000000000111 031671246426127 19.12 16.68 9.60
0100000000000001111 74181 631671246426127 110000000000000111 131671246426127 19.12 16.68 9.60
0100000000000001111 74181 631671246426127 110000000000000111 231671246426127 19.12 16.68 9.60
0100000000000001111 74181 631671246426127 110000000000000111 331671246426127 19.12 16.68 9.60
0100000000000001111 74181 631671246426127 110000000000001111 431671246426127 19.12 16.68 9.60
0100000000000001111 74181 631671246426127 110000000000001111 531671246426127 19.12 16.68 9.60
0100000000000001111 74181 631671246426127 100000000000001111 731671246426127 19.12 14.59 6.90
0100000000000001111 74181 631671246426127 100000000000011111 601671246426127 19.12 14.59 9.60
0100000000000001111 74181 631671246426127 100000000000011111 611671246426127 19.12 14.59 9.60
0100000000000001111 74181 631671246426127 100000000000011111 621671246426127 19.12 14.59 9.60
0100000000000001111 74181 631671246426127 110000000000001111 641671246426127 19.12 16.68 9.60
0100000000000001111 74181 631671246426127 110000000000001111 651671246426127 19.12 16.68 9.60
0100000000000001111 74181 631671246426127 110000000000000111 661671246426127 19.12 16.68 9.60
0100000000000001111 74181 631671246426127 110000000000000111 671671246426127 19.12 16.68 9.60
0100000000000001111 74181 631671246426127 100000000000001111 630671246426127 19.12 14.59 6.90
0100000000000001111 74181 631671246426127 110000000000000111 632671246426127 19.12 16.68 9.60
0100000000000001111 74181 631671246426127 110000000000000111 633671246426127 19.12 16.68 9.60
0100000000000001111 74181 631671246426127 110000000000000111 634671246426127 19.12 16.68 9.60
0100000000000001111 74181 631671246426127 110000000000000111 635671246426127 19.12 16.68 9.60
0100000000000001111 74181 631671246426127 110000000000000111 636671246426127 19.12 16.68 9.60
0100000000000001111 74181 631671246426127 110000000000000111 637671246426127 19.12 16.68 9.60
0100000000000001111 74181 631671246426127 111100000000000001 631071246426127 19.12 14.59 9.60
0100000000000001111 74181 631671246426127 111000000000000011 631171246426127 19.12 16.68 9.60
0100000000000001111 74181 631671246426127 110000000000000111 631271246426127 19.12 16.68 9.60
0100000000000001111 74181 631671246426127 110000000000000111 631371246426127 19.12 16.68 9.60
0100000000000001111 74181 631671246426127 110000000000001111 631471246426127 19.12 16.68 9.60
0100000000000001111 74181 631671246426127 110000000000001111 631571246426127 19.12 16.68 9.60
0100000000000001111 74181 631671246426127 100000000000001111 631771246426127 19.12 14.59 6.90
0100000000000001111 74181 631671246426127 110000000000001111 631601246426127 19.12 16.68 9.60
0100000000000001111 74181 631671246426127 110000000000001111 631611246426127 19.12 16.68 9.60
0100000000000001111 74181 631671246426127 110000000000001111 631621246426127 19.12 16.68 9.60
0100000000000001111 74181 631671246426127 110000000000001111 631631246426127 19.12 16.68 9.60
0100000000000001111 74181 631671246426127 110000000000001111 631641246426127 19.12 16.68 9.60
0100000000000001111 74181 631671246426127 110000000000001111 631651246426127 19.12 16.68 9.60
0100000000000001111 74181 631671246426127 110000000000001111 631661246426127 19.12 16.68 9.60
0100000000000001111 74181 631671246426127 100000000000001111 631670246426127 19.12 14.59 6.90
0100000000000001111 74181 631671246426127 110000000000001111 631672246426127 19.12 16.68 9.60
0100000000000001111 74181 631671246426127 110000000000001111 631673246426127 19.12 16.68 9.60
0100000000000001111 74181 631671246426127 110000000000001111 631674246426127 19.12 16.68 9.60
0100000000000001111 74181 631671246426127 110000000000001111 631675246426127 19.12 16.68 9.60
0100000000000001111 74181 631671246426127 110000000000001111 631676246426127 19.12 16.68 9.60
0100000000000001111 74181 631671246426127 110000000000001111 631677246426127 19.12 16.68 9.60
0100000000000001111 74181 631671246426127 111000000000000000 631671046426127 19.12 12.51 6.90
0100000000000001111 74181 631671246426127 100000000000001111 631671146426127 19.12 14.59 6.90
0100000000000001111 74181 631671246426127 110000000000000111 631671346426127 19.12 16.68 9.60
0100000000000001111 74181 631671246426127 110000000000000011 631671446426127 19.12 16.68 9.60
0100000000000001111 74181 631671246426127 111000000000000001 631671546426127 19.12 14.59 9.60
0100000000000001111 74181 631671246426127 111000000000000000 631671646426127 19.12 12.51 6.90
0100000000000001111 74181 631671246426127 111000000000000000 631671746426127 19.12 12.51 6.90
0100000000000001111 74181 631671246426127 100000000000001111 631671206426127 19.12 14.59 6.90
0100000000000001111 74181 631671246426127 100000000000001111 631671216426127 19.12 14.59 6.90
0100000000000001111 74181 631671246426127 100000000000001111 631671226426127 19.12 14.59 6.90
0100000000000001111 74181 631671246426127 100000000000001111 631671236426127 19.12 14.59 6.90
0100000000000001111 74181 631671246426127 100000000000001111 631671256426127 19.12 14.59 6.90
0100000000000001111 74181 631671246426127 100000000000001111 631671266426127 19.12 14.59 6.90
0100000000000001111 74181 631671246426127 100000000000001111 631671276426127 19.12 14.59 6.90
0100000000000001111 74181 631671246426127 111111000000000000 631671240426127 19.12 12.51 6.90
0100000000000001111 74181 631671246426127 111100000000000001 631671241426127 19.12 14.59 9.60
0100000000000001111 74181 631671246426127 111000000000000011 631671242426127 19.12 16.68 9.60
0100000000000001111 74181 631671246426127 110000000000000111 631671243426127 19.12 16.68 9.60
0100000000000001111 74181 631671246426127 110000000000001111 631671244426127 19.12 16.68 9.60
0100000000000001111 74181 631671246426127 110000000000001111 631671245426127 19.12 16.68 9.60
0100000000000001111 74181 631671246426127 100000000000001111 631671247426127 19.12 14.59 6.90
0100000000000001111 74181 631671246426127 111111000000000000 631671246026127 19.12 12.51 6.90
0100000000000001111 74181 631671246426127 111000000000000001 631671246126127 19.12 14.59 9.60
0100000000000001111 74181 631671246426127 110000000000000011 631671246226127 19.12 16.68 9.60
0100000000000001111 74181 631671246426127 110000000000001111 631671246326127 19.12 16.68 9.60
0100000000000001111 74181 631671246426127 100000000000001111 631671246526127 19.12 14.59 6.90
0100000000000001111 74181 631671246426127 100000000000011111 631671246626127 19.12 14.59 9.60
0100000000000001111 74181 631671246426127 100000000000001111 631671246726127 19.12 14.59 6.90
0100000000000001111 74181 631671246426127 100000000000000000 631671246406127 19.12 10.42 6.90
0100000000000001111 74181 631671246426127 100000000000000011 631671246416127 19.12 14.59 12.20
0100000000000001111 74181 631671246426127 110000000000011111 631671246436127 19.12 16.68 9.60
0100000000000001111 74181 631671246426127 110000000000111111 631671246446127 19.12 16.68 9.60
0100000000000001111 74181 631671246426127 110000000000111111 631671246456127 19.12 16.68 9.60
0100000000000001111 74181 631671246426127 110000000000111111 631671246466127 19.12 16.68 9.60
0100000000000001111 74181 631671246426127 110000000000111111 631671246476127 19.12 16.68 9.60
0100000000000001111 74181 631671246426127 111000000000000000 631671246420127 19.12 12.51 6.90
0100000000000001111 74181 631671246426127 111000000000000000 631671246421127 19.12 12.51 6.90
0100000000000001111 74181 631671246426127 110000000000000000 631671246422127 19.12 12.51 6.90
0100000000000001111 74181 631671246426127 110000000000000000 631671246423127 19.12 12.51 6.90
0100000000000001111 74181 631671246426127 110000000000000001 631671246424127 19.12 14.59 9.60
0100000000000001111 74181 631671246426127 110000000000000111 631671246425127 19.12 16.68 9.60
0100000000000001111 74181 631671246426127 100000000000011111 631671246427127 19.12 14.59 9.60
0100000000000001111 74181 631671246426127 100000000000000011 631671246426027 19.12 14.59 12.20
0100000000000001111 74181 631671246426127 100000000000011111 631671246426227 19.12 14.59 9.60
0100000000000001111 74181 631671246426127 100000000000111111 631671246426327 19.12 14.59 9.60
0100000000000001111 74181 631671246426127 100000000000111111 631671246426427 19.12 14.59 9.60
0100000000000001111 74181 631671246426127 100000000001111111 631671246426527 19.12 14.59 12.20
0100000000000001111 74181 631671246426127 100000000001111111 631671246426627 19.12 14.59 12.20
0100000000000001111 74181 631671246426127 100000000001111111 631671246426727 19.12 14.59 12.20
0100000000000001111 74181 631671246426127 110000000000000000 631671246426107 19.12 12.51 6.90
0100000000000001111 74181 631671246426127 100000000000001111 631671246426117 19.12 14.59 6.90
0100000000000001111 74181 631671246426127 110000000000000111 631671246426137 19.12 16.68 9.60
0100000000000001111 74181 631671246426127 110000000000000011 631671246426147 19.12 16.68 9.60
0100000000000001111 74181 631671246426127 111000000000000001 631671246426157 19.12 14.59 9.60
0100000000000001111 74181 631671246426127 111000000000000001 631671246426167 19.12 14.59 9.60
0100000000000001111 74181 631671246426127 111000000000000001 631671246426177 19.12 14.59 9.60
0100000000000001111 74181 631671246426127 111111000000000000 631671246426120 19.12 12.51 6.90
0100000000000001111 74181 631671246426127 111100000000000001 631671246426121 19.12 14.59 9.60
0100000000000001111 74181 631671246426127 111000000000000011 631671246426122 19.12 16.68 9.60
0100000000000001111 74181 631671246426127 110000000000000111 631671246426123 19.12 16.68 9.60
0100000000000001111 74181 631671246426127 110000000000000111 631671246426124 19.12 16.68 9.60
0100000000000001111 74181 631671246426127 110000000000001111 631671246426125 19.12 16.68 9.60
0100000000000001111 74181 631671246426127 110000000000001111 631671246426126 19.12 16.68 9.60
0100000000000001111 74284 006767334506406 100000000000001111 106767334506406 19.12 14.59 6.90
0100000000000001111 74284 006767334506406 100000000000001111 206767334506406 19.12 14.59 6.90
0100000000000001111 74284 006767334506406 100000000000001111 306767334506406 19.12 14.59 6.90
0100000000000001111 74284 006767334506406 100000000000001111 406767334506406 19.12 14.59 6.90
0100000000000001111 74284 006767334506406 100000000000001111 506767334506406 19.12 14.59 6.90
0100000000000001111 74284 006767334506406 100000000000001111 606767334506406 19.12 14.59 6.90
0100000000000001111 74284 006767334506406 100000000000001111 706767334506406 19.12 14.59 6.90
0100000000000001111 74284 006767334506406 110000000000001111 016767334506406 19.12 16.68 9.60
0100000000000001111 74284 006767334506406 110000000000001111 026767334506406 19.12 16.68 9.60
0100000000000001111 74284 006767334506406 110000000000001111 036767334506406 19.12 16.68 9.60
0100000000000001111 74284 006767334506406 110000000000001111 046767334506406 19.12 16.68 9.60
0100000000000001111 74284 006767334506406 110000000000001111 056767334506406 19.12 16.68 9.60
0100000000000001111 74284 006767334506406 110000000000001111 066767334506406 19.12 16.68 9.60
0100000000000001111 74284 006767334506406 110000000000001111 076767334506406 19.12 16.68 9.60
0100000000000001111 74284 006767334506406 100000000000000111 000767334506406 19.12 14.59 9.60
0100000000000001111 74284 006767334506406 100000000000001111 001767334506406 19.12 14.59 6.90
0100000000000001111 74284 006767334506406 100000000000001111 002767334506406 19.12 14.59 6.90
0100000000000001111 74284 006767334506406 100000000000001111 003767334506406 19.12 14.59 6.90
0100000000000001111 74284 006767334506406 100000000000001111 004767334506406 19.12 14.59 6.90
0100000000000001111 74284 006767334506406 100000000000001111 005767334506406 19.12 14.59 6.90
0100000000000001111 74284 006767334506406 100000000000001111 007767334506406 19.12 14.59 6.90
0100000000000001111 74284 006767334506406 110000000000001111 006067334506406 19.12 16.68 9.60
0100000000000001111 74284 006767334506406 110000000000001111 006167334506406 19.12 16.68 9.60
0100000000000001111 74284 006767334506406 110000000000001111 006267334506406 19.12 16.68 9.60
0100000000000001111 74284 006767334506406 110000000000001111 006367334506406 19.12 16.68 9.60
0100000000000001111 74284 006767334506406 110000000000001111 006467334506406 19.12 16.68 9.60
0100000000000001111 74284 006767334506406 110000000000001111 006567334506406 19.12 16.68 9.60
0100000000000001111 74284 006767334506406 110000000000001111 006667334506406 19.12 16.68 9.60
0100000000000001111 74284 006767334506406 110000000000000111 006707334506406 19.12 16.68 9.60
0100000000000001111 74284 006767334506406 110000000000001111 006717334506406 19.12 16.68 9.60
0100000000000001111 74284 006767334506406 110000000000001111 006727334506406 19.12 16.68 9.60
0100000000000001111 74284 006767334506406 110000000000001111 006737334506406 19.12 16.68 9.60
0100000000000001111 74284 006767334506406 110000000000001111 006747334506406 19.12 16.68 9.60
0100000000000001111 74284 006767334506406 100000000000001111 006757334506406 19.12 14.59 6.90
0100000000000001111 74284 006767334506406 100000000000001111 006777334506406 19.12 14.59 6.90
0100000000000001111 74284 006767334506406 110000000000000111 006760334506406 19.12 16.68 9.60
0100000000000001111 74284 006767334506406 110000000000001111 006761334506406 19.12 16.68 9.60
0100000000000001111 74284 006767334506406 110000000000001111 006762334506406 19.12 16.68 9.60
0100000000000001111 74284 006767334506406 110000000000001111 006763334506406 19.12 16.68 9.60
0100000000000001111 74284 006767334506406 110000000000001111 006764334506406 19.12 16.68 9.60
0100000000000001111 74284 006767334506406 100000000000001111 006765334506406 19.12 14.59 6.90
0100000000000001111 74284 006767334506406 100000000000001111 006766334506406 19.12 14.59 6.90
0100000000000001111 74284 006767334506406 111111110000000001 006767034506406 19.12 14.59 12.20
0100000000000001111 74284 006767334506406 100000000000001111 006767134506406 19.12 14.59 6.90
0100000000000001111 74284 006767334506406 100000000000001111 006767234506406 19.12 14.59 6.90
0100000000000001111 74284 006767334506406 110000000000001111 006767434506406 19.12 16.68 9.60
0100000000000001111 74284 006767334506406 110000000000001111 006767534506406 19.12 16.68 9.60
0100000000000001111 74284 006767334506406 110000000000001111 006767634506406 19.12 16.68 9.60
0100000000000001111 74284 006767334506406 110000000000001111 006767734506406 19.12 16.68 9.60
0100000000000001111 74284 006767334506406 100000000000001111 006767304506406 19.12 14.59 6.90
0100000000000001111 74284 006767334506406 100000000000001111 006767314506406 19.12 14.59 6.90
0100000000000001111 74284 006767334506406 100000000000001111 006767324506406 19.12 14.59 6.90
0100000000000001111 74284 006767334506406 100000000000001111 006767344506406 19.12 14.59 6.90
0100000000000001111 74284 006767334506406 100000000000001111 006767354506406 19.12 14.59 6.90
0100000000000001111 74284 006767334506406 100000000000001111 006767364506406 19.12 14.59 6.90
0100000000000001111 74284 006767334506406 100000000000001111 006767374506406 19.12 14.59 6.90
0100000000000001111 74284 006767334506406 111100000000000111 006767330506406 19.12 16.68 12.20
0100000000000001111 74284 006767334506406 111000000000000111 006767331506406 19.12 16.68 9.60
0100000000000001111 74284 006767334506406 110000000000001111 006767332506406 19.12 16.68 9.60
0100000000000001111 74284 006767334506406 110000000000001111 006767333506406 19.12 16.68 9.60
0100000000000001111 74284 006767334506406 100000000000001111 006767335506406 19.12 14.59 6.90
0100000000000001111 74284 006767334506406 100000000000001111 006767336506406 19.12 14.59 6.90
0100000000000001111 74284 006767334506406 100000000000001111 006767337506406 19.12 14.59 6.90
0100000000000001111 74284 006767334506406 111100000000000001 006767334006406 19.12 14.59 9.60
0100000000000001111 74284 006767334506406 111000000000000111 006767334106406 19.12 16.68 9.60
0100000000000001111 74284 006767334506406 110000000000001111 006767334206406 19.12 16.68 9.60
0100000000000001111 74284 006767334506406 110000000000001111 006767334306406 19.12 16.68 9.60
0100000000000001111 74284 006767334506406 110000000000001111 006767334406406 19.12 16.68 9.60
0100000000000001111 74284 006767334506406 100000000000001111 006767334606406 19.12 14.59 6.90
0100000000000001111 74284 006767334506406 100000000000001111 006767334706406 19.12 14.59 6.90
0100000000000001111 74284 006767334506406 110000000000111111 006767334516406 19.12 16.68 9.60
0100000000000001111 74284 006767334506406 110000000001111111 006767334526406 19.12 16.68 9.60
0100000000000001111 74284 006767334506406 110000000011111111 006767334536406 19.12 16.68 12.20
0100000000000001111 74284 006767334506406 110000000011111111 006767334546406 19.12 16.68 12.20
0100000000000001111 74284 006767334506406 110000000011111111 006767334556406 19.12 16.68 12.20
0100000000000001111 74284 006767334506406 110000000111111111 006767334566406 19.12 16.68 12.20
0100000000000001111 74284 006767334506406 110000000111111111 006767334576406 19.12 16.68 12.20
0100000000000001111 74284 006767334506406 111000000000000000 006767334500406 19.12 12.51 6.90
0100000000000001111 74284 006767334506406 110000000000000000 006767334501406 19.12 12.51 6.90
0100000000000001111 74284 006767334506406 110000000000000000 006767334502406 19.12 12.51 6.90
0100000000000001111 74284 006767334506406 110000000000000000 006767334503406 19.12 12.51 6.90
0100000000000001111 74284 006767334506406 110000000000000011 006767334504406 19.12 16.68 9.60
0100000000000001111 74284 006767334506406 110000000000000111 006767334505406 19.12 16.68 9.60
0100000000000001111 74284 006767334506406 100000000000011111 006767334507406 19.12 14.59 9.60
0100000000000001111 74284 006767334506406 100000000000000000 006767334506006 19.12 10.42 6.90
0100000000000001111 74284 006767334506406 100000000000000000 006767334506106 19.12 10.42 6.90
0100000000000001111 74284 006767334506406 100000000000000001 006767334506206 19.12 12.51 9.60
0100000000000001111 74284 006767334506406 100000000000000111 006767334506306 19.12 14.59 9.60
0100000000000001111 74284 006767334506406 100000000000011111 006767334506506 19.12 14.59 9.60
0100000000000001111 74284 006767334506406 100000000000111111 006767334506606 19.12 14.59 9.60
0100000000000001111 74284 006767334506406 100000000000111111 006767334506706 19.12 14.59 9.60
0100000000000001111 74284 006767334506406 110000000000001111 006767334506416 19.12 16.68 9.60
0100000000000001111 74284 006767334506406 111000000000000111 006767334506426 19.12 16.68 9.60
0100000000000001111 74284 006767334506406 111000000000000111 006767334506436 19.12 16.68 9.60
0100000000000001111 74284 006767334506406 111100000000000111 006767334506446 19.12 16.68 12.20
0100000000000001111 74284 006767334506406 111100000000000111 006767334506456 19.12 16.68 12.20
0100000000000001111 74284 006767334506406 111100000000000011 006767334506466 19.12 16.68 9.60
0100000000000001111 74284 006767334506406 111110000000000011 006767334506476 19.12 16.68 12.20
0100000000000001111 74284 006767334506406 111110000000000011 006767334506400 19.12 16.68 12.20
0100000000000001111 74284 006767334506406 111000000000000111 006767334506401 19.12 16.68 9.60
0100000000000001111 74284 006767334506406 111000000000000111 006767334506402 19.12 16.68 9.60
0100000000000001111 74284 006767334506406 110000000000001111 006767334506403 19.12 16.68 9.60
0100000000000001111 74284 006767334506406 110000000000001111 006767334506404 19.12 16.68 9.60
0100000000000001111 74284 006767334506406 110000000000001111 006767334506405 19.12 16.68 9.60
0100000000000001111 74284 006767334506406 100000000000001111 006767334506407 19.12 14.59 6.90
0100000000000001111 79833 704610516533207 110000000000000000 004610516533207 19.12 12.51 6.90
0100000000000001111 79833 704610516533207 110000000000000000 104610516533207 19.12 12.51 6.90
0100000000000001111 79833 704610516533207 110000000000000000 204610516533207 19.12 12.51 6.90
0100000000000001111 79833 704610516533207 110000000000000001 304610516533207 19.12 14.59 9.60
0100000000000001111 79833 704610516533207 100000000000000011 404610516533207 19.12 14.59 12.20
0100000000000001111 79833 704610516533207 100000000000000111 504610516533207 19.12 14.59 9.60
0100000000000001111 79833 704610516533207 100000000000000111 604610516533207 19.12 14.59 9.60
0100000000000001111 79833 704610516533207 110000000000000111 714610516533207 19.12 16.68 9.60
0100000000000001111 79833 704610516533207 110000000000000011 724610516533207 19.12 16.68 9.60
0100000000000001111 79833 704610516533207 110000000000000001 734610516533207 19.12 14.59 9.60
0100000000000001111 79833 704610516533207 110000000000000000 744610516533207 19.12 12.51 6.90
0100000000000001111 79833 704610516533207 111000000000000000 754610516533207 19.12 12.51 6.90
0100000000000001111 79833 704610516533207 111000000000000000 764610516533207 19.12 12.51 6.90
0100000000000001111 79833 704610516533207 111000000000000000 774610516533207 19.12 12.51 6.90
0100000000000001111 79833 704610516533207 111111111111111111 700610516533207 19.12 4.17 4.30
0100000000000001111 79833 704610516533207 111000000000011111 701610516533207 19.12 16.68 12.20
0100000000000001111 79833 704610516533207 100000000000011111 702610516533207 19.12 14.59 9.60
0100000000000001111 79833 704610516533207 100000000000001111 703610516533207 19.12 14.59 6.90
0100000000000001111 79833 704610516533207 100000000000000111 705610516533207 19.12 14.59 9.60
0100000000000001111 79833 704610516533207 100000000000000111 706610516533207 19.12 14.59 9.60
0100000000000001111 79833 704610516533207 100000000000000011 707610516533207 19.12 14.59 12.20
0100000000000001111 79833 704610516533207 111000000000000000 704010516533207 19.12 12.51 6.90
0100000000000001111 79833 704610516533207 110000000000000001 704110516533207 19.12 14.59 9.60
0100000000000001111 79833 704610516533207 110000000000000011 704210516533207 19.12 16.68 9.60
0100000000000001111 79833 704610516533207 110000000000000111 704310516533207 19.12 16.68 9.60
0100000000000001111 79833 704610516533207 100000000000000111 704410516533207 19.12 14.59 9.60
0100000000000001111 79833 704610516533207 100000000000001111 704510516533207 19.12 14.59 6.90
0100000000000001111 79833 704610516533207 100000000000001111 704710516533207 19.12 14.59 6.90
0100000000000001111 79833 704610516533207 100000000000000111 704600516533207 19.12 14.59 9.60
0100000000000001111 79833 704610516533207 100000000000001111 704620516533207 19.12 14.59 6.90
0100000000000001111 79833 704610516533207 100000000000001111 704630516533207 19.12 14.59 6.90
0100000000000001111 79833 704610516533207 100000000000001111 704640516533207 19.12 14.59 6.90
0100000000000001111 79833 704610516533207 100000000000001111 704650516533207 19.12 14.59 6.90
0100000000000001111 79833 704610516533207 100000000000001111 704660516533207 19.12 14.59 6.90
0100000000000001111 79833 704610516533207 100000000000001111 704670516533207 19.12 14.59 6.90
0100000000000001111 79833 704610516533207 100000000000001111 704611516533207 19.12 14.59 6.90
0100000000000001111 79833 704610516533207 100000000000001111 704612516533207 19.12 14.59 6.90
0100000000000001111 79833 704610516533207 100000000000001111 704613516533207 19.12 14.59 6.90
0100000000000001111 79833 704610516533207 100000000000001111 704614516533207 19.12 14.59 6.90
0100000000000001111 79833 704610516533207 100000000000001111 704615516533207 19.12 14.59 6.90
0100000000000001111 79833 704610516533207 100000000000001111 704616516533207 19.12 14.59 6.90
0100000000000001111 79833 704610516533207 100000000000001111 704617516533207 19.12 14.59 6.90
0100000000000001111 79833 704610516533207 111111111111111111 704610016533207 19.12 4.17 4.30
0100000000000001111 79833 704610516533207 111111111111111111 704610116533207 19.12 4.17 4.30
0100000000000001111 79833 704610516533207 110000000000011111 704610216533207 19.12 16.68 9.60
0100000000000001111 79833 704610516533207 100000000000011111 704610316533207 19.12 14.59 9.60
0100000000000001111 79833 704610516533207 100000000000001111 704610416533207 19.12 14.59 6.90
0100000000000001111 79833 704610516533207 100000000000000111 704610616533207 19.12 14.59 9.60
0100000000000001111 79833 704610516533207 100000000000000111 704610716533207 19.12 14.59 9.60
0100000000000001111 79833 704610516533207 100000000000001111 704610506533207 19.12 14.59 6.90
0100000000000001111 79833 704610516533207 100000000000001111 704610526533207 19.12 14.59 6.90
0100000000000001111 79833 704610516533207 100000000000001111 704610536533207 19.12 14.59 6.90
0100000000000001111 79833 704610516533207 100000000000001111 704610546533207 19.12 14.59 6.90
0100000000000001111 79833 704610516533207 100000000000001111 704610556533207 19.12 14.59 6.90
0100000000000001111 79833 704610516533207 100000000000001111 704610566533207 19.12 14.59 6.90
0100000000000001111 79833 704610516533207 100000000000001111 704610576533207 19.12 14.59 6.90
0100000000000001111 79833 704610516533207 111111000000000000 704610510533207 19.12 12.51 6.90
0100000000000001111 79833 704610516533207 111000000000000000 704610511533207 19.12 12.51 6.90
0100000000000001111 79833 704610516533207 110000000000000001 704610512533207 19.12 14.59 9.60
0100000000000001111 79833 704610516533207 110000000000000111 704610513533207 19.12 16.68 9.60
0100000000000001111 79833 704610516533207 100000000000000111 704610514533207 19.12 14.59 9.60
0100000000000001111 79833 704610516533207 100000000000001111 704610515533207 19.12 14.59 6.90
0100000000000001111 79833 704610516533207 100000000000001111 704610517533207 19.12 14.59 6.90
0100000000000001111 79833 704610516533207 111111100000000000 704610516033207 19.12 12.51 9.60
0100000000000001111 79833 704610516533207 111100000000000000 704610516133207 19.12 12.51 6.90
0100000000000001111 79833 704610516533207 110000000000000001 704610516233207 19.12 14.59 9.60
0100000000000001111 79833 704610516533207 100000000000000111 704610516333207 19.12 14.59 9.60
0100000000000001111 79833 704610516533207 100000000000000111 704610516433207 19.12 14.59 9.60
0100000000000001111 79833 704610516533207 100000000000001111 704610516633207 19.12 14.59 6.90
0100000000000001111 79833 704610516533207 100000000000001111 704610516733207 19.12 14.59 6.90
0100000000000001111 79833 704610516533207 100000000000000000 704610516503207 19.12 10.42 6.90
0100000000000001111 79833 704610516533207 100000000000000001 704610516513207 19.12 12.51 9.60
0100000000000001111 79833 704610516533207 100000000000000111 704610516523207 19.12 14.59 9.60
0100000000000001111 79833 704610516533207 100000000000001111 704610516543207 19.12 14.59 6.90
0100000000000001111 79833 704610516533207 100000000000011111 704610516553207 19.12 14.59 9.60
0100000000000001111 79833 704610516533207 100000000000011111 704610516563207 19.12 14.59 9.60
0100000000000001111 79833 704610516533207 100000000000011111 704610516573207 19.12 14.59 9.60
0100000000000001111 79833 704610516533207 111111111111111111 704610516530207 19.12 4.17 4.30
0100000000000001111 79833 704610516533207 110000000000000000 704610516531207 19.12 12.51 6.90
0100000000000001111 79833 704610516533207 100000000000000011 704610516532207 19.12 14.59 12.20
0100000000000001111 79833 704610516533207 100000000000011111 704610516534207 19.12 14.59 9.60
0100000000000001111 79833 704610516533207 100000000000111111 704610516535207 19.12 14.59 9.60
0100000000000001111 79833 704610516533207 100000000001111111 704610516536207 19.12 14.59 12.20
0100000000000001111 79833 704610516533207 100000000011111111 704610516537207 19.12 14.59 12.20
0100000000000001111 79833 704610516533207 100000000000000000 704610516533007 19.12 10.42 6.90
0100000000000001111 79833 704610516533207 100000000000000111 704610516533107 19.12 14.59 9.60
0100000000000001111 79833 704610516533207 100000000000011111 704610516533307 19.12 14.59 9.60
0100000000000001111 79833 704610516533207 100000000000011111 704610516533407 19.12 14.59 9.60
0100000000000001111 79833 704610516533207 100000000000111111 704610516533507 19.12 14.59 9.60
0100000000000001111 79833 704610516533207 100000000000111111 704610516533607 19.12 14.59 9.60
0100000000000001111 79833 704610516533207 100000000001111111 704610516533707 19.12 14.59 12.20
0100000000000001111 79833 704610516533207 110000000000000000 704610516533217 19.12 12.51 6.90
0100000000000001111 79833 704610516533207 111100000000000000 704610516533227 19.12 12.51 6.90
0100000000000001111 79833 704610516533207 111110000000000000 704610516533237 19.12 12.51 6.90
0100000000000001111 79833 704610516533207 111111000000000000 704610516533247 19.12 12.51 6.90
0100000000000001111 79833 704610516533207 111111000000000000 704610516533257 19.12 12.51 6.90
0100000000000001111 79833 704610516533207 111111100000000000 704610516533267 19.12 12.51 9.60
0100000000000001111 79833 704610516533207 111111110000000000 704610516533277 19.12 12.51 9.60
0100000000000001111 79833 704610516533207 111111100000000000 704610516533200 19.12 12.51 9.60
0100000000000001111 79833 704610516533207 111100000000000000 704610516533201 19.12 12.51 6.90
0100000000000001111 79833 704610516533207 110000000000000001 704610516533202 19.12 14.59 9.60
0100000000000001111 79833 704610516533207 110000000000000011 704610516533203 19.12 16.68 9.60
0100000000000001111 79833 704610516533207 110000000000000111 704610516533204 19.12 16.68 9.60
0100000000000001111 79833 704610516533207 100000000000000111 704610516533205 19.12 14.59 9.60
0100000000000001111 79833 704610516533207 100000000000001111 704610516533206 19.12 14.59 6.90
0100000000000001111 87150 204623003507617 100000000000011111 004623003507617 19.12 14.59 9.60
0100000000000001111 87150 204623003507617 100000000000011111 104623003507617 19.12 14.59 9.60
0100000000000001111 87150 204623003507617 100000000000000111 304623003507617 19.12 14.59 9.60
0100000000000001111 87150 204623003507617 110000000000000011 404623003507617 19.12 16.68 9.60
0100000000000001111 87150 204623003507617 110000000000000000 504623003507617 19.12 12.51 6.90
0100000000000001111 87150 204623003507617 111000000000000000 604623003507617 19.12 12.51 6.90
0100000000000001111 87150 204623003507617 111110000000000000 704623003507617 19.12 12.51 6.90
0100000000000001111 87150 204623003507617 100000000000011111 214623003507617 19.12 14.59 9.60
0100000000000001111 87150 204623003507617 110000000000011111 224623003507617 19.12 16.68 9.60
0100000000000001111 87150 204623003507617 110000000000011111 234623003507617 19.12 16.68 9.60
0100000000000001111 87150 204623003507617 110000000000011111 244623003507617 19.12 16.68 9.60
0100000000000001111 87150 204623003507617 110000000000011111 254623003507617 19.12 16.68 9.60
0100000000000001111 87150 204623003507617 110000000000011111 264623003507617 19.12 16.68 9.60
0100000000000001111 87150 204623003507617 110000000000011111 274623003507617 19.12 16.68 9.60
0100000000000001111 87150 204623003507617 111111111100000000 200623003507617 19.12 12.51 9.60
0100000000000001111 87150 204623003507617 111100000000000000 201623003507617 19.12 12.51 6.90
0100000000000001111 87150 204623003507617 110000000000000011 202623003507617 19.12 16.68 9.60
0100000000000001111 87150 204623003507617 100000000000001111 203623003507617 19.12 14.59 6.90
0100000000000001111 87150 204623003507617 100000000000011111 205623003507617 19.12 14.59 9.60
0100000000000001111 87150 204623003507617 100000000000011111 206623003507617 19.12 14.59 9.60
0100000000000001111 87150 204623003507617 100000000000011111 207623003507617 19.12 14.59 9.60
0100000000000001111 87150 204623003507617 110000000000011111 204023003507617 19.12 16.68 9.60
0100000000000001111 87150 204623003507617 110000000000011111 204123003507617 19.12 16.68 9.60
0100000000000001111 87150 204623003507617 110000000000011111 204223003507617 19.12 16.68 9.60
0100000000000001111 87150 204623003507617 100000000000011111 204323003507617 19.12 14.59 9.60
0100000000000001111 87150 204623003507617 100000000000011111 204423003507617 19.12 14.59 9.60
0100000000000001111 87150 204623003507617 100000000000001111 204523003507617 19.12 14.59 6.90
0100000000000001111 87150 204623003507617 100000000000001111 204723003507617 19.12 14.59 6.90
0100000000000001111 87150 204623003507617 110000000000000111 204603003507617 19.12 16.68 9.60
0100000000000001111 87150 204623003507617 100000000000001111 204613003507617 19.12 14.59 6.90
0100000000000001111 87150 204623003507617 100000000000011111 204633003507617 19.12 14.59 9.60
0100000000000001111 87150 204623003507617 100000000000011111 204643003507617 19.12 14.59 9.60
0100000000000001111 87150 204623003507617 100000000000011111 204653003507617 19.12 14.59 9.60
0100000000000001111 87150 204623003507617 100000000000011111 204663003507617 19.12 14.59 9.60
0100000000000001111 87150 204623003507617 100000000000011111 204673003507617 19.12 14.59 9.60
0100000000000001111 87150 204623003507617 100000000000011111 204620003507617 19.12 14.59 9.60
0100000000000001111 87150 204623003507617 100000000000011111 204621003507617 19.12 14.59 9.60
0100000000000001111 87150 204623003507617 100000000000011111 204622003507617 19.12 14.59 9.60
0100000000000001111 87150 204623003507617 100000000000001111 204624003507617 19.12 14.59 6.90
0100000000000001111 87150 204623003507617 110000000000000111 204625003507617 19.12 16.68 9.60
0100000000000001111 87150 204623003507617 111100000000000000 204626003507617 19.12 12.51 6.90
0100000000000001111 87150 204623003507617 111111110000000000 204627003507617 19.12 12.51 9.60
0100000000000001111 87150 204623003507617 100000000000111111 204623103507617 19.12 14.59 9.60
0100000000000001111 87150 204623003507617 110000000000111111 204623203507617 19.12 16.68 9.60
0100000000000001111 87150 204623003507617 110000000000111111 204623303507617 19.12 16.68 9.60
0100000000000001111 87150 204623003507617 110000000000011111 204623403507617 19.12 16.68 9.60
0100000000000001111 87150 204623003507617 111000000000011111 204623503507617 19.12 16.68 12.20
0100000000000001111 87150 204623003507617 111000000000011111 204623603507617 19.12 16.68 12.20
0100000000000001111 87150 204623003507617 111000000000001111 204623703507617 19.12 16.68 12.20
0100000000000001111 87150 204623003507617 100000000000001111 204623013507617 19.12 14.59 6.90
0100000000000001111 87150 204623003507617 100000000000001111 204623023507617 19.12 14.59 6.90
0100000000000001111 87150 204623003507617 100000000000001111 204623033507617 19.12 14.59 6.90
0100000000000001111 87150 204623003507617 100000000000001111 204623043507617 19.12 14.59 6.90
0100000000000001111 87150 204623003507617 100000000000001111 204623053507617 19.12 14.59 6.90
0100000000000001111 87150 204623003507617 100000000000001111 204623063507617 19.12 14.59 6.90
0100000000000001111 87150 204623003507617 100000000000001111 204623073507617 19.12 14.59 6.90
0100000000000001111 87150 204623003507617 110000000000001111 204623000507617 19.12 16.68 9.60
0100000000000001111 87150 204623003507617 110000000000001111 204623001507617 19.12 16.68 9.60
0100000000000001111 87150 204623003507617 100000000000001111 204623002507617 19.12 14.59 6.90
0100000000000001111 87150 204623003507617 100000000000001111 204623004507617 19.12 14.59 6.90
0100000000000001111 87150 204623003507617 100000000000001111 204623005507617 19.12 14.59 6.90
0100000000000001111 87150 204623003507617 100000000000001111 204623006507617 19.12 14.59 6.90
0100000000000001111 87150 204623003507617 110000000000001111 204623007507617 19.12 16.68 9.60
0100000000000001111 87150 204623003507617 111000000000001111 204623003007617 19.12 16.68 12.20
0100000000000001111 87150 204623003507617 110000000000011111 204623003107617 19.12 16.68 9.60
0100000000000001111 87150 204623003507617 110000000000011111 204623003207617 19.12 16.68 9.60
0100000000000001111 87150 204623003507617 100000000000011111 204623003307617 19.12 14.59 9.60
0100000000000001111 87150 204623003507617 100000000000011111 204623003407617 19.12 14.59 9.60
0100000000000001111 87150 204623003507617 100000000000001111 204623003607617 19.12 14.59 6.90
0100000000000001111 87150 204623003507617 100000000000000111 204623003707617 19.12 14.59 9.60
0100000000000001111 87150 204623003507617 100000000001111111 204623003517617 19.12 14.59 12.20
0100000000000001111 87150 204623003507617 100000000011111111 204623003527617 19.12 14.59 12.20
0100000000000001111 87150 204623003507617 100000000111111111 204623003537617 19.12 14.59 12.20
0100000000000001111 87150 204623003507617 100000000111111111 204623003547617 19.12 14.59 12.20
0100000000000001111 87150 204623003507617 100000001111111111 204623003557617 19.12 14.59 12.20
0100000000000001111 87150 204623003507617 100000001111111111 204623003567617 19.12 14.59 12.20
0100000000000001111 87150 204623003507617 100000001111111111 204623003577617 19.12 14.59 12.20
0100000000000001111 87150 204623003507617 111111111111111111 204623003500617 19.12 4.17 4.30
0100000000000001111 87150 204623003507617 111111111111111111 204623003501617 19.12 4.17 4.30
0100000000000001111 87150 204623003507617 111111111111111111 204623003502617 19.12 4.17 4.30
0100000000000001111 87150 204623003507617 111111100000001111 204623003503617 19.12 16.68 12.20
0100000000000001111 87150 204623003507617 110000000000001111 204623003504617 19.12 16.68 9.60
0100000000000001111 87150 204623003507617 110000000000001111 204623003505617 19.12 16.68 9.60
0100000000000001111 87150 204623003507617 100000000000001111 204623003506617 19.12 14.59 6.90
0100000000000001111 87150 204623003507617 100000000000000000 204623003507017 19.12 10.42 6.90
0100000000000001111 87150 204623003507617 100000000000000000 204623003507117 19.12 10.42 6.90
0100000000000001111 87150 204623003507617 100000000000000000 204623003507217 19.12 10.42 6.90
0100000000000001111 87150 204623003507617 100000000000000001 204623003507317 19.12 12.51 9.60
0100000000000001111 87150 204623003507617 100000000000000011 204623003507417 19.12 14.59 12.20
0100000000000001111 87150 204623003507617 100000000000000111 204623003507517 19.12 14.59 9.60
0100000000000001111 87150 204623003507617 100000000000011111 204623003507717 19.12 14.59 9.60
0100000000000001111 87150 204623003507617 110000000000000000 204623003507607 19.12 12.51 6.90
0100000000000001111 87150 204623003507617 100000000000011111 204623003507627 19.12 14.59 9.60
0100000000000001111 87150 204623003507617 100000000000011111 204623003507637 19.12 14.59 9.60
0100000000000001111 87150 204623003507617 110000000000011111 204623003507647 19.12 16.68 9.60
0100000000000001111 87150 204623003507617 110000000000011111 204623003507657 19.12 16.68 9.60
0100000000000001111 87150 204623003507617 110000000000011111 204623003507667 19.12 16.68 9.60
0100000000000001111 87150 204623003507617 110000000000011111 204623003507677 19.12 16.68 9.60
0100000000000001111 87150 204623003507617 111000000000000111 204623003507610 19.12 16.68 9.60
0100000000000001111 87150 204623003507617 110000000000001111 204623003507611 19.12 16.68 9.60
0100000000000001111 87150 204623003507617 110000000000001111 204623003507612 19.12 16.68 9.60
0100000000000001111 87150 204623003507617 110000000000001111 204623003507613 19.12 16.68 9.60
0100000000000001111 87150 204623003507617 110000000000001111 204623003507614 19.12 16.68 9.60
0100000000000001111 87150 204623003507617 100000000000001111 204623003507615 19.12 14.59 6.90
0100000000000001111 87150 204623003507617 100000000000001111 204623003507616 19.12 14.59 6.90
