ParentPhenotype line ParentGenotype MutantPhenotype MutantGenotype KC_col1 KC_col4 Conditional_Complexity
0100000000000000001 24387 204247216507216 110000000000000001 004247216507216 16.99 14.59 11.70
0100000000000000001 24387 204247216507216 110000000000000001 104247216507216 16.99 14.59 11.70
0100000000000000001 24387 204247216507216 100000000000000001 304247216507216 16.99 12.51 6.40
0100000000000000001 24387 204247216507216 100000000000000001 404247216507216 16.99 12.51 6.40
0100000000000000001 24387 204247216507216 100000000000000001 504247216507216 16.99 12.51 6.40
0100000000000000001 24387 204247216507216 100000000000000001 604247216507216 16.99 12.51 6.40
0100000000000000001 24387 204247216507216 100000000000000000 704247216507216 16.99 10.42 6.40
0100000000000000001 24387 204247216507216 110000000000000001 214247216507216 16.99 14.59 11.70
0100000000000000001 24387 204247216507216 110000000000000001 224247216507216 16.99 14.59 11.70
0100000000000000001 24387 204247216507216 110000000000000001 234247216507216 16.99 14.59 11.70
0100000000000000001 24387 204247216507216 110000000000000001 244247216507216 16.99 14.59 11.70
0100000000000000001 24387 204247216507216 110000000000000001 254247216507216 16.99 14.59 11.70
0100000000000000001 24387 204247216507216 111000000000000001 264247216507216 16.99 14.59 14.30
0100000000000000001 24387 204247216507216 111000000000000001 274247216507216 16.99 14.59 14.30
0100000000000000001 24387 204247216507216 100000000000000000 200247216507216 16.99 10.42 6.40
0100000000000000001 24387 204247216507216 100000000000000000 201247216507216 16.99 10.42 6.40
0100000000000000001 24387 204247216507216 100000000000000001 202247216507216 16.99 12.51 6.40
0100000000000000001 24387 204247216507216 100000000000000001 203247216507216 16.99 12.51 6.40
0100000000000000001 24387 204247216507216 100000000000000001 205247216507216 16.99 12.51 6.40
0100000000000000001 24387 204247216507216 100000000000000001 206247216507216 16.99 12.51 6.40
0100000000000000001 24387 204247216507216 110000000000000001 207247216507216 16.99 14.59 11.70
0100000000000000001 24387 204247216507216 110000000000000001 204047216507216 16.99 14.59 11.70
0100000000000000001 24387 204247216507216 110000000000000001 204147216507216 16.99 14.59 11.70
0100000000000000001 24387 204247216507216 100000000000000001 204347216507216 16.99 12.51 6.40
0100000000000000001 24387 204247216507216 100000000000000001 204447216507216 16.99 12.51 6.40
0100000000000000001 24387 204247216507216 100000000000000001 204547216507216 16.99 12.51 6.40
0100000000000000001 24387 204247216507216 100000000000000001 204647216507216 16.99 12.51 6.40
0100000000000000001 24387 204247216507216 100000000000000001 204747216507216 16.99 12.51 6.40
0100000000000000001 24387 204247216507216 110000000000000000 204207216507216 16.99 12.51 9.00
0100000000000000001 24387 204247216507216 110000000000000001 204217216507216 16.99 14.59 11.70
0100000000000000001 24387 204247216507216 100000000000000001 204227216507216 16.99 12.51 6.40
0100000000000000001 24387 204247216507216 100000000000000001 204237216507216 16.99 12.51 6.40
0100000000000000001 24387 204247216507216 100000000000000001 204257216507216 16.99 12.51 6.40
0100000000000000001 24387 204247216507216 100000000000000001 204267216507216 16.99 12.51 6.40
0100000000000000001 24387 204247216507216 100000000000000001 204277216507216 16.99 12.51 6.40
0100000000000000001 24387 204247216507216 110000000000000001 204240216507216 16.99 14.59 11.70
0100000000000000001 24387 204247216507216 110000000000000001 204241216507216 16.99 14.59 11.70
0100000000000000001 24387 204247216507216 100000000000000001 204242216507216 16.99 12.51 6.40
0100000000000000001 24387 204247216507216 100000000000000001 204243216507216 16.99 12.51 6.40
0100000000000000001 24387 204247216507216 100000000000000001 204244216507216 16.99 12.51 6.40
0100000000000000001 24387 204247216507216 100000000000000001 204245216507216 16.99 12.51 6.40
0100000000000000001 24387 204247216507216 100000000000000001 204246216507216 16.99 12.51 6.40
0100000000000000001 24387 204247216507216 111111111100000000 204247016507216 16.99 12.51 11.70
0100000000000000001 24387 204247216507216 100000000000000001 204247116507216 16.99 12.51 6.40
0100000000000000001 24387 204247216507216 110000000000000001 204247316507216 16.99 14.59 11.70
0100000000000000001 24387 204247216507216 110000000000000001 204247416507216 16.99 14.59 11.70
0100000000000000001 24387 204247216507216 110000000000000001 204247516507216 16.99 14.59 11.70
0100000000000000001 24387 204247216507216 110000000000000001 204247616507216 16.99 14.59 11.70
0100000000000000001 24387 204247216507216 110000000000000001 204247716507216 16.99 14.59 11.70
0100000000000000001 24387 204247216507216 100000000000000001 204247206507216 16.99 12.51 6.40
0100000000000000001 24387 204247216507216 100000000000000001 204247226507216 16.99 12.51 6.40
0100000000000000001 24387 204247216507216 100000000000000001 204247236507216 16.99 12.51 6.40
0100000000000000001 24387 204247216507216 100000000000000001 204247246507216 16.99 12.51 6.40
0100000000000000001 24387 204247216507216 100000000000000001 204247256507216 16.99 12.51 6.40
0100000000000000001 24387 204247216507216 100000000000000001 204247266507216 16.99 12.51 6.40
0100000000000000001 24387 204247216507216 100000000000000001 204247276507216 16.99 12.51 6.40
0100000000000000001 24387 204247216507216 111100000000000000 204247210507216 16.99 12.51 11.70
0100000000000000001 24387 204247216507216 111000000000000000 204247211507216 16.99 12.51 9.00
0100000000000000001 24387 204247216507216 110000000000000000 204247212507216 16.99 12.51 9.00
0100000000000000001 24387 204247216507216 110000000000000001 204247213507216 16.99 14.59 11.70
0100000000000000001 24387 204247216507216 110000000000000001 204247214507216 16.99 14.59 11.70
0100000000000000001 24387 204247216507216 110000000000000001 204247215507216 16.99 14.59 11.70
0100000000000000001 24387 204247216507216 100000000000000001 204247217507216 16.99 12.51 6.40
0100000000000000001 24387 204247216507216 111100000000000000 204247216007216 16.99 12.51 11.70
0100000000000000001 24387 204247216507216 111000000000000000 204247216107216 16.99 12.51 9.00
0100000000000000001 24387 204247216507216 110000000000000001 204247216207216 16.99 14.59 11.70
0100000000000000001 24387 204247216507216 110000000000000001 204247216307216 16.99 14.59 11.70
0100000000000000001 24387 204247216507216 110000000000000001 204247216407216 16.99 14.59 11.70
0100000000000000001 24387 204247216507216 100000000000000001 204247216607216 16.99 12.51 6.40
0100000000000000001 24387 204247216507216 100000000000000001 204247216707216 16.99 12.51 6.40
0100000000000000001 24387 204247216507216 100000000000011111 204247216517216 16.99 14.59 11.70
0100000000000000001 24387 204247216507216 110000000001111111 204247216527216 16.99 16.68 14.30
0100000000000000001 24387 204247216507216 110000000001111111 204247216537216 16.99 16.68 14.30
0100000000000000001 24387 204247216507216 110000000011111111 204247216547216 16.99 16.68 14.30
0100000000000000001 24387 204247216507216 110000000011111111 204247216557216 16.99 16.68 14.30
0100000000000000001 24387 204247216507216 110000000011111111 204247216567216 16.99 16.68 14.30
0100000000000000001 24387 204247216507216 110000000111111111 204247216577216 16.99 16.68 16.90
0100000000000000001 24387 204247216507216 111000000000000000 204247216500216 16.99 12.51 9.00
0100000000000000001 24387 204247216507216 111000000000000000 204247216501216 16.99 12.51 9.00
0100000000000000001 24387 204247216507216 110000000000000000 204247216502216 16.99 12.51 9.00
0100000000000000001 24387 204247216507216 110000000000000000 204247216503216 16.99 12.51 9.00
0100000000000000001 24387 204247216507216 110000000000000000 204247216504216 16.99 12.51 9.00
0100000000000000001 24387 204247216507216 110000000000000000 204247216505216 16.99 12.51 9.00
0100000000000000001 24387 204247216507216 110000000000000001 204247216506216 16.99 14.59 11.70
0100000000000000001 24387 204247216507216 100000000000000000 204247216507016 16.99 10.42 6.40
0100000000000000001 24387 204247216507216 100000000000000000 204247216507116 16.99 10.42 6.40
0100000000000000001 24387 204247216507216 100000000000000111 204247216507316 16.99 14.59 11.70
0100000000000000001 24387 204247216507216 100000000000001111 204247216507416 16.99 14.59 11.70
0100000000000000001 24387 204247216507216 100000000000011111 204247216507516 16.99 14.59 11.70
0100000000000000001 24387 204247216507216 100000000000111111 204247216507616 16.99 14.59 11.70
0100000000000000001 24387 204247216507216 100000000000111111 204247216507716 16.99 14.59 11.70
0100000000000000001 24387 204247216507216 100000000000000001 204247216507206 16.99 12.51 6.40
0100000000000000001 24387 204247216507216 110000000000000001 204247216507226 16.99 14.59 11.70
0100000000000000001 24387 204247216507216 110000000000000001 204247216507236 16.99 14.59 11.70
0100000000000000001 24387 204247216507216 110000000000000001 204247216507246 16.99 14.59 11.70
0100000000000000001 24387 204247216507216 111000000000000001 204247216507256 16.99 14.59 14.30
0100000000000000001 24387 204247216507216 111000000000000001 204247216507266 16.99 14.59 14.30
0100000000000000001 24387 204247216507216 111000000000000000 204247216507276 16.99 12.51 9.00
0100000000000000001 24387 204247216507216 111100000000000000 204247216507210 16.99 12.51 11.70
0100000000000000001 24387 204247216507216 111000000000000000 204247216507211 16.99 12.51 9.00
0100000000000000001 24387 204247216507216 110000000000000000 204247216507212 16.99 12.51 9.00
0100000000000000001 24387 204247216507216 110000000000000001 204247216507213 16.99 14.59 11.70
0100000000000000001 24387 204247216507216 110000000000000001 204247216507214 16.99 14.59 11.70
0100000000000000001 24387 204247216507216 110000000000000001 204247216507215 16.99 14.59 11.70
0100000000000000001 24387 204247216507216 100000000000000001 204247216507217 16.99 12.51 6.40
0100000000000000001 40879 305573354706205 110000000000000001 005573354706205 16.99 14.59 11.70
0100000000000000001 40879 305573354706205 100000000000000001 105573354706205 16.99 12.51 6.40
0100000000000000001 40879 305573354706205 100000000000000001 205573354706205 16.99 12.51 6.40
0100000000000000001 40879 305573354706205 100000000000000000 405573354706205 16.99 10.42 6.40
0100000000000000001 40879 305573354706205 100000000000000000 505573354706205 16.99 10.42 6.40
0100000000000000001 40879 305573354706205 100000000000000000 605573354706205 16.99 10.42 6.40
0100000000000000001 40879 305573354706205 100000000000000000 705573354706205 16.99 10.42 6.40
0100000000000000001 40879 305573354706205 100000000000000001 315573354706205 16.99 12.51 6.40
0100000000000000001 40879 305573354706205 110000000000000001 325573354706205 16.99 14.59 11.70
0100000000000000001 40879 305573354706205 110000000000000000 335573354706205 16.99 12.51 9.00
0100000000000000001 40879 305573354706205 110000000000000000 345573354706205 16.99 12.51 9.00
0100000000000000001 40879 305573354706205 110000000000000000 355573354706205 16.99 12.51 9.00
0100000000000000001 40879 305573354706205 110000000000000000 365573354706205 16.99 12.51 9.00
0100000000000000001 40879 305573354706205 111000000000000000 375573354706205 16.99 12.51 9.00
0100000000000000001 40879 305573354706205 111111111000000000 300573354706205 16.99 12.51 11.70
0100000000000000001 40879 305573354706205 100000000000000000 301573354706205 16.99 10.42 6.40
0100000000000000001 40879 305573354706205 100000000000000000 302573354706205 16.99 10.42 6.40
0100000000000000001 40879 305573354706205 100000000000000000 303573354706205 16.99 10.42 6.40
0100000000000000001 40879 305573354706205 100000000000000000 304573354706205 16.99 10.42 6.40
0100000000000000001 40879 305573354706205 100000000000000001 306573354706205 16.99 12.51 6.40
0100000000000000001 40879 305573354706205 100000000000000001 307573354706205 16.99 12.51 6.40
0100000000000000001 40879 305573354706205 110000000000000000 305073354706205 16.99 12.51 9.00
0100000000000000001 40879 305573354706205 110000000000000001 305173354706205 16.99 14.59 11.70
0100000000000000001 40879 305573354706205 110000000000000001 305273354706205 16.99 14.59 11.70
0100000000000000001 40879 305573354706205 100000000000000001 305373354706205 16.99 12.51 6.40
0100000000000000001 40879 305573354706205 100000000000000001 305473354706205 16.99 12.51 6.40
0100000000000000001 40879 305573354706205 100000000000000001 305673354706205 16.99 12.51 6.40
0100000000000000001 40879 305573354706205 100000000000000001 305773354706205 16.99 12.51 6.40
0100000000000000001 40879 305573354706205 110000000000000000 305503354706205 16.99 12.51 9.00
0100000000000000001 40879 305573354706205 100000000000000000 305513354706205 16.99 10.42 6.40
0100000000000000001 40879 305573354706205 100000000000000000 305523354706205 16.99 10.42 6.40
0100000000000000001 40879 305573354706205 100000000000000000 305533354706205 16.99 10.42 6.40
0100000000000000001 40879 305573354706205 100000000000000001 305543354706205 16.99 12.51 6.40
0100000000000000001 40879 305573354706205 100000000000000001 305553354706205 16.99 12.51 6.40
0100000000000000001 40879 305573354706205 100000000000000001 305563354706205 16.99 12.51 6.40
0100000000000000001 40879 305573354706205 100000000000000001 305570354706205 16.99 12.51 6.40
0100000000000000001 40879 305573354706205 100000000000000001 305571354706205 16.99 12.51 6.40
0100000000000000001 40879 305573354706205 100000000000000001 305572354706205 16.99 12.51 6.40
0100000000000000001 40879 305573354706205 100000000000000001 305574354706205 16.99 12.51 6.40
0100000000000000001 40879 305573354706205 100000000000000001 305575354706205 16.99 12.51 6.40
0100000000000000001 40879 305573354706205 100000000000000001 305576354706205 16.99 12.51 6.40
0100000000000000001 40879 305573354706205 100000000000000001 305577354706205 16.99 12.51 6.40
0100000000000000001 40879 305573354706205 111111111000000000 305573054706205 16.99 12.51 11.70
0100000000000000001 40879 305573354706205 100000000000000000 305573154706205 16.99 10.42 6.40
0100000000000000001 40879 305573354706205 100000000000000000 305573254706205 16.99 10.42 6.40
0100000000000000001 40879 305573354706205 100000000000000001 305573454706205 16.99 12.51 6.40
0100000000000000001 40879 305573354706205 100000000000000001 305573554706205 16.99 12.51 6.40
0100000000000000001 40879 305573354706205 110000000000000001 305573654706205 16.99 14.59 11.70
0100000000000000001 40879 305573354706205 110000000000000001 305573754706205 16.99 14.59 11.70
0100000000000000001 40879 305573354706205 100000000000000001 305573304706205 16.99 12.51 6.40
0100000000000000001 40879 305573354706205 100000000000000001 305573314706205 16.99 12.51 6.40
0100000000000000001 40879 305573354706205 100000000000000001 305573324706205 16.99 12.51 6.40
0100000000000000001 40879 305573354706205 100000000000000001 305573334706205 16.99 12.51 6.40
0100000000000000001 40879 305573354706205 100000000000000001 305573344706205 16.99 12.51 6.40
0100000000000000001 40879 305573354706205 100000000000000001 305573364706205 16.99 12.51 6.40
0100000000000000001 40879 305573354706205 100000000000000001 305573374706205 16.99 12.51 6.40
0100000000000000001 40879 305573354706205 111000000000000000 305573350706205 16.99 12.51 9.00
0100000000000000001 40879 305573354706205 110000000000000000 305573351706205 16.99 12.51 9.00
0100000000000000001 40879 305573354706205 110000000000000001 305573352706205 16.99 14.59 11.70
0100000000000000001 40879 305573354706205 100000000000000001 305573353706205 16.99 12.51 6.40
0100000000000000001 40879 305573354706205 100000000000000001 305573355706205 16.99 12.51 6.40
0100000000000000001 40879 305573354706205 100000000000000001 305573356706205 16.99 12.51 6.40
0100000000000000001 40879 305573354706205 100000000000000001 305573357706205 16.99 12.51 6.40
0100000000000000001 40879 305573354706205 111110000000000000 305573354006205 16.99 12.51 11.70
0100000000000000001 40879 305573354706205 111000000000000000 305573354106205 16.99 12.51 9.00
0100000000000000001 40879 305573354706205 110000000000000000 305573354206205 16.99 12.51 9.00
0100000000000000001 40879 305573354706205 110000000000000001 305573354306205 16.99 14.59 11.70
0100000000000000001 40879 305573354706205 110000000000000001 305573354406205 16.99 14.59 11.70
0100000000000000001 40879 305573354706205 100000000000000001 305573354506205 16.99 12.51 6.40
0100000000000000001 40879 305573354706205 100000000000000001 305573354606205 16.99 12.51 6.40
0100000000000000001 40879 305573354706205 100000000000011111 305573354716205 16.99 14.59 11.70
0100000000000000001 40879 305573354706205 100000000000111111 305573354726205 16.99 14.59 11.70
0100000000000000001 40879 305573354706205 100000000001111111 305573354736205 16.99 14.59 11.70
0100000000000000001 40879 305573354706205 100000000001111111 305573354746205 16.99 14.59 11.70
0100000000000000001 40879 305573354706205 100000000011111111 305573354756205 16.99 14.59 11.70
0100000000000000001 40879 305573354706205 100000000011111111 305573354766205 16.99 14.59 11.70
0100000000000000001 40879 305573354706205 100000000011111111 305573354776205 16.99 14.59 11.70
0100000000000000001 40879 305573354706205 110000000000000000 305573354700205 16.99 12.51 9.00
0100000000000000001 40879 305573354706205 110000000000000000 305573354701205 16.99 12.51 9.00
0100000000000000001 40879 305573354706205 110000000000000000 305573354702205 16.99 12.51 9.00
0100000000000000001 40879 305573354706205 100000000000000000 305573354703205 16.99 10.42 6.40
0100000000000000001 40879 305573354706205 100000000000000000 305573354704205 16.99 10.42 6.40
0100000000000000001 40879 305573354706205 100000000000000000 305573354705205 16.99 10.42 6.40
0100000000000000001 40879 305573354706205 100000000000000001 305573354707205 16.99 12.51 6.40
0100000000000000001 40879 305573354706205 100000000000000000 305573354706005 16.99 10.42 6.40
0100000000000000001 40879 305573354706205 100000000000000000 305573354706105 16.99 10.42 6.40
0100000000000000001 40879 305573354706205 100000000000000111 305573354706305 16.99 14.59 11.70
0100000000000000001 40879 305573354706205 100000000000001111 305573354706405 16.99 14.59 11.70
0100000000000000001 40879 305573354706205 100000000000011111 305573354706505 16.99 14.59 11.70
0100000000000000001 40879 305573354706205 100000000000011111 305573354706605 16.99 14.59 11.70
0100000000000000001 40879 305573354706205 100000000000111111 305573354706705 16.99 14.59 11.70
0100000000000000001 40879 305573354706205 110000000000000001 305573354706215 16.99 14.59 11.70
0100000000000000001 40879 305573354706205 110000000000000000 305573354706225 16.99 12.51 9.00
0100000000000000001 40879 305573354706205 111000000000000000 305573354706235 16.99 12.51 9.00
0100000000000000001 40879 305573354706205 111000000000000000 305573354706245 16.99 12.51 9.00
0100000000000000001 40879 305573354706205 111000000000000000 305573354706255 16.99 12.51 9.00
0100000000000000001 40879 305573354706205 111100000000000000 305573354706265 16.99 12.51 11.70
0100000000000000001 40879 305573354706205 111100000000000000 305573354706275 16.99 12.51 11.70
0100000000000000001 40879 305573354706205 111100000000000000 305573354706200 16.99 12.51 11.70
0100000000000000001 40879 305573354706205 110000000000000000 305573354706201 16.99 12.51 9.00
0100000000000000001 40879 305573354706205 110000000000000000 305573354706202 16.99 12.51 9.00
0100000000000000001 40879 305573354706205 110000000000000001 305573354706203 16.99 14.59 11.70
0100000000000000001 40879 305573354706205 100000000000000001 305573354706204 16.99 12.51 6.40
0100000000000000001 40879 305573354706205 100000000000000001 305573354706206 16.99 12.51 6.40
0100000000000000001 40879 305573354706205 100000000000000001 305573354706207 16.99 12.51 6.40
0100000000000000001 52016 605415327714105 110000000000000011 005415327714105 16.99 16.68 11.70
0100000000000000001 52016 605415327714105 100000000000000001 105415327714105 16.99 12.51 6.40
0100000000000000001 52016 605415327714105 100000000000000001 205415327714105 16.99 12.51 6.40
0100000000000000001 52016 605415327714105 100000000000000001 305415327714105 16.99 12.51 6.40
0100000000000000001 52016 605415327714105 100000000000000001 405415327714105 16.99 12.51 6.40
0100000000000000001 52016 605415327714105 100000000000000001 505415327714105 16.99 12.51 6.40
0100000000000000001 52016 605415327714105 100000000000000001 705415327714105 16.99 12.51 6.40
0100000000000000001 52016 605415327714105 110000000000000001 615415327714105 16.99 14.59 11.70
0100000000000000001 52016 605415327714105 110000000000000001 625415327714105 16.99 14.59 11.70
0100000000000000001 52016 605415327714105 110000000000000001 635415327714105 16.99 14.59 11.70
0100000000000000001 52016 605415327714105 110000000000000001 645415327714105 16.99 14.59 11.70
0100000000000000001 52016 605415327714105 110000000000000000 655415327714105 16.99 12.51 9.00
0100000000000000001 52016 605415327714105 110000000000000000 665415327714105 16.99 12.51 9.00
0100000000000000001 52016 605415327714105 110000000000000000 675415327714105 16.99 12.51 9.00
0100000000000000001 52016 605415327714105 111111111111111000 600415327714105 16.99 12.51 11.70
0100000000000000001 52016 605415327714105 111111111111000000 601415327714105 16.99 12.51 11.70
0100000000000000001 52016 605415327714105 111111110000000000 602415327714105 16.99 12.51 11.70
0100000000000000001 52016 605415327714105 111000000000000000 603415327714105 16.99 12.51 9.00
0100000000000000001 52016 605415327714105 100000000000000000 604415327714105 16.99 10.42 6.40
0100000000000000001 52016 605415327714105 100000000000000001 606415327714105 16.99 12.51 6.40
0100000000000000001 52016 605415327714105 100000000000000001 607415327714105 16.99 12.51 6.40
0100000000000000001 52016 605415327714105 110000000000000000 605015327714105 16.99 12.51 9.00
0100000000000000001 52016 605415327714105 110000000000000001 605115327714105 16.99 14.59 11.70
0100000000000000001 52016 605415327714105 100000000000000001 605215327714105 16.99 12.51 6.40
0100000000000000001 52016 605415327714105 100000000000000001 605315327714105 16.99 12.51 6.40
0100000000000000001 52016 605415327714105 100000000000000001 605515327714105 16.99 12.51 6.40
0100000000000000001 52016 605415327714105 100000000000000001 605615327714105 16.99 12.51 6.40
0100000000000000001 52016 605415327714105 100000000000000000 605715327714105 16.99 10.42 6.40
0100000000000000001 52016 605415327714105 100000000000000000 605405327714105 16.99 10.42 6.40
0100000000000000001 52016 605415327714105 100000000000000001 605425327714105 16.99 12.51 6.40
0100000000000000001 52016 605415327714105 100000000000000001 605435327714105 16.99 12.51 6.40
0100000000000000001 52016 605415327714105 100000000000000001 605445327714105 16.99 12.51 6.40
0100000000000000001 52016 605415327714105 100000000000000001 605455327714105 16.99 12.51 6.40
0100000000000000001 52016 605415327714105 100000000000000011 605465327714105 16.99 14.59 11.70
0100000000000000001 52016 605415327714105 100000000000000011 605475327714105 16.99 14.59 11.70
0100000000000000001 52016 605415327714105 100000000000000001 605410327714105 16.99 12.51 6.40
0100000000000000001 52016 605415327714105 100000000000000001 605411327714105 16.99 12.51 6.40
0100000000000000001 52016 605415327714105 100000000000000001 605412327714105 16.99 12.51 6.40
0100000000000000001 52016 605415327714105 100000000000000001 605413327714105 16.99 12.51 6.40
0100000000000000001 52016 605415327714105 100000000000000001 605414327714105 16.99 12.51 6.40
0100000000000000001 52016 605415327714105 100000000000000001 605416327714105 16.99 12.51 6.40
0100000000000000001 52016 605415327714105 100000000000000001 605417327714105 16.99 12.51 6.40
0100000000000000001 52016 605415327714105 111111111111111100 605415027714105 16.99 12.51 11.70
0100000000000000001 52016 605415327714105 111111111110000000 605415127714105 16.99 12.51 11.70
0100000000000000001 52016 605415327714105 110000000000000000 605415227714105 16.99 12.51 9.00
0100000000000000001 52016 605415327714105 100000000000000001 605415427714105 16.99 12.51 6.40
0100000000000000001 52016 605415327714105 100000000000000001 605415527714105 16.99 12.51 6.40
0100000000000000001 52016 605415327714105 100000000000000001 605415627714105 16.99 12.51 6.40
0100000000000000001 52016 605415327714105 100000000000000001 605415727714105 16.99 12.51 6.40
0100000000000000001 52016 605415327714105 100000000000000001 605415307714105 16.99 12.51 6.40
0100000000000000001 52016 605415327714105 100000000000000001 605415317714105 16.99 12.51 6.40
0100000000000000001 52016 605415327714105 100000000000000001 605415337714105 16.99 12.51 6.40
0100000000000000001 52016 605415327714105 100000000000000001 605415347714105 16.99 12.51 6.40
0100000000000000001 52016 605415327714105 100000000000000001 605415357714105 16.99 12.51 6.40
0100000000000000001 52016 605415327714105 100000000000000001 605415367714105 16.99 12.51 6.40
0100000000000000001 52016 605415327714105 100000000000000001 605415377714105 16.99 12.51 6.40
0100000000000000001 52016 605415327714105 111100000000000000 605415320714105 16.99 12.51 11.70
0100000000000000001 52016 605415327714105 111000000000000000 605415321714105 16.99 12.51 9.00
0100000000000000001 52016 605415327714105 110000000000000000 605415322714105 16.99 12.51 9.00
0100000000000000001 52016 605415327714105 110000000000000000 605415323714105 16.99 12.51 9.00
0100000000000000001 52016 605415327714105 110000000000000001 605415324714105 16.99 14.59 11.70
0100000000000000001 52016 605415327714105 100000000000000001 605415325714105 16.99 12.51 6.40
0100000000000000001 52016 605415327714105 100000000000000001 605415326714105 16.99 12.51 6.40
0100000000000000001 52016 605415327714105 111100000000000000 605415327014105 16.99 12.51 11.70
0100000000000000001 52016 605415327714105 111000000000000000 605415327114105 16.99 12.51 9.00
0100000000000000001 52016 605415327714105 110000000000000000 605415327214105 16.99 12.51 9.00
0100000000000000001 52016 605415327714105 110000000000000001 605415327314105 16.99 14.59 11.70
0100000000000000001 52016 605415327714105 100000000000000001 605415327414105 16.99 12.51 6.40
0100000000000000001 52016 605415327714105 100000000000000001 605415327514105 16.99 12.51 6.40
0100000000000000001 52016 605415327714105 100000000000000001 605415327614105 16.99 12.51 6.40
0100000000000000001 52016 605415327714105 100000000000000000 605415327704105 16.99 10.42 6.40
0100000000000000001 52016 605415327714105 100000000000000111 605415327724105 16.99 14.59 11.70
0100000000000000001 52016 605415327714105 100000000000001111 605415327734105 16.99 14.59 11.70
0100000000000000001 52016 605415327714105 100000000000011111 605415327744105 16.99 14.59 11.70
0100000000000000001 52016 605415327714105 100000000000011111 605415327754105 16.99 14.59 11.70
0100000000000000001 52016 605415327714105 100000000000111111 605415327764105 16.99 14.59 11.70
0100000000000000001 52016 605415327714105 100000000000111111 605415327774105 16.99 14.59 11.70
0100000000000000001 52016 605415327714105 111111111111111111 605415327710105 16.99 4.17 6.40
0100000000000000001 52016 605415327714105 111111111111111111 605415327711105 16.99 4.17 6.40
0100000000000000001 52016 605415327714105 111110000000000000 605415327712105 16.99 12.51 11.70
0100000000000000001 52016 605415327714105 110000000000000000 605415327713105 16.99 12.51 9.00
0100000000000000001 52016 605415327714105 100000000000000001 605415327715105 16.99 12.51 6.40
0100000000000000001 52016 605415327714105 100000000000000001 605415327716105 16.99 12.51 6.40
0100000000000000001 52016 605415327714105 100000000000000001 605415327717105 16.99 12.51 6.40
0100000000000000001 52016 605415327714105 100000000000000000 605415327714005 16.99 10.42 6.40
0100000000000000001 52016 605415327714105 100000000000000111 605415327714205 16.99 14.59 11.70
0100000000000000001 52016 605415327714105 100000000000001111 605415327714305 16.99 14.59 11.70
0100000000000000001 52016 605415327714105 100000000000011111 605415327714405 16.99 14.59 11.70
0100000000000000001 52016 605415327714105 100000000000111111 605415327714505 16.99 14.59 11.70
0100000000000000001 52016 605415327714105 100000000000111111 605415327714605 16.99 14.59 11.70
0100000000000000001 52016 605415327714105 100000000000111111 605415327714705 16.99 14.59 11.70
0100000000000000001 52016 605415327714105 100000000000000001 605415327714115 16.99 12.51 6.40
0100000000000000001 52016 605415327714105 110000000000000000 605415327714125 16.99 12.51 9.00
0100000000000000001 52016 605415327714105 110000000000000000 605415327714135 16.99 12.51 9.00
0100000000000000001 52016 605415327714105 111000000000000000 605415327714145 16.99 12.51 9.00
0100000000000000001 52016 605415327714105 111000000000000000 605415327714155 16.99 12.51 9.00
0100000000000000001 52016 605415327714105 111100000000000000 605415327714165 16.99 12.51 11.70
0100000000000000001 52016 605415327714105 111100000000000000 605415327714175 16.99 12.51 11.70
0100000000000000001 52016 605415327714105 111000000000000000 605415327714100 16.99 12.51 9.00
0100000000000000001 52016 605415327714105 110000000000000000 605415327714101 16.99 12.51 9.00
0100000000000000001 52016 605415327714105 110000000000000000 605415327714102 16.99 12.51 9.00
0100000000000000001 52016 605415327714105 110000000000000001 605415327714103 16.99 14.59 11.70
0100000000000000001 52016 605415327714105 100000000000000001 605415327714104 16.99 12.51 6.40
0100000000000000001 52016 605415327714105 100000000000000001 605415327714106 16.99 12.51 6.40
0100000000000000001 52016 605415327714105 100000000000000001 605415327714107 16.99 12.51 6.40
0100000000000000001 60030 205753275506216 110000000000000001 005753275506216 16.99 14.59 11.70
0100000000000000001 60030 205753275506216 100000000000000001 105753275506216 16.99 12.51 6.40
0100000000000000001 60030 205753275506216 100000000000000001 305753275506216 16.99 12.51 6.40
0100000000000000001 60030 205753275506216 100000000000000001 405753275506216 16.99 12.51 6.40
0100000000000000001 60030 205753275506216 100000000000000001 505753275506216 16.99 12.51 6.40
0100000000000000001 60030 205753275506216 100000000000000001 605753275506216 16.99 12.51 6.40
0100000000000000001 60030 205753275506216 100000000000000000 705753275506216 16.99 10.42 6.40
0100000000000000001 60030 205753275506216 110000000000000001 215753275506216 16.99 14.59 11.70
0100000000000000001 60030 205753275506216 110000000000000001 225753275506216 16.99 14.59 11.70
0100000000000000001 60030 205753275506216 110000000000000001 235753275506216 16.99 14.59 11.70
0100000000000000001 60030 205753275506216 110000000000000001 245753275506216 16.99 14.59 11.70
0100000000000000001 60030 205753275506216 110000000000000001 255753275506216 16.99 14.59 11.70
0100000000000000001 60030 205753275506216 110000000000000001 265753275506216 16.99 14.59 11.70
0100000000000000001 60030 205753275506216 110000000000000001 275753275506216 16.99 14.59 11.70
0100000000000000001 60030 205753275506216 100000000000000000 200753275506216 16.99 10.42 6.40
0100000000000000001 60030 205753275506216 100000000000000000 201753275506216 16.99 10.42 6.40
0100000000000000001 60030 205753275506216 100000000000000001 202753275506216 16.99 12.51 6.40
0100000000000000001 60030 205753275506216 100000000000000001 203753275506216 16.99 12.51 6.40
0100000000000000001 60030 205753275506216 100000000000000001 204753275506216 16.99 12.51 6.40
0100000000000000001 60030 205753275506216 100000000000000001 206753275506216 16.99 12.51 6.40
0100000000000000001 60030 205753275506216 100000000000000001 207753275506216 16.99 12.51 6.40
0100000000000000001 60030 205753275506216 110000000000000001 205053275506216 16.99 14.59 11.70
0100000000000000001 60030 205753275506216 110000000000000001 205153275506216 16.99 14.59 11.70
0100000000000000001 60030 205753275506216 110000000000000001 205253275506216 16.99 14.59 11.70
0100000000000000001 60030 205753275506216 110000000000000001 205353275506216 16.99 14.59 11.70
0100000000000000001 60030 205753275506216 110000000000000001 205453275506216 16.99 14.59 11.70
0100000000000000001 60030 205753275506216 100000000000000001 205553275506216 16.99 12.51 6.40
0100000000000000001 60030 205753275506216 100000000000000001 205653275506216 16.99 12.51 6.40
0100000000000000001 60030 205753275506216 110000000000000000 205703275506216 16.99 12.51 9.00
0100000000000000001 60030 205753275506216 100000000000000001 205713275506216 16.99 12.51 6.40
0100000000000000001 60030 205753275506216 100000000000000001 205723275506216 16.99 12.51 6.40
0100000000000000001 60030 205753275506216 100000000000000001 205733275506216 16.99 12.51 6.40
0100000000000000001 60030 205753275506216 100000000000000001 205743275506216 16.99 12.51 6.40
0100000000000000001 60030 205753275506216 100000000000000001 205763275506216 16.99 12.51 6.40
0100000000000000001 60030 205753275506216 100000000000000001 205773275506216 16.99 12.51 6.40
0100000000000000001 60030 205753275506216 100000000000000001 205750275506216 16.99 12.51 6.40
0100000000000000001 60030 205753275506216 100000000000000001 205751275506216 16.99 12.51 6.40
0100000000000000001 60030 205753275506216 100000000000000001 205752275506216 16.99 12.51 6.40
0100000000000000001 60030 205753275506216 100000000000000001 205754275506216 16.99 12.51 6.40
0100000000000000001 60030 205753275506216 100000000000000001 205755275506216 16.99 12.51 6.40
0100000000000000001 60030 205753275506216 100000000000000001 205756275506216 16.99 12.51 6.40
0100000000000000001 60030 205753275506216 100000000000000001 205757275506216 16.99 12.51 6.40
0100000000000000001 60030 205753275506216 100000000000000000 205753075506216 16.99 10.42 6.40
0100000000000000001 60030 205753275506216 100000000000000001 205753175506216 16.99 12.51 6.40
0100000000000000001 60030 205753275506216 110000000000000001 205753375506216 16.99 14.59 11.70
0100000000000000001 60030 205753275506216 110000000000000001 205753475506216 16.99 14.59 11.70
0100000000000000001 60030 205753275506216 110000000000000000 205753575506216 16.99 12.51 9.00
0100000000000000001 60030 205753275506216 110000000000000000 205753675506216 16.99 12.51 9.00
0100000000000000001 60030 205753275506216 111000000000000000 205753775506216 16.99 12.51 9.00
0100000000000000001 60030 205753275506216 100000000000000001 205753205506216 16.99 12.51 6.40
0100000000000000001 60030 205753275506216 100000000000000001 205753215506216 16.99 12.51 6.40
0100000000000000001 60030 205753275506216 100000000000000001 205753225506216 16.99 12.51 6.40
0100000000000000001 60030 205753275506216 100000000000000001 205753235506216 16.99 12.51 6.40
0100000000000000001 60030 205753275506216 100000000000000001 205753245506216 16.99 12.51 6.40
0100000000000000001 60030 205753275506216 100000000000000001 205753255506216 16.99 12.51 6.40
0100000000000000001 60030 205753275506216 100000000000000001 205753265506216 16.99 12.51 6.40
0100000000000000001 60030 205753275506216 111100000000000000 205753270506216 16.99 12.51 11.70
0100000000000000001 60030 205753275506216 111000000000000000 205753271506216 16.99 12.51 9.00
0100000000000000001 60030 205753275506216 110000000000000000 205753272506216 16.99 12.51 9.00
0100000000000000001 60030 205753275506216 110000000000000001 205753273506216 16.99 14.59 11.70
0100000000000000001 60030 205753275506216 110000000000000001 205753274506216 16.99 14.59 11.70
0100000000000000001 60030 205753275506216 100000000000000001 205753276506216 16.99 12.51 6.40
0100000000000000001 60030 205753275506216 100000000000000001 205753277506216 16.99 12.51 6.40
0100000000000000001 60030 205753275506216 111110000000000000 205753275006216 16.99 12.51 11.70
0100000000000000001 60030 205753275506216 111000000000000000 205753275106216 16.99 12.51 9.00
0100000000000000001 60030 205753275506216 110000000000000000 205753275206216 16.99 12.51 9.00
0100000000000000001 60030 205753275506216 110000000000000001 205753275306216 16.99 14.59 11.70
0100000000000000001 60030 205753275506216 110000000000000001 205753275406216 16.99 14.59 11.70
0100000000000000001 60030 205753275506216 100000000000000001 205753275606216 16.99 12.51 6.40
0100000000000000001 60030 205753275506216 100000000000000001 205753275706216 16.99 12.51 6.40
0100000000000000001 60030 205753275506216 100000000000001111 205753275516216 16.99 14.59 11.70
0100000000000000001 60030 205753275506216 100000000000111111 205753275526216 16.99 14.59 11.70
0100000000000000001 60030 205753275506216 110000000000111111 205753275536216 16.99 16.68 14.30
0100000000000000001 60030 205753275506216 110000000001111111 205753275546216 16.99 16.68 14.30
0100000000000000001 60030 205753275506216 110000000001111111 205753275556216 16.99 16.68 14.30
0100000000000000001 60030 205753275506216 110000000001111111 205753275566216 16.99 16.68 14.30
0100000000000000001 60030 205753275506216 110000000001111111 205753275576216 16.99 16.68 14.30
0100000000000000001 60030 205753275506216 111000000000000000 205753275500216 16.99 12.51 9.00
0100000000000000001 60030 205753275506216 110000000000000000 205753275501216 16.99 12.51 9.00
0100000000000000001 60030 205753275506216 110000000000000000 205753275502216 16.99 12.51 9.00
0100000000000000001 60030 205753275506216 110000000000000000 205753275503216 16.99 12.51 9.00
0100000000000000001 60030 205753275506216 110000000000000000 205753275504216 16.99 12.51 9.00
0100000000000000001 60030 205753275506216 110000000000000000 205753275505216 16.99 12.51 9.00
0100000000000000001 60030 205753275506216 100000000000000001 205753275507216 16.99 12.51 6.40
0100000000000000001 60030 205753275506216 100000000000000000 205753275506016 16.99 10.42 6.40
0100000000000000001 60030 205753275506216 100000000000000000 205753275506116 16.99 10.42 6.40
0100000000000000001 60030 205753275506216 100000000000000111 205753275506316 16.99 14.59 11.70
0100000000000000001 60030 205753275506216 100000000000001111 205753275506416 16.99 14.59 11.70
0100000000000000001 60030 205753275506216 100000000000011111 205753275506516 16.99 14.59 11.70
0100000000000000001 60030 205753275506216 100000000000011111 205753275506616 16.99 14.59 11.70
0100000000000000001 60030 205753275506216 100000000000011111 205753275506716 16.99 14.59 11.70
0100000000000000001 60030 205753275506216 100000000000000001 205753275506206 16.99 12.51 6.40
0100000000000000001 60030 205753275506216 110000000000000001 205753275506226 16.99 14.59 11.70
0100000000000000001 60030 205753275506216 110000000000000001 205753275506236 16.99 14.59 11.70
0100000000000000001 60030 205753275506216 111000000000000000 205753275506246 16.99 12.51 9.00
0100000000000000001 60030 205753275506216 111000000000000000 205753275506256 16.99 12.51 9.00
0100000000000000001 60030 205753275506216 111000000000000000 205753275506266 16.99 12.51 9.00
0100000000000000001 60030 205753275506216 111000000000000000 205753275506276 16.99 12.51 9.00
0100000000000000001 60030 205753275506216 111110000000000000 205753275506210 16.99 12.51 11.70
0100000000000000001 60030 205753275506216 111000000000000000 205753275506211 16.99 12.51 9.00
0100000000000000001 60030 205753275506216 111000000000000000 205753275506212 16.99 12.51 9.00
0100000000000000001 60030 205753275506216 110000000000000001 205753275506213 16.99 14.59 11.70
0100000000000000001 60030 205753275506216 110000000000000001 205753275506214 16.99 14.59 11.70
0100000000000000001 60030 205753275506216 110000000000000001 205753275506215 16.99 14.59 11.70
0100000000000000001 60030 205753275506216 100000000000000001 205753275506217 16.99 12.51 6.40
0100000000000000001 60129 312662775744007 110000000000000000 012662775744007 16.99 12.51 9.00
0100000000000000001 60129 312662775744007 110000000000000000 112662775744007 16.99 12.51 9.00
0100000000000000001 60129 312662775744007 110000000000000000 212662775744007 16.99 12.51 9.00
0100000000000000001 60129 312662775744007 100000000000000011 412662775744007 16.99 14.59 11.70
0100000000000000001 60129 312662775744007 100000000000000111 512662775744007 16.99 14.59 11.70
0100000000000000001 60129 312662775744007 100000000000000111 612662775744007 16.99 14.59 11.70
0100000000000000001 60129 312662775744007 100000000000000111 712662775744007 16.99 14.59 11.70
0100000000000000001 60129 312662775744007 100000000000000111 302662775744007 16.99 14.59 11.70
0100000000000000001 60129 312662775744007 110000000000000000 322662775744007 16.99 12.51 9.00
0100000000000000001 60129 312662775744007 110000000000000000 332662775744007 16.99 12.51 9.00
0100000000000000001 60129 312662775744007 110000000000000000 342662775744007 16.99 12.51 9.00
0100000000000000001 60129 312662775744007 111000000000000000 352662775744007 16.99 12.51 9.00
0100000000000000001 60129 312662775744007 111000000000000000 362662775744007 16.99 12.51 9.00
0100000000000000001 60129 312662775744007 111000000000000000 372662775744007 16.99 12.51 9.00
0100000000000000001 60129 312662775744007 110000000000000111 310662775744007 16.99 16.68 11.70
0100000000000000001 60129 312662775744007 100000000000000111 311662775744007 16.99 14.59 11.70
0100000000000000001 60129 312662775744007 110000000000000000 313662775744007 16.99 12.51 9.00
0100000000000000001 60129 312662775744007 110000000000000000 314662775744007 16.99 12.51 9.00
0100000000000000001 60129 312662775744007 110000000000000000 315662775744007 16.99 12.51 9.00
0100000000000000001 60129 312662775744007 110000000000000000 316662775744007 16.99 12.51 9.00
0100000000000000001 60129 312662775744007 110000000000000000 317662775744007 16.99 12.51 9.00
0100000000000000001 60129 312662775744007 111100000000000000 312062775744007 16.99 12.51 11.70
0100000000000000001 60129 312662775744007 111000000000000000 312162775744007 16.99 12.51 9.00
0100000000000000001 60129 312662775744007 110000000000000000 312262775744007 16.99 12.51 9.00
0100000000000000001 60129 312662775744007 110000000000000000 312362775744007 16.99 12.51 9.00
0100000000000000001 60129 312662775744007 110000000000000000 312462775744007 16.99 12.51 9.00
0100000000000000001 60129 312662775744007 110000000000000001 312562775744007 16.99 14.59 11.70
0100000000000000001 60129 312662775744007 100000000000000011 312762775744007 16.99 14.59 11.70
0100000000000000001 60129 312662775744007 110000000000000011 312602775744007 16.99 16.68 11.70
0100000000000000001 60129 312662775744007 110000000000000011 312612775744007 16.99 16.68 11.70
0100000000000000001 60129 312662775744007 110000000000000011 312622775744007 16.99 16.68 11.70
0100000000000000001 60129 312662775744007 110000000000000011 312632775744007 16.99 16.68 11.70
0100000000000000001 60129 312662775744007 100000000000000011 312642775744007 16.99 14.59 11.70
0100000000000000001 60129 312662775744007 100000000000000001 312652775744007 16.99 12.51 6.40
0100000000000000001 60129 312662775744007 100000000000000001 312672775744007 16.99 12.51 6.40
0100000000000000001 60129 312662775744007 100000000000000001 312660775744007 16.99 12.51 6.40
0100000000000000001 60129 312662775744007 100000000000000001 312661775744007 16.99 12.51 6.40
0100000000000000001 60129 312662775744007 100000000000000001 312663775744007 16.99 12.51 6.40
0100000000000000001 60129 312662775744007 100000000000000001 312664775744007 16.99 12.51 6.40
0100000000000000001 60129 312662775744007 100000000000000001 312665775744007 16.99 12.51 6.40
0100000000000000001 60129 312662775744007 110000000000000001 312666775744007 16.99 14.59 11.70
0100000000000000001 60129 312662775744007 110000000000000001 312667775744007 16.99 14.59 11.70
0100000000000000001 60129 312662775744007 111111111111111100 312662075744007 16.99 12.51 11.70
0100000000000000001 60129 312662775744007 111111111111000001 312662175744007 16.99 14.59 14.30
0100000000000000001 60129 312662775744007 110000000000000111 312662275744007 16.99 16.68 11.70
0100000000000000001 60129 312662775744007 100000000000000111 312662375744007 16.99 14.59 11.70
0100000000000000001 60129 312662775744007 100000000000000111 312662475744007 16.99 14.59 11.70
0100000000000000001 60129 312662775744007 100000000000000111 312662575744007 16.99 14.59 11.70
0100000000000000001 60129 312662775744007 100000000000000011 312662675744007 16.99 14.59 11.70
0100000000000000001 60129 312662775744007 100000000000000001 312662705744007 16.99 12.51 6.40
0100000000000000001 60129 312662775744007 100000000000000001 312662715744007 16.99 12.51 6.40
0100000000000000001 60129 312662775744007 100000000000000001 312662725744007 16.99 12.51 6.40
0100000000000000001 60129 312662775744007 100000000000000001 312662735744007 16.99 12.51 6.40
0100000000000000001 60129 312662775744007 100000000000000001 312662745744007 16.99 12.51 6.40
0100000000000000001 60129 312662775744007 100000000000000001 312662755744007 16.99 12.51 6.40
0100000000000000001 60129 312662775744007 100000000000000001 312662765744007 16.99 12.51 6.40
0100000000000000001 60129 312662775744007 111111000000000000 312662770744007 16.99 12.51 11.70
0100000000000000001 60129 312662775744007 111100000000000000 312662771744007 16.99 12.51 11.70
0100000000000000001 60129 312662775744007 111000000000000000 312662772744007 16.99 12.51 9.00
0100000000000000001 60129 312662775744007 110000000000000000 312662773744007 16.99 12.51 9.00
0100000000000000001 60129 312662775744007 110000000000000001 312662774744007 16.99 14.59 11.70
0100000000000000001 60129 312662775744007 100000000000000011 312662776744007 16.99 14.59 11.70
0100000000000000001 60129 312662775744007 100000000000000011 312662777744007 16.99 14.59 11.70
0100000000000000001 60129 312662775744007 111111111000000000 312662775044007 16.99 12.51 11.70
0100000000000000001 60129 312662775744007 111110000000000000 312662775144007 16.99 12.51 11.70
0100000000000000001 60129 312662775744007 111100000000000000 312662775244007 16.99 12.51 11.70
0100000000000000001 60129 312662775744007 111000000000000000 312662775344007 16.99 12.51 9.00
0100000000000000001 60129 312662775744007 110000000000000000 312662775444007 16.99 12.51 9.00
0100000000000000001 60129 312662775744007 110000000000000000 312662775544007 16.99 12.51 9.00
0100000000000000001 60129 312662775744007 110000000000000000 312662775644007 16.99 12.51 9.00
0100000000000000001 60129 312662775744007 100000000000000000 312662775704007 16.99 10.42 6.40
0100000000000000001 60129 312662775744007 100000000000000000 312662775714007 16.99 10.42 6.40
0100000000000000001 60129 312662775744007 100000000000000000 312662775724007 16.99 10.42 6.40
0100000000000000001 60129 312662775744007 100000000000000001 312662775734007 16.99 12.51 6.40
0100000000000000001 60129 312662775744007 100000000000000011 312662775754007 16.99 14.59 11.70
0100000000000000001 60129 312662775744007 110000000000000011 312662775764007 16.99 16.68 11.70
0100000000000000001 60129 312662775744007 110000000000000011 312662775774007 16.99 16.68 11.70
0100000000000000001 60129 312662775744007 111000000000000000 312662775740007 16.99 12.51 9.00
0100000000000000001 60129 312662775744007 110000000000000000 312662775741007 16.99 12.51 9.00
0100000000000000001 60129 312662775744007 110000000000000000 312662775742007 16.99 12.51 9.00
0100000000000000001 60129 312662775744007 110000000000000000 312662775743007 16.99 12.51 9.00
0100000000000000001 60129 312662775744007 100000000000001111 312662775745007 16.99 14.59 11.70
0100000000000000001 60129 312662775744007 100000000000011111 312662775746007 16.99 14.59 11.70
0100000000000000001 60129 312662775744007 100000000000111111 312662775747007 16.99 14.59 11.70
0100000000000000001 60129 312662775744007 100000000000000111 312662775744107 16.99 14.59 11.70
0100000000000000001 60129 312662775744007 100000000000001111 312662775744207 16.99 14.59 11.70
0100000000000000001 60129 312662775744007 100000000000001111 312662775744307 16.99 14.59 11.70
0100000000000000001 60129 312662775744007 100000000000011111 312662775744407 16.99 14.59 11.70
0100000000000000001 60129 312662775744007 100000000000011111 312662775744507 16.99 14.59 11.70
0100000000000000001 60129 312662775744007 100000000000111111 312662775744607 16.99 14.59 11.70
0100000000000000001 60129 312662775744007 100000000000111111 312662775744707 16.99 14.59 11.70
0100000000000000001 60129 312662775744007 111000000000000000 312662775744017 16.99 12.51 9.00
0100000000000000001 60129 312662775744007 111100000000000000 312662775744027 16.99 12.51 11.70
0100000000000000001 60129 312662775744007 111110000000000000 312662775744037 16.99 12.51 11.70
0100000000000000001 60129 312662775744007 111111000000000000 312662775744047 16.99 12.51 11.70
0100000000000000001 60129 312662775744007 111111100000000000 312662775744057 16.99 12.51 11.70
0100000000000000001 60129 312662775744007 111111100000000000 312662775744067 16.99 12.51 11.70
0100000000000000001 60129 312662775744007 111111110000000000 312662775744077 16.99 12.51 11.70
0100000000000000001 60129 312662775744007 111111110000000000 312662775744000 16.99 12.51 11.70
0100000000000000001 60129 312662775744007 111110000000000000 312662775744001 16.99 12.51 11.70
0100000000000000001 60129 312662775744007 111000000000000000 312662775744002 16.99 12.51 9.00
0100000000000000001 60129 312662775744007 111000000000000000 312662775744003 16.99 12.51 9.00
0100000000000000001 60129 312662775744007 110000000000000000 312662775744004 16.99 12.51 9.00
0100000000000000001 60129 312662775744007 110000000000000000 312662775744005 16.99 12.51 9.00
0100000000000000001 60129 312662775744007 110000000000000001 312662775744006 16.99 14.59 11.70
0100000000000000001 67610 605730034705337 100000000000000011 005730034705337 16.99 14.59 11.70
0100000000000000001 67610 605730034705337 100000000000000011 105730034705337 16.99 14.59 11.70
0100000000000000001 67610 605730034705337 100000000000000011 205730034705337 16.99 14.59 11.70
0100000000000000001 67610 605730034705337 100000000000000011 305730034705337 16.99 14.59 11.70
0100000000000000001 67610 605730034705337 100000000000000011 405730034705337 16.99 14.59 11.70
0100000000000000001 67610 605730034705337 100000000000000011 505730034705337 16.99 14.59 11.70
0100000000000000001 67610 605730034705337 100000000000000001 705730034705337 16.99 12.51 6.40
0100000000000000001 67610 605730034705337 100000000000000011 615730034705337 16.99 14.59 11.70
0100000000000000001 67610 605730034705337 100000000000000011 625730034705337 16.99 14.59 11.70
0100000000000000001 67610 605730034705337 110000000000000011 635730034705337 16.99 16.68 11.70
0100000000000000001 67610 605730034705337 110000000000000011 645730034705337 16.99 16.68 11.70
0100000000000000001 67610 605730034705337 110000000000000001 655730034705337 16.99 14.59 11.70
0100000000000000001 67610 605730034705337 110000000000000001 665730034705337 16.99 14.59 11.70
0100000000000000001 67610 605730034705337 110000000000000001 675730034705337 16.99 14.59 11.70
0100000000000000001 67610 605730034705337 111111111111110000 600730034705337 16.99 12.51 11.70
0100000000000000001 67610 605730034705337 111111111100000000 601730034705337 16.99 12.51 11.70
0100000000000000001 67610 605730034705337 111111100000000000 602730034705337 16.99 12.51 11.70
0100000000000000001 67610 605730034705337 110000000000000000 603730034705337 16.99 12.51 9.00
0100000000000000001 67610 605730034705337 100000000000000001 604730034705337 16.99 12.51 6.40
0100000000000000001 67610 605730034705337 100000000000000011 606730034705337 16.99 14.59 11.70
0100000000000000001 67610 605730034705337 100000000000000011 607730034705337 16.99 14.59 11.70
0100000000000000001 67610 605730034705337 110000000000000001 605030034705337 16.99 14.59 11.70
0100000000000000001 67610 605730034705337 110000000000000011 605130034705337 16.99 16.68 11.70
0100000000000000001 67610 605730034705337 100000000000000011 605230034705337 16.99 14.59 11.70
0100000000000000001 67610 605730034705337 100000000000000011 605330034705337 16.99 14.59 11.70
0100000000000000001 67610 605730034705337 100000000000000001 605430034705337 16.99 12.51 6.40
0100000000000000001 67610 605730034705337 100000000000000001 605530034705337 16.99 12.51 6.40
0100000000000000001 67610 605730034705337 100000000000000001 605630034705337 16.99 12.51 6.40
0100000000000000001 67610 605730034705337 100000000000000000 605700034705337 16.99 10.42 6.40
0100000000000000001 67610 605730034705337 100000000000000001 605710034705337 16.99 12.51 6.40
0100000000000000001 67610 605730034705337 100000000000000001 605720034705337 16.99 12.51 6.40
0100000000000000001 67610 605730034705337 100000000000000001 605740034705337 16.99 12.51 6.40
0100000000000000001 67610 605730034705337 100000000000000011 605750034705337 16.99 14.59 11.70
0100000000000000001 67610 605730034705337 100000000000000011 605760034705337 16.99 14.59 11.70
0100000000000000001 67610 605730034705337 100000000000000011 605770034705337 16.99 14.59 11.70
0100000000000000001 67610 605730034705337 100000000000000001 605731034705337 16.99 12.51 6.40
0100000000000000001 67610 605730034705337 110000000000000001 605732034705337 16.99 14.59 11.70
0100000000000000001 67610 605730034705337 111110000000000001 605733034705337 16.99 14.59 14.30
0100000000000000001 67610 605730034705337 111111111000000000 605734034705337 16.99 12.51 11.70
0100000000000000001 67610 605730034705337 111111111110000000 605735034705337 16.99 12.51 11.70
0100000000000000001 67610 605730034705337 111111111111100000 605736034705337 16.99 12.51 11.70
0100000000000000001 67610 605730034705337 111111111111110000 605737034705337 16.99 12.51 11.70
0100000000000000001 67610 605730034705337 100000000000000011 605730134705337 16.99 14.59 11.70
0100000000000000001 67610 605730034705337 110000000000000001 605730234705337 16.99 14.59 11.70
0100000000000000001 67610 605730034705337 110000000000000000 605730334705337 16.99 12.51 9.00
0100000000000000001 67610 605730034705337 111000000000000000 605730434705337 16.99 12.51 9.00
0100000000000000001 67610 605730034705337 111000000000000000 605730534705337 16.99 12.51 9.00
0100000000000000001 67610 605730034705337 111100000000000000 605730634705337 16.99 12.51 11.70
0100000000000000001 67610 605730034705337 111100000000000000 605730734705337 16.99 12.51 11.70
0100000000000000001 67610 605730034705337 100000000000000001 605730004705337 16.99 12.51 6.40
0100000000000000001 67610 605730034705337 100000000000000001 605730014705337 16.99 12.51 6.40
0100000000000000001 67610 605730034705337 100000000000000001 605730024705337 16.99 12.51 6.40
0100000000000000001 67610 605730034705337 100000000000000001 605730044705337 16.99 12.51 6.40
0100000000000000001 67610 605730034705337 100000000000000001 605730054705337 16.99 12.51 6.40
0100000000000000001 67610 605730034705337 100000000000000001 605730064705337 16.99 12.51 6.40
0100000000000000001 67610 605730034705337 100000000000000001 605730074705337 16.99 12.51 6.40
0100000000000000001 67610 605730034705337 110000000000000001 605730030705337 16.99 14.59 11.70
0100000000000000001 67610 605730034705337 110000000000000001 605730031705337 16.99 14.59 11.70
0100000000000000001 67610 605730034705337 100000000000000001 605730032705337 16.99 12.51 6.40
0100000000000000001 67610 605730034705337 100000000000000001 605730033705337 16.99 12.51 6.40
0100000000000000001 67610 605730034705337 100000000000000001 605730035705337 16.99 12.51 6.40
0100000000000000001 67610 605730034705337 100000000000000001 605730036705337 16.99 12.51 6.40
0100000000000000001 67610 605730034705337 100000000000000001 605730037705337 16.99 12.51 6.40
0100000000000000001 67610 605730034705337 111100000000000000 605730034005337 16.99 12.51 11.70
0100000000000000001 67610 605730034705337 110000000000000001 605730034105337 16.99 14.59 11.70
0100000000000000001 67610 605730034705337 110000000000000011 605730034205337 16.99 16.68 11.70
0100000000000000001 67610 605730034705337 100000000000000011 605730034305337 16.99 14.59 11.70
0100000000000000001 67610 605730034705337 100000000000000011 605730034405337 16.99 14.59 11.70
0100000000000000001 67610 605730034705337 100000000000000011 605730034505337 16.99 14.59 11.70
0100000000000000001 67610 605730034705337 100000000000000001 605730034605337 16.99 12.51 6.40
0100000000000000001 67610 605730034705337 100000000000011111 605730034715337 16.99 14.59 11.70
0100000000000000001 67610 605730034705337 100000000000111111 605730034725337 16.99 14.59 11.70
0100000000000000001 67610 605730034705337 100000000001111111 605730034735337 16.99 14.59 11.70
0100000000000000001 67610 605730034705337 100000000011111111 605730034745337 16.99 14.59 11.70
0100000000000000001 67610 605730034705337 100000000011111111 605730034755337 16.99 14.59 11.70
0100000000000000001 67610 605730034705337 100000000111111111 605730034765337 16.99 14.59 11.70
0100000000000000001 67610 605730034705337 100000000111111111 605730034775337 16.99 14.59 11.70
0100000000000000001 67610 605730034705337 111111111111111111 605730034700337 16.99 4.17 6.40
0100000000000000001 67610 605730034705337 111111111111111111 605730034701337 16.99 4.17 6.40
0100000000000000001 67610 605730034705337 111111111111111111 605730034702337 16.99 4.17 6.40
0100000000000000001 67610 605730034705337 110000000000000000 605730034703337 16.99 12.51 9.00
0100000000000000001 67610 605730034705337 100000000000000001 605730034704337 16.99 12.51 6.40
0100000000000000001 67610 605730034705337 100000000000000001 605730034706337 16.99 12.51 6.40
0100000000000000001 67610 605730034705337 100000000000000001 605730034707337 16.99 12.51 6.40
0100000000000000001 67610 605730034705337 100000000000000000 605730034705037 16.99 10.42 6.40
0100000000000000001 67610 605730034705337 100000000000000000 605730034705137 16.99 10.42 6.40
0100000000000000001 67610 605730034705337 100000000000000000 605730034705237 16.99 10.42 6.40
0100000000000000001 67610 605730034705337 100000000000000111 605730034705437 16.99 14.59 11.70
0100000000000000001 67610 605730034705337 100000000000001111 605730034705537 16.99 14.59 11.70
0100000000000000001 67610 605730034705337 100000000000011111 605730034705637 16.99 14.59 11.70
0100000000000000001 67610 605730034705337 100000000000011111 605730034705737 16.99 14.59 11.70
0100000000000000001 67610 605730034705337 111111111000000000 605730034705307 16.99 12.51 11.70
0100000000000000001 67610 605730034705337 111100000000000000 605730034705317 16.99 12.51 11.70
0100000000000000001 67610 605730034705337 100000000000000001 605730034705327 16.99 12.51 6.40
0100000000000000001 67610 605730034705337 100000000000000011 605730034705347 16.99 14.59 11.70
0100000000000000001 67610 605730034705337 100000000000000011 605730034705357 16.99 14.59 11.70
0100000000000000001 67610 605730034705337 100000000000000011 605730034705367 16.99 14.59 11.70
0100000000000000001 67610 605730034705337 100000000000000011 605730034705377 16.99 14.59 11.70
0100000000000000001 67610 605730034705337 111000000000000000 605730034705330 16.99 12.51 9.00
0100000000000000001 67610 605730034705337 110000000000000001 605730034705331 16.99 14.59 11.70
0100000000000000001 67610 605730034705337 110000000000000001 605730034705332 16.99 14.59 11.70
0100000000000000001 67610 605730034705337 100000000000000001 605730034705333 16.99 12.51 6.40
0100000000000000001 67610 605730034705337 100000000000000001 605730034705334 16.99 12.51 6.40
0100000000000000001 67610 605730034705337 100000000000000001 605730034705335 16.99 12.51 6.40
0100000000000000001 67610 605730034705337 100000000000000001 605730034705336 16.99 12.51 6.40
0100000000000000001 69244 506471066413337 110000000000000001 006471066413337 16.99 14.59 11.70
0100000000000000001 69244 506471066413337 110000000000000001 106471066413337 16.99 14.59 11.70
0100000000000000001 69244 506471066413337 110000000000000001 206471066413337 16.99 14.59 11.70
0100000000000000001 69244 506471066413337 100000000000000001 306471066413337 16.99 12.51 6.40
0100000000000000001 69244 506471066413337 100000000000000001 406471066413337 16.99 12.51 6.40
0100000000000000001 69244 506471066413337 100000000000000011 606471066413337 16.99 14.59 11.70
0100000000000000001 69244 506471066413337 100000000000000011 706471066413337 16.99 14.59 11.70
0100000000000000001 69244 506471066413337 110000000000000000 516471066413337 16.99 12.51 9.00
0100000000000000001 69244 506471066413337 110000000000000000 526471066413337 16.99 12.51 9.00
0100000000000000001 69244 506471066413337 110000000000000000 536471066413337 16.99 12.51 9.00
0100000000000000001 69244 506471066413337 110000000000000000 546471066413337 16.99 12.51 9.00
0100000000000000001 69244 506471066413337 110000000000000000 556471066413337 16.99 12.51 9.00
0100000000000000001 69244 506471066413337 111000000000000000 566471066413337 16.99 12.51 9.00
0100000000000000001 69244 506471066413337 111000000000000000 576471066413337 16.99 12.51 9.00
0100000000000000001 69244 506471066413337 111111111111111111 500471066413337 16.99 4.17 6.40
0100000000000000001 69244 506471066413337 111111111111111111 501471066413337 16.99 4.17 6.40
0100000000000000001 69244 506471066413337 111111111111111111 502471066413337 16.99 4.17 6.40
0100000000000000001 69244 506471066413337 110000000000001111 503471066413337 16.99 16.68 11.70
0100000000000000001 69244 506471066413337 100000000000000011 504471066413337 16.99 14.59 11.70
0100000000000000001 69244 506471066413337 100000000000000011 505471066413337 16.99 14.59 11.70
0100000000000000001 69244 506471066413337 100000000000000001 507471066413337 16.99 12.51 6.40
0100000000000000001 69244 506471066413337 110000000000000000 506071066413337 16.99 12.51 9.00
0100000000000000001 69244 506471066413337 110000000000000000 506171066413337 16.99 12.51 9.00
0100000000000000001 69244 506471066413337 110000000000000000 506271066413337 16.99 12.51 9.00
0100000000000000001 69244 506471066413337 100000000000000001 506371066413337 16.99 12.51 6.40
0100000000000000001 69244 506471066413337 100000000000000011 506571066413337 16.99 14.59 11.70
0100000000000000001 69244 506471066413337 100000000000000011 506671066413337 16.99 14.59 11.70
0100000000000000001 69244 506471066413337 100000000000000011 506771066413337 16.99 14.59 11.70
0100000000000000001 69244 506471066413337 110000000000000011 506401066413337 16.99 16.68 11.70
0100000000000000001 69244 506471066413337 110000000000000011 506411066413337 16.99 16.68 11.70
0100000000000000001 69244 506471066413337 100000000000000011 506421066413337 16.99 14.59 11.70
0100000000000000001 69244 506471066413337 100000000000000011 506431066413337 16.99 14.59 11.70
0100000000000000001 69244 506471066413337 100000000000000011 506441066413337 16.99 14.59 11.70
0100000000000000001 69244 506471066413337 100000000000000011 506451066413337 16.99 14.59 11.70
0100000000000000001 69244 506471066413337 100000000000000001 506461066413337 16.99 12.51 6.40
0100000000000000001 69244 506471066413337 100000000000000001 506470066413337 16.99 12.51 6.40
0100000000000000001 69244 506471066413337 100000000000000011 506472066413337 16.99 14.59 11.70
0100000000000000001 69244 506471066413337 110000000000000111 506473066413337 16.99 16.68 11.70
0100000000000000001 69244 506471066413337 111111111111111111 506474066413337 16.99 4.17 6.40
0100000000000000001 69244 506471066413337 111111111111111111 506475066413337 16.99 4.17 6.40
0100000000000000001 69244 506471066413337 111111111111111111 506476066413337 16.99 4.17 6.40
0100000000000000001 69244 506471066413337 111111111111111111 506477066413337 16.99 4.17 6.40
0100000000000000001 69244 506471066413337 110000000000000000 506471166413337 16.99 12.51 9.00
0100000000000000001 69244 506471066413337 111000000000000000 506471266413337 16.99 12.51 9.00
0100000000000000001 69244 506471066413337 111100000000000000 506471366413337 16.99 12.51 11.70
0100000000000000001 69244 506471066413337 111100000000000000 506471466413337 16.99 12.51 11.70
0100000000000000001 69244 506471066413337 111110000000000000 506471566413337 16.99 12.51 11.70
0100000000000000001 69244 506471066413337 111110000000000000 506471666413337 16.99 12.51 11.70
0100000000000000001 69244 506471066413337 111111000000000000 506471766413337 16.99 12.51 11.70
0100000000000000001 69244 506471066413337 100000000000000001 506471006413337 16.99 12.51 6.40
0100000000000000001 69244 506471066413337 100000000000000001 506471016413337 16.99 12.51 6.40
0100000000000000001 69244 506471066413337 100000000000000001 506471026413337 16.99 12.51 6.40
0100000000000000001 69244 506471066413337 100000000000000001 506471036413337 16.99 12.51 6.40
0100000000000000001 69244 506471066413337 100000000000000001 506471046413337 16.99 12.51 6.40
0100000000000000001 69244 506471066413337 100000000000000001 506471056413337 16.99 12.51 6.40
0100000000000000001 69244 506471066413337 100000000000000001 506471076413337 16.99 12.51 6.40
0100000000000000001 69244 506471066413337 111110000000000000 506471060413337 16.99 12.51 11.70
0100000000000000001 69244 506471066413337 111000000000000000 506471061413337 16.99 12.51 9.00
0100000000000000001 69244 506471066413337 111000000000000000 506471062413337 16.99 12.51 9.00
0100000000000000001 69244 506471066413337 110000000000000000 506471063413337 16.99 12.51 9.00
0100000000000000001 69244 506471066413337 110000000000000000 506471064413337 16.99 12.51 9.00
0100000000000000001 69244 506471066413337 110000000000000001 506471065413337 16.99 14.59 11.70
0100000000000000001 69244 506471066413337 100000000000000011 506471067413337 16.99 14.59 11.70
0100000000000000001 69244 506471066413337 111110000000000000 506471066013337 16.99 12.51 11.70
0100000000000000001 69244 506471066413337 111000000000000000 506471066113337 16.99 12.51 9.00
0100000000000000001 69244 506471066413337 110000000000000000 506471066213337 16.99 12.51 9.00
0100000000000000001 69244 506471066413337 110000000000000000 506471066313337 16.99 12.51 9.00
0100000000000000001 69244 506471066413337 100000000000000011 506471066513337 16.99 14.59 11.70
0100000000000000001 69244 506471066413337 100000000000000111 506471066613337 16.99 14.59 11.70
0100000000000000001 69244 506471066413337 110000000000001111 506471066713337 16.99 16.68 11.70
0100000000000000001 69244 506471066413337 100000000000000000 506471066403337 16.99 10.42 6.40
0100000000000000001 69244 506471066413337 100000000000000111 506471066423337 16.99 14.59 11.70
0100000000000000001 69244 506471066413337 100000000000000111 506471066433337 16.99 14.59 11.70
0100000000000000001 69244 506471066413337 100000000000001111 506471066443337 16.99 14.59 11.70
0100000000000000001 69244 506471066413337 110000000000001111 506471066453337 16.99 16.68 11.70
0100000000000000001 69244 506471066413337 110000000000001111 506471066463337 16.99 16.68 11.70
0100000000000000001 69244 506471066413337 110000000000001111 506471066473337 16.99 16.68 11.70
0100000000000000001 69244 506471066413337 111111111111111111 506471066410337 16.99 4.17 6.40
0100000000000000001 69244 506471066413337 110000000000000000 506471066411337 16.99 12.51 9.00
0100000000000000001 69244 506471066413337 110000000000000000 506471066412337 16.99 12.51 9.00
0100000000000000001 69244 506471066413337 100000000000000111 506471066414337 16.99 14.59 11.70
0100000000000000001 69244 506471066413337 100000000000011111 506471066415337 16.99 14.59 11.70
0100000000000000001 69244 506471066413337 100000000000111111 506471066416337 16.99 14.59 11.70
0100000000000000001 69244 506471066413337 100000000000111111 506471066417337 16.99 14.59 11.70
0100000000000000001 69244 506471066413337 100000000000000000 506471066413037 16.99 10.42 6.40
0100000000000000001 69244 506471066413337 100000000000000000 506471066413137 16.99 10.42 6.40
0100000000000000001 69244 506471066413337 100000000000000000 506471066413237 16.99 10.42 6.40
0100000000000000001 69244 506471066413337 100000000000000011 506471066413437 16.99 14.59 11.70
0100000000000000001 69244 506471066413337 100000000000000111 506471066413537 16.99 14.59 11.70
0100000000000000001 69244 506471066413337 100000000000000111 506471066413637 16.99 14.59 11.70
0100000000000000001 69244 506471066413337 100000000000001111 506471066413737 16.99 14.59 11.70
0100000000000000001 69244 506471066413337 111111111111111111 506471066413307 16.99 4.17 6.40
0100000000000000001 69244 506471066413337 111111111111111111 506471066413317 16.99 4.17 6.40
0100000000000000001 69244 506471066413337 100000000000000111 506471066413327 16.99 14.59 11.70
0100000000000000001 69244 506471066413337 110000000000000000 506471066413347 16.99 12.51 9.00
0100000000000000001 69244 506471066413337 110000000000000000 506471066413357 16.99 12.51 9.00
0100000000000000001 69244 506471066413337 110000000000000000 506471066413367 16.99 12.51 9.00
0100000000000000001 69244 506471066413337 110000000000000000 506471066413377 16.99 12.51 9.00
0100000000000000001 69244 506471066413337 111111000000000000 506471066413330 16.99 12.51 11.70
0100000000000000001 69244 506471066413337 111100000000000000 506471066413331 16.99 12.51 11.70
0100000000000000001 69244 506471066413337 111000000000000000 506471066413332 16.99 12.51 9.00
0100000000000000001 69244 506471066413337 110000000000000000 506471066413333 16.99 12.51 9.00
0100000000000000001 69244 506471066413337 110000000000000000 506471066413334 16.99 12.51 9.00
0100000000000000001 69244 506471066413337 110000000000000000 506471066413335 16.99 12.51 9.00
0100000000000000001 69244 506471066413337 110000000000000001 506471066413336 16.99 14.59 11.70
