ParentPhenotype line ParentGenotype MutantPhenotype MutantGenotype KC_col1 KC_col4 Conditional_Complexity
0111111100000000001 439 422604366235633 111111110000000011 022604366235633 16.99 16.68 14.30
0111111100000000001 439 422604366235633 111111110000000011 122604366235633 16.99 16.68 14.30
0111111100000000001 439 422604366235633 111111110000000011 222604366235633 16.99 16.68 14.30
0111111100000000001 439 422604366235633 111111110000000011 322604366235633 16.99 16.68 14.30
0111111100000000001 439 422604366235633 111111100000000001 522604366235633 16.99 14.59 9.00
0111111100000000001 439 422604366235633 111111100000000001 622604366235633 16.99 14.59 9.00
0111111100000000001 439 422604366235633 111111100000000001 722604366235633 16.99 14.59 9.00
0111111100000000001 439 422604366235633 111111100000000011 402604366235633 16.99 16.68 11.70
0111111100000000001 439 422604366235633 111111100000000011 412604366235633 16.99 16.68 11.70
0111111100000000001 439 422604366235633 111111110000000001 432604366235633 16.99 14.59 11.70
0111111100000000001 439 422604366235633 111111110000000001 442604366235633 16.99 14.59 11.70
0111111100000000001 439 422604366235633 111111110000000001 452604366235633 16.99 14.59 11.70
0111111100000000001 439 422604366235633 111111110000000001 462604366235633 16.99 14.59 11.70
0111111100000000001 439 422604366235633 111111110000000001 472604366235633 16.99 14.59 11.70
0111111100000000001 439 422604366235633 111111100000000001 420604366235633 16.99 14.59 9.00
0111111100000000001 439 422604366235633 111111100000000001 421604366235633 16.99 14.59 9.00
0111111100000000001 439 422604366235633 111111110000000011 423604366235633 16.99 16.68 14.30
0111111100000000001 439 422604366235633 111111110000000011 424604366235633 16.99 16.68 14.30
0111111100000000001 439 422604366235633 111111110000000011 425604366235633 16.99 16.68 14.30
0111111100000000001 439 422604366235633 111111110000000011 426604366235633 16.99 16.68 14.30
0111111100000000001 439 422604366235633 111111110000000011 427604366235633 16.99 16.68 14.30
0111111100000000001 439 422604366235633 111111111000000000 422004366235633 16.99 12.51 9.00
0111111100000000001 439 422604366235633 111111110000000001 422104366235633 16.99 14.59 11.70
0111111100000000001 439 422604366235633 111111110000000001 422204366235633 16.99 14.59 11.70
0111111100000000001 439 422604366235633 111111110000000001 422304366235633 16.99 14.59 11.70
0111111100000000001 439 422604366235633 111111110000000001 422404366235633 16.99 14.59 11.70
0111111100000000001 439 422604366235633 111111100000000001 422504366235633 16.99 14.59 9.00
0111111100000000001 439 422604366235633 111111100000000011 422704366235633 16.99 16.68 11.70
0111111100000000001 439 422604366235633 111111100000000001 422614366235633 16.99 14.59 9.00
0111111100000000001 439 422604366235633 111111100000000000 422624366235633 16.99 12.51 6.40
0111111100000000001 439 422604366235633 111111100000000000 422634366235633 16.99 12.51 6.40
0111111100000000001 439 422604366235633 111111100000000000 422644366235633 16.99 12.51 6.40
0111111100000000001 439 422604366235633 111111100000000000 422654366235633 16.99 12.51 6.40
0111111100000000001 439 422604366235633 111111100000000000 422664366235633 16.99 12.51 6.40
0111111100000000001 439 422604366235633 111111100000000000 422674366235633 16.99 12.51 6.40
0111111100000000001 439 422604366235633 111111110000000000 422600366235633 16.99 12.51 9.00
0111111100000000001 439 422604366235633 111111100000000000 422601366235633 16.99 12.51 6.40
0111111100000000001 439 422604366235633 111111100000000001 422602366235633 16.99 14.59 9.00
0111111100000000001 439 422604366235633 111111100000000001 422603366235633 16.99 14.59 9.00
0111111100000000001 439 422604366235633 111111100000000011 422605366235633 16.99 16.68 11.70
0111111100000000001 439 422604366235633 111111100000000011 422606366235633 16.99 16.68 11.70
0111111100000000001 439 422604366235633 111111100000000011 422607366235633 16.99 16.68 11.70
0111111100000000001 439 422604366235633 111000000000111111 422604066235633 16.99 16.68 14.30
0111111100000000001 439 422604366235633 111110000000011111 422604166235633 16.99 16.68 14.30
0111111100000000001 439 422604366235633 111111000000000111 422604266235633 16.99 16.68 11.70
0111111100000000001 439 422604366235633 111111111000000000 422604466235633 16.99 12.51 9.00
0111111100000000001 439 422604366235633 111111111100000000 422604566235633 16.99 12.51 11.70
0111111100000000001 439 422604366235633 111111111110000000 422604666235633 16.99 12.51 11.70
0111111100000000001 439 422604366235633 111111111111000000 422604766235633 16.99 12.51 11.70
0111111100000000001 439 422604366235633 111111100000000001 422604306235633 16.99 14.59 9.00
0111111100000000001 439 422604366235633 111111100000000001 422604316235633 16.99 14.59 9.00
0111111100000000001 439 422604366235633 111111100000000001 422604326235633 16.99 14.59 9.00
0111111100000000001 439 422604366235633 111111100000000001 422604336235633 16.99 14.59 9.00
0111111100000000001 439 422604366235633 111111100000000001 422604346235633 16.99 14.59 9.00
0111111100000000001 439 422604366235633 111111100000000001 422604356235633 16.99 14.59 9.00
0111111100000000001 439 422604366235633 111111100000000001 422604376235633 16.99 14.59 9.00
0111111100000000001 439 422604366235633 111111111111111111 422604360235633 16.99 4.17 6.40
0111111100000000001 439 422604366235633 111111111111111111 422604361235633 16.99 4.17 6.40
0111111100000000001 439 422604366235633 111111111111100000 422604362235633 16.99 12.51 11.70
0111111100000000001 439 422604366235633 111111111110000000 422604363235633 16.99 12.51 11.70
0111111100000000001 439 422604366235633 111111111000000000 422604364235633 16.99 12.51 9.00
0111111100000000001 439 422604366235633 111111110000000001 422604365235633 16.99 14.59 11.70
0111111100000000001 439 422604366235633 111111100000000011 422604367235633 16.99 16.68 11.70
0111111100000000001 439 422604366235633 111111111111111111 422604366035633 16.99 4.17 6.40
0111111100000000001 439 422604366235633 111111111100000000 422604366135633 16.99 12.51 11.70
0111111100000000001 439 422604366235633 111111000000000111 422604366335633 16.99 16.68 11.70
0111111100000000001 439 422604366235633 111110000000001111 422604366435633 16.99 16.68 14.30
0111111100000000001 439 422604366235633 111110000000001111 422604366535633 16.99 16.68 14.30
0111111100000000001 439 422604366235633 111100000000011111 422604366635633 16.99 16.68 14.30
0111111100000000001 439 422604366235633 111100000000011111 422604366735633 16.99 16.68 14.30
0111111100000000001 439 422604366235633 111111000000000000 422604366205633 16.99 12.51 9.00
0111111100000000001 439 422604366235633 111111000000000001 422604366215633 16.99 14.59 11.70
0111111100000000001 439 422604366235633 111111100000000011 422604366225633 16.99 16.68 11.70
0111111100000000001 439 422604366235633 111111110000000001 422604366245633 16.99 14.59 11.70
0111111100000000001 439 422604366235633 111111111000000001 422604366255633 16.99 14.59 14.30
0111111100000000001 439 422604366235633 111111111000000000 422604366265633 16.99 12.51 9.00
0111111100000000001 439 422604366235633 111111111100000000 422604366275633 16.99 12.51 11.70
0111111100000000001 439 422604366235633 111111111111111111 422604366230633 16.99 4.17 6.40
0111111100000000001 439 422604366235633 111111111111111111 422604366231633 16.99 4.17 6.40
0111111100000000001 439 422604366235633 111111111111100000 422604366232633 16.99 12.51 11.70
0111111100000000001 439 422604366235633 111111111100000000 422604366233633 16.99 12.51 11.70
0111111100000000001 439 422604366235633 111111111000000000 422604366234633 16.99 12.51 9.00
0111111100000000001 439 422604366235633 111111100000000111 422604366236633 16.99 16.68 14.30
0111111100000000001 439 422604366235633 111111000000011111 422604366237633 16.99 16.68 14.30
0111111100000000001 439 422604366235633 111111100000000000 422604366235033 16.99 12.51 6.40
0111111100000000001 439 422604366235633 111111100000000000 422604366235133 16.99 12.51 6.40
0111111100000000001 439 422604366235633 111111100000000000 422604366235233 16.99 12.51 6.40
0111111100000000001 439 422604366235633 111111100000000000 422604366235333 16.99 12.51 6.40
0111111100000000001 439 422604366235633 111111100000000001 422604366235433 16.99 14.59 9.00
0111111100000000001 439 422604366235633 111111100000000001 422604366235533 16.99 14.59 9.00
0111111100000000001 439 422604366235633 111111100000000011 422604366235733 16.99 16.68 11.70
0111111100000000001 439 422604366235633 111000000000111111 422604366235603 16.99 16.68 14.30
0111111100000000001 439 422604366235633 111110000000001111 422604366235613 16.99 16.68 14.30
0111111100000000001 439 422604366235633 111111000000000111 422604366235623 16.99 16.68 11.70
0111111100000000001 439 422604366235633 111111111000000000 422604366235643 16.99 12.51 9.00
0111111100000000001 439 422604366235633 111111111100000000 422604366235653 16.99 12.51 11.70
0111111100000000001 439 422604366235633 111111111110000000 422604366235663 16.99 12.51 11.70
0111111100000000001 439 422604366235633 111111111111000000 422604366235673 16.99 12.51 11.70
0111111100000000001 439 422604366235633 111111111111111111 422604366235630 16.99 4.17 6.40
0111111100000000001 439 422604366235633 111111111111000000 422604366235631 16.99 12.51 11.70
0111111100000000001 439 422604366235633 111111111000000000 422604366235632 16.99 12.51 9.00
0111111100000000001 439 422604366235633 111111000000000011 422604366235634 16.99 16.68 9.00
0111111100000000001 439 422604366235633 111111000000000111 422604366235635 16.99 16.68 11.70
0111111100000000001 439 422604366235633 111110000000001111 422604366235636 16.99 16.68 14.30
0111111100000000001 439 422604366235633 111110000000001111 422604366235637 16.99 16.68 14.30
0111111100000000001 494 645607303415400 111111111000000001 045607303415400 16.99 14.59 14.30
0111111100000000001 494 645607303415400 111111110000000001 145607303415400 16.99 14.59 11.70
0111111100000000001 494 645607303415400 111111110000000001 245607303415400 16.99 14.59 11.70
0111111100000000001 494 645607303415400 111111110000000001 345607303415400 16.99 14.59 11.70
0111111100000000001 494 645607303415400 111111110000000001 445607303415400 16.99 14.59 11.70
0111111100000000001 494 645607303415400 111111100000000001 545607303415400 16.99 14.59 9.00
0111111100000000001 494 645607303415400 111111100000000001 745607303415400 16.99 14.59 9.00
0111111100000000001 494 645607303415400 111111000000000011 605607303415400 16.99 16.68 9.00
0111111100000000001 494 645607303415400 111111000000000001 615607303415400 16.99 14.59 11.70
0111111100000000001 494 645607303415400 111111100000000001 625607303415400 16.99 14.59 9.00
0111111100000000001 494 645607303415400 111111100000000001 635607303415400 16.99 14.59 9.00
0111111100000000001 494 645607303415400 111111110000000001 655607303415400 16.99 14.59 11.70
0111111100000000001 494 645607303415400 111111110000000001 665607303415400 16.99 14.59 11.70
0111111100000000001 494 645607303415400 111111110000000000 675607303415400 16.99 12.51 9.00
0111111100000000001 494 645607303415400 111111000000000000 640607303415400 16.99 12.51 9.00
0111111100000000001 494 645607303415400 111111000000000000 641607303415400 16.99 12.51 9.00
0111111100000000001 494 645607303415400 111111100000000001 642607303415400 16.99 14.59 9.00
0111111100000000001 494 645607303415400 111111100000000001 643607303415400 16.99 14.59 9.00
0111111100000000001 494 645607303415400 111111100000000001 644607303415400 16.99 14.59 9.00
0111111100000000001 494 645607303415400 111111100000000001 646607303415400 16.99 14.59 9.00
0111111100000000001 494 645607303415400 111111110000000001 647607303415400 16.99 14.59 11.70
0111111100000000001 494 645607303415400 111111111111000000 645007303415400 16.99 12.51 11.70
0111111100000000001 494 645607303415400 111111111100000000 645107303415400 16.99 12.51 11.70
0111111100000000001 494 645607303415400 111111111000000000 645207303415400 16.99 12.51 9.00
0111111100000000001 494 645607303415400 111111110000000000 645307303415400 16.99 12.51 9.00
0111111100000000001 494 645607303415400 111111110000000001 645407303415400 16.99 14.59 11.70
0111111100000000001 494 645607303415400 111111110000000001 645507303415400 16.99 14.59 11.70
0111111100000000001 494 645607303415400 111111100000000001 645707303415400 16.99 14.59 9.00
0111111100000000001 494 645607303415400 111111100000000001 645617303415400 16.99 14.59 9.00
0111111100000000001 494 645607303415400 111111100000000000 645627303415400 16.99 12.51 6.40
0111111100000000001 494 645607303415400 111111100000000000 645637303415400 16.99 12.51 6.40
0111111100000000001 494 645607303415400 111111100000000000 645647303415400 16.99 12.51 6.40
0111111100000000001 494 645607303415400 111111100000000000 645657303415400 16.99 12.51 6.40
0111111100000000001 494 645607303415400 111111100000000000 645667303415400 16.99 12.51 6.40
0111111100000000001 494 645607303415400 111111100000000000 645677303415400 16.99 12.51 6.40
0111111100000000001 494 645607303415400 111111110000000000 645600303415400 16.99 12.51 9.00
0111111100000000001 494 645607303415400 111111110000000000 645601303415400 16.99 12.51 9.00
0111111100000000001 494 645607303415400 111111100000000000 645602303415400 16.99 12.51 6.40
0111111100000000001 494 645607303415400 111111100000000000 645603303415400 16.99 12.51 6.40
0111111100000000001 494 645607303415400 111111100000000001 645604303415400 16.99 14.59 9.00
0111111100000000001 494 645607303415400 111111100000000001 645605303415400 16.99 14.59 9.00
0111111100000000001 494 645607303415400 111111100000000001 645606303415400 16.99 14.59 9.00
0111111100000000001 494 645607303415400 111111111111000000 645607003415400 16.99 12.51 11.70
0111111100000000001 494 645607303415400 111111000000000000 645607103415400 16.99 12.51 9.00
0111111100000000001 494 645607303415400 111111100000000001 645607203415400 16.99 14.59 9.00
0111111100000000001 494 645607303415400 111111110000000000 645607403415400 16.99 12.51 9.00
0111111100000000001 494 645607303415400 111111111000000000 645607503415400 16.99 12.51 9.00
0111111100000000001 494 645607303415400 111111111100000000 645607603415400 16.99 12.51 11.70
0111111100000000001 494 645607303415400 111111111100000000 645607703415400 16.99 12.51 11.70
0111111100000000001 494 645607303415400 111111100000000001 645607313415400 16.99 14.59 9.00
0111111100000000001 494 645607303415400 111111100000000001 645607323415400 16.99 14.59 9.00
0111111100000000001 494 645607303415400 111111100000000001 645607333415400 16.99 14.59 9.00
0111111100000000001 494 645607303415400 111111100000000001 645607343415400 16.99 14.59 9.00
0111111100000000001 494 645607303415400 111111100000000001 645607353415400 16.99 14.59 9.00
0111111100000000001 494 645607303415400 111111100000000001 645607363415400 16.99 14.59 9.00
0111111100000000001 494 645607303415400 111111100000000001 645607373415400 16.99 14.59 9.00
0111111100000000001 494 645607303415400 111111111111111100 645607300415400 16.99 12.51 11.70
0111111100000000001 494 645607303415400 111111111110000000 645607301415400 16.99 12.51 11.70
0111111100000000001 494 645607303415400 111111111000000000 645607302415400 16.99 12.51 9.00
0111111100000000001 494 645607303415400 111111100000000011 645607304415400 16.99 16.68 11.70
0111111100000000001 494 645607303415400 111111000000000011 645607305415400 16.99 16.68 9.00
0111111100000000001 494 645607303415400 111111000000000011 645607306415400 16.99 16.68 9.00
0111111100000000001 494 645607303415400 111110000000000111 645607307415400 16.99 16.68 11.70
0111111100000000001 494 645607303415400 111111111111111111 645607303015400 16.99 4.17 6.40
0111111100000000001 494 645607303415400 111111111111000000 645607303115400 16.99 12.51 11.70
0111111100000000001 494 645607303415400 111111111100000000 645607303215400 16.99 12.51 11.70
0111111100000000001 494 645607303415400 111111110000000000 645607303315400 16.99 12.51 9.00
0111111100000000001 494 645607303415400 111111100000000001 645607303515400 16.99 14.59 9.00
0111111100000000001 494 645607303415400 111111000000000011 645607303615400 16.99 16.68 9.00
0111111100000000001 494 645607303415400 111111000000000011 645607303715400 16.99 16.68 9.00
0111111100000000001 494 645607303415400 111111100000000000 645607303405400 16.99 12.51 6.40
0111111100000000001 494 645607303415400 111111110000000001 645607303425400 16.99 14.59 11.70
0111111100000000001 494 645607303415400 111111110000000001 645607303435400 16.99 14.59 11.70
0111111100000000001 494 645607303415400 111111111000000001 645607303445400 16.99 14.59 14.30
0111111100000000001 494 645607303415400 111111111100000000 645607303455400 16.99 12.51 11.70
0111111100000000001 494 645607303415400 111111111100000000 645607303465400 16.99 12.51 11.70
0111111100000000001 494 645607303415400 111111111110000000 645607303475400 16.99 12.51 11.70
0111111100000000001 494 645607303415400 111111111111111111 645607303410400 16.99 4.17 6.40
0111111100000000001 494 645607303415400 111111111111110000 645607303411400 16.99 12.51 11.70
0111111100000000001 494 645607303415400 111111111110000000 645607303412400 16.99 12.51 11.70
0111111100000000001 494 645607303415400 111111111000000000 645607303413400 16.99 12.51 9.00
0111111100000000001 494 645607303415400 111111110000000000 645607303414400 16.99 12.51 9.00
0111111100000000001 494 645607303415400 111111100000000011 645607303416400 16.99 16.68 11.70
0111111100000000001 494 645607303415400 111111000000000111 645607303417400 16.99 16.68 11.70
0111111100000000001 494 645607303415400 111111100000000000 645607303415000 16.99 12.51 6.40
0111111100000000001 494 645607303415400 111111100000000000 645607303415100 16.99 12.51 6.40
0111111100000000001 494 645607303415400 111111100000000000 645607303415200 16.99 12.51 6.40
0111111100000000001 494 645607303415400 111111100000000000 645607303415300 16.99 12.51 6.40
0111111100000000001 494 645607303415400 111111100000000001 645607303415500 16.99 14.59 9.00
0111111100000000001 494 645607303415400 111111100000000011 645607303415600 16.99 16.68 11.70
0111111100000000001 494 645607303415400 111111100000000011 645607303415700 16.99 16.68 11.70
0111111100000000001 494 645607303415400 111111111100000000 645607303415410 16.99 12.51 11.70
0111111100000000001 494 645607303415400 111111111111100000 645607303415420 16.99 12.51 11.70
0111111100000000001 494 645607303415400 111111111111111100 645607303415430 16.99 12.51 11.70
0111111100000000001 494 645607303415400 111111111111111111 645607303415440 16.99 4.17 6.40
0111111100000000001 494 645607303415400 111111111111111111 645607303415450 16.99 4.17 6.40
0111111100000000001 494 645607303415400 111111111111111111 645607303415460 16.99 4.17 6.40
0111111100000000001 494 645607303415400 111111111111111111 645607303415470 16.99 4.17 6.40
0111111100000000001 494 645607303415400 111110000000000111 645607303415401 16.99 16.68 11.70
0111111100000000001 494 645607303415400 111100000000000111 645607303415402 16.99 16.68 14.30
0111111100000000001 494 645607303415400 111100000000001111 645607303415403 16.99 16.68 9.00
0111111100000000001 494 645607303415400 111000000000001111 645607303415404 16.99 16.68 11.70
0111111100000000001 494 645607303415400 111000000000001111 645607303415405 16.99 16.68 11.70
0111111100000000001 494 645607303415400 111000000000011111 645607303415406 16.99 16.68 9.00
0111111100000000001 494 645607303415400 111000000000011111 645607303415407 16.99 16.68 9.00
0111111100000000001 667 652256756217635 111111100000000011 052256756217635 16.99 16.68 11.70
0111111100000000001 667 652256756217635 111111100000000011 152256756217635 16.99 16.68 11.70
0111111100000000001 667 652256756217635 111111100000000011 252256756217635 16.99 16.68 11.70
0111111100000000001 667 652256756217635 111111100000000011 352256756217635 16.99 16.68 11.70
0111111100000000001 667 652256756217635 111111100000000001 452256756217635 16.99 14.59 9.00
0111111100000000001 667 652256756217635 111111100000000001 552256756217635 16.99 14.59 9.00
0111111100000000001 667 652256756217635 111111100000000001 752256756217635 16.99 14.59 9.00
0111111100000000001 667 652256756217635 111111000000000011 602256756217635 16.99 16.68 9.00
0111111100000000001 667 652256756217635 111111000000000011 612256756217635 16.99 16.68 9.00
0111111100000000001 667 652256756217635 111111000000000011 622256756217635 16.99 16.68 9.00
0111111100000000001 667 652256756217635 111111000000000001 632256756217635 16.99 14.59 11.70
0111111100000000001 667 652256756217635 111111100000000001 642256756217635 16.99 14.59 9.00
0111111100000000001 667 652256756217635 111111100000000001 662256756217635 16.99 14.59 9.00
0111111100000000001 667 652256756217635 111111100000000001 672256756217635 16.99 14.59 9.00
0111111100000000001 667 652256756217635 111111000000000001 650256756217635 16.99 14.59 11.70
0111111100000000001 667 652256756217635 111111000000000001 651256756217635 16.99 14.59 11.70
0111111100000000001 667 652256756217635 111111100000000001 653256756217635 16.99 14.59 9.00
0111111100000000001 667 652256756217635 111111100000000011 654256756217635 16.99 16.68 11.70
0111111100000000001 667 652256756217635 111111100000000011 655256756217635 16.99 16.68 11.70
0111111100000000001 667 652256756217635 111111100000000011 656256756217635 16.99 16.68 11.70
0111111100000000001 667 652256756217635 111111100000000011 657256756217635 16.99 16.68 11.70
0111111100000000001 667 652256756217635 111111100000000001 652056756217635 16.99 14.59 9.00
0111111100000000001 667 652256756217635 111111100000000001 652156756217635 16.99 14.59 9.00
0111111100000000001 667 652256756217635 111111000000000001 652356756217635 16.99 14.59 11.70
0111111100000000001 667 652256756217635 111111000000000001 652456756217635 16.99 14.59 11.70
0111111100000000001 667 652256756217635 111111000000000011 652556756217635 16.99 16.68 9.00
0111111100000000001 667 652256756217635 111111000000000011 652656756217635 16.99 16.68 9.00
0111111100000000001 667 652256756217635 111111000000000011 652756756217635 16.99 16.68 9.00
0111111100000000001 667 652256756217635 111111100000000111 652206756217635 16.99 16.68 14.30
0111111100000000001 667 652256756217635 111111100000000011 652216756217635 16.99 16.68 11.70
0111111100000000001 667 652256756217635 111111100000000011 652226756217635 16.99 16.68 11.70
0111111100000000001 667 652256756217635 111111100000000011 652236756217635 16.99 16.68 11.70
0111111100000000001 667 652256756217635 111111100000000001 652246756217635 16.99 14.59 9.00
0111111100000000001 667 652256756217635 111111100000000001 652266756217635 16.99 14.59 9.00
0111111100000000001 667 652256756217635 111111100000000001 652276756217635 16.99 14.59 9.00
0111111100000000001 667 652256756217635 111111100000000000 652250756217635 16.99 12.51 6.40
0111111100000000001 667 652256756217635 111111100000000000 652251756217635 16.99 12.51 6.40
0111111100000000001 667 652256756217635 111111100000000000 652252756217635 16.99 12.51 6.40
0111111100000000001 667 652256756217635 111111100000000001 652253756217635 16.99 14.59 9.00
0111111100000000001 667 652256756217635 111111100000000001 652254756217635 16.99 14.59 9.00
0111111100000000001 667 652256756217635 111111100000000001 652255756217635 16.99 14.59 9.00
0111111100000000001 667 652256756217635 111111100000000001 652257756217635 16.99 14.59 9.00
0111111100000000001 667 652256756217635 111000000000000000 652256056217635 16.99 12.51 11.70
0111111100000000001 667 652256756217635 111000000000011111 652256156217635 16.99 16.68 9.00
0111111100000000001 667 652256756217635 111100000000001111 652256256217635 16.99 16.68 9.00
0111111100000000001 667 652256756217635 111110000000001111 652256356217635 16.99 16.68 14.30
0111111100000000001 667 652256756217635 111110000000000111 652256456217635 16.99 16.68 11.70
0111111100000000001 667 652256756217635 111111000000000011 652256556217635 16.99 16.68 9.00
0111111100000000001 667 652256756217635 111111000000000011 652256656217635 16.99 16.68 9.00
0111111100000000001 667 652256756217635 111111100000000001 652256706217635 16.99 14.59 9.00
0111111100000000001 667 652256756217635 111111100000000001 652256716217635 16.99 14.59 9.00
0111111100000000001 667 652256756217635 111111100000000001 652256726217635 16.99 14.59 9.00
0111111100000000001 667 652256756217635 111111100000000001 652256736217635 16.99 14.59 9.00
0111111100000000001 667 652256756217635 111111100000000001 652256746217635 16.99 14.59 9.00
0111111100000000001 667 652256756217635 111111100000000001 652256766217635 16.99 14.59 9.00
0111111100000000001 667 652256756217635 111111100000000001 652256776217635 16.99 14.59 9.00
0111111100000000001 667 652256756217635 111111111111111111 652256750217635 16.99 4.17 6.40
0111111100000000001 667 652256756217635 111111111111110000 652256751217635 16.99 12.51 11.70
0111111100000000001 667 652256756217635 111111111110000000 652256752217635 16.99 12.51 11.70
0111111100000000001 667 652256756217635 111111111000000000 652256753217635 16.99 12.51 9.00
0111111100000000001 667 652256756217635 111111110000000000 652256754217635 16.99 12.51 9.00
0111111100000000001 667 652256756217635 111111100000000001 652256755217635 16.99 14.59 9.00
0111111100000000001 667 652256756217635 111111000000000011 652256757217635 16.99 16.68 9.00
0111111100000000001 667 652256756217635 111111111111100000 652256756017635 16.99 12.51 11.70
0111111100000000001 667 652256756217635 111111110000000000 652256756117635 16.99 12.51 9.00
0111111100000000001 667 652256756217635 111111000000000011 652256756317635 16.99 16.68 9.00
0111111100000000001 667 652256756217635 111110000000000111 652256756417635 16.99 16.68 11.70
0111111100000000001 667 652256756217635 111100000000000111 652256756517635 16.99 16.68 14.30
0111111100000000001 667 652256756217635 111100000000001111 652256756617635 16.99 16.68 9.00
0111111100000000001 667 652256756217635 111100000000001111 652256756717635 16.99 16.68 9.00
0111111100000000001 667 652256756217635 111111000000000001 652256756207635 16.99 14.59 11.70
0111111100000000001 667 652256756217635 111111100000000001 652256756227635 16.99 14.59 9.00
0111111100000000001 667 652256756217635 111111110000000001 652256756237635 16.99 14.59 11.70
0111111100000000001 667 652256756217635 111111110000000001 652256756247635 16.99 14.59 11.70
0111111100000000001 667 652256756217635 111111111000000000 652256756257635 16.99 12.51 9.00
0111111100000000001 667 652256756217635 111111111100000000 652256756267635 16.99 12.51 11.70
0111111100000000001 667 652256756217635 111111111110000000 652256756277635 16.99 12.51 11.70
0111111100000000001 667 652256756217635 111111111111111111 652256756210635 16.99 4.17 6.40
0111111100000000001 667 652256756217635 111111111111111100 652256756211635 16.99 12.51 11.70
0111111100000000001 667 652256756217635 111111111111000000 652256756212635 16.99 12.51 11.70
0111111100000000001 667 652256756217635 111111111100000000 652256756213635 16.99 12.51 11.70
0111111100000000001 667 652256756217635 111111111000000000 652256756214635 16.99 12.51 9.00
0111111100000000001 667 652256756217635 111111110000000000 652256756215635 16.99 12.51 9.00
0111111100000000001 667 652256756217635 111111100000000000 652256756216635 16.99 12.51 6.40
0111111100000000001 667 652256756217635 111111100000000000 652256756217035 16.99 12.51 6.40
0111111100000000001 667 652256756217635 111111100000000000 652256756217135 16.99 12.51 6.40
0111111100000000001 667 652256756217635 111111100000000000 652256756217235 16.99 12.51 6.40
0111111100000000001 667 652256756217635 111111100000000000 652256756217335 16.99 12.51 6.40
0111111100000000001 667 652256756217635 111111100000000001 652256756217435 16.99 14.59 9.00
0111111100000000001 667 652256756217635 111111100000000001 652256756217535 16.99 14.59 9.00
0111111100000000001 667 652256756217635 111111100000000011 652256756217735 16.99 16.68 11.70
0111111100000000001 667 652256756217635 111100000000001111 652256756217605 16.99 16.68 9.00
0111111100000000001 667 652256756217635 111110000000000111 652256756217615 16.99 16.68 11.70
0111111100000000001 667 652256756217635 111111000000000011 652256756217625 16.99 16.68 9.00
0111111100000000001 667 652256756217635 111111100000000000 652256756217645 16.99 12.51 6.40
0111111100000000001 667 652256756217635 111111110000000000 652256756217655 16.99 12.51 9.00
0111111100000000001 667 652256756217635 111111111000000000 652256756217665 16.99 12.51 9.00
0111111100000000001 667 652256756217635 111111111100000000 652256756217675 16.99 12.51 11.70
0111111100000000001 667 652256756217635 111111111111111111 652256756217630 16.99 4.17 6.40
0111111100000000001 667 652256756217635 111111111111100000 652256756217631 16.99 12.51 11.70
0111111100000000001 667 652256756217635 111111111100000000 652256756217632 16.99 12.51 11.70
0111111100000000001 667 652256756217635 111111110000000000 652256756217633 16.99 12.51 9.00
0111111100000000001 667 652256756217635 111111100000000001 652256756217634 16.99 14.59 9.00
0111111100000000001 667 652256756217635 111111000000000011 652256756217636 16.99 16.68 9.00
0111111100000000001 667 652256756217635 111111000000000011 652256756217637 16.99 16.68 9.00
0111111100000000001 731 357323554774725 111111110000000011 057323554774725 16.99 16.68 14.30
0111111100000000001 731 357323554774725 111111100000000011 157323554774725 16.99 16.68 11.70
0111111100000000001 731 357323554774725 111111100000000001 257323554774725 16.99 14.59 9.00
0111111100000000001 731 357323554774725 111111100000000001 457323554774725 16.99 14.59 9.00
0111111100000000001 731 357323554774725 111111100000000001 557323554774725 16.99 14.59 9.00
0111111100000000001 731 357323554774725 111111100000000001 657323554774725 16.99 14.59 9.00
0111111100000000001 731 357323554774725 111111100000000001 757323554774725 16.99 14.59 9.00
0111111100000000001 731 357323554774725 111111000000000011 307323554774725 16.99 16.68 9.00
0111111100000000001 731 357323554774725 111111000000000011 317323554774725 16.99 16.68 9.00
0111111100000000001 731 357323554774725 111111000000000011 327323554774725 16.99 16.68 9.00
0111111100000000001 731 357323554774725 111111100000000011 337323554774725 16.99 16.68 11.70
0111111100000000001 731 357323554774725 111111100000000001 347323554774725 16.99 14.59 9.00
0111111100000000001 731 357323554774725 111111100000000001 367323554774725 16.99 14.59 9.00
0111111100000000001 731 357323554774725 111111100000000001 377323554774725 16.99 14.59 9.00
0111111100000000001 731 357323554774725 111111000000000001 350323554774725 16.99 14.59 11.70
0111111100000000001 731 357323554774725 111111000000000001 351323554774725 16.99 14.59 11.70
0111111100000000001 731 357323554774725 111111000000000001 352323554774725 16.99 14.59 11.70
0111111100000000001 731 357323554774725 111111100000000001 353323554774725 16.99 14.59 9.00
0111111100000000001 731 357323554774725 111111100000000001 354323554774725 16.99 14.59 9.00
0111111100000000001 731 357323554774725 111111100000000001 355323554774725 16.99 14.59 9.00
0111111100000000001 731 357323554774725 111111100000000001 356323554774725 16.99 14.59 9.00
0111111100000000001 731 357323554774725 111111111100000000 357023554774725 16.99 12.51 11.70
0111111100000000001 731 357323554774725 111111110000000000 357123554774725 16.99 12.51 9.00
0111111100000000001 731 357323554774725 111111100000000001 357223554774725 16.99 14.59 9.00
0111111100000000001 731 357323554774725 111111100000000001 357423554774725 16.99 14.59 9.00
0111111100000000001 731 357323554774725 111111100000000011 357523554774725 16.99 16.68 11.70
0111111100000000001 731 357323554774725 111111000000000011 357623554774725 16.99 16.68 9.00
0111111100000000001 731 357323554774725 111111000000000011 357723554774725 16.99 16.68 9.00
0111111100000000001 731 357323554774725 111111100000000011 357303554774725 16.99 16.68 11.70
0111111100000000001 731 357323554774725 111111100000000011 357313554774725 16.99 16.68 11.70
0111111100000000001 731 357323554774725 111111100000000001 357333554774725 16.99 14.59 9.00
0111111100000000001 731 357323554774725 111111100000000001 357343554774725 16.99 14.59 9.00
0111111100000000001 731 357323554774725 111111100000000000 357353554774725 16.99 12.51 6.40
0111111100000000001 731 357323554774725 111111100000000000 357363554774725 16.99 12.51 6.40
0111111100000000001 731 357323554774725 111111100000000000 357373554774725 16.99 12.51 6.40
0111111100000000001 731 357323554774725 111111100000000000 357320554774725 16.99 12.51 6.40
0111111100000000001 731 357323554774725 111111100000000000 357321554774725 16.99 12.51 6.40
0111111100000000001 731 357323554774725 111111100000000001 357322554774725 16.99 14.59 9.00
0111111100000000001 731 357323554774725 111111100000000001 357324554774725 16.99 14.59 9.00
0111111100000000001 731 357323554774725 111111100000000011 357325554774725 16.99 16.68 11.70
0111111100000000001 731 357323554774725 111111100000000011 357326554774725 16.99 16.68 11.70
0111111100000000001 731 357323554774725 111111100000000011 357327554774725 16.99 16.68 11.70
0111111100000000001 731 357323554774725 111100000001111111 357323054774725 16.99 16.68 14.30
0111111100000000001 731 357323554774725 111100000000111111 357323154774725 16.99 16.68 14.30
0111111100000000001 731 357323554774725 111110000000001111 357323254774725 16.99 16.68 14.30
0111111100000000001 731 357323554774725 111111000000000111 357323354774725 16.99 16.68 11.70
0111111100000000001 731 357323554774725 111111000000000011 357323454774725 16.99 16.68 9.00
0111111100000000001 731 357323554774725 111111110000000000 357323654774725 16.99 12.51 9.00
0111111100000000001 731 357323554774725 111111110000000000 357323754774725 16.99 12.51 9.00
0111111100000000001 731 357323554774725 111111100000000001 357323504774725 16.99 14.59 9.00
0111111100000000001 731 357323554774725 111111100000000001 357323514774725 16.99 14.59 9.00
0111111100000000001 731 357323554774725 111111100000000001 357323524774725 16.99 14.59 9.00
0111111100000000001 731 357323554774725 111111100000000001 357323534774725 16.99 14.59 9.00
0111111100000000001 731 357323554774725 111111100000000001 357323544774725 16.99 14.59 9.00
0111111100000000001 731 357323554774725 111111100000000001 357323564774725 16.99 14.59 9.00
0111111100000000001 731 357323554774725 111111100000000001 357323574774725 16.99 14.59 9.00
0111111100000000001 731 357323554774725 111111111111111111 357323550774725 16.99 4.17 6.40
0111111100000000001 731 357323554774725 111111111111111000 357323551774725 16.99 12.51 11.70
0111111100000000001 731 357323554774725 111111111100000000 357323552774725 16.99 12.51 11.70
0111111100000000001 731 357323554774725 111111110000000000 357323553774725 16.99 12.51 9.00
0111111100000000001 731 357323554774725 111111000000000011 357323555774725 16.99 16.68 9.00
0111111100000000001 731 357323554774725 111110000000000111 357323556774725 16.99 16.68 11.70
0111111100000000001 731 357323554774725 111110000000000111 357323557774725 16.99 16.68 11.70
0111111100000000001 731 357323554774725 111111111111111111 357323554074725 16.99 4.17 6.40
0111111100000000001 731 357323554774725 111111111111111111 357323554174725 16.99 4.17 6.40
0111111100000000001 731 357323554774725 111111111111111000 357323554274725 16.99 12.51 11.70
0111111100000000001 731 357323554774725 111111111111000000 357323554374725 16.99 12.51 11.70
0111111100000000001 731 357323554774725 111111111100000000 357323554474725 16.99 12.51 11.70
0111111100000000001 731 357323554774725 111111111000000000 357323554574725 16.99 12.51 9.00
0111111100000000001 731 357323554774725 111111110000000001 357323554674725 16.99 14.59 11.70
0111111100000000001 731 357323554774725 111110000000000000 357323554704725 16.99 12.51 11.70
0111111100000000001 731 357323554774725 111110000000000001 357323554714725 16.99 14.59 14.30
0111111100000000001 731 357323554774725 111110000000000011 357323554724725 16.99 16.68 14.30
0111111100000000001 731 357323554774725 111110000000000011 357323554734725 16.99 16.68 14.30
0111111100000000001 731 357323554774725 111111000000000011 357323554744725 16.99 16.68 9.00
0111111100000000001 731 357323554774725 111111000000000011 357323554754725 16.99 16.68 9.00
0111111100000000001 731 357323554774725 111111100000000011 357323554764725 16.99 16.68 11.70
0111111100000000001 731 357323554774725 111111111111111111 357323554770725 16.99 4.17 6.40
0111111100000000001 731 357323554774725 111111111111110000 357323554771725 16.99 12.51 11.70
0111111100000000001 731 357323554774725 111111111100000000 357323554772725 16.99 12.51 11.70
0111111100000000001 731 357323554774725 111111110000000000 357323554773725 16.99 12.51 9.00
0111111100000000001 731 357323554774725 111111000000000111 357323554775725 16.99 16.68 11.70
0111111100000000001 731 357323554774725 111110000000011111 357323554776725 16.99 16.68 14.30
0111111100000000001 731 357323554774725 111110000000111111 357323554777725 16.99 16.68 14.30
0111111100000000001 731 357323554774725 111111100000000000 357323554774025 16.99 12.51 6.40
0111111100000000001 731 357323554774725 111111100000000000 357323554774125 16.99 12.51 6.40
0111111100000000001 731 357323554774725 111111100000000000 357323554774225 16.99 12.51 6.40
0111111100000000001 731 357323554774725 111111100000000000 357323554774325 16.99 12.51 6.40
0111111100000000001 731 357323554774725 111111100000000000 357323554774425 16.99 12.51 6.40
0111111100000000001 731 357323554774725 111111100000000000 357323554774525 16.99 12.51 6.40
0111111100000000001 731 357323554774725 111111100000000001 357323554774625 16.99 14.59 9.00
0111111100000000001 731 357323554774725 111100000000001111 357323554774705 16.99 16.68 9.00
0111111100000000001 731 357323554774725 111111000000000111 357323554774715 16.99 16.68 11.70
0111111100000000001 731 357323554774725 111111110000000000 357323554774735 16.99 12.51 9.00
0111111100000000001 731 357323554774725 111111111100000000 357323554774745 16.99 12.51 11.70
0111111100000000001 731 357323554774725 111111111110000000 357323554774755 16.99 12.51 11.70
0111111100000000001 731 357323554774725 111111111111100000 357323554774765 16.99 12.51 11.70
0111111100000000001 731 357323554774725 111111111111110000 357323554774775 16.99 12.51 11.70
0111111100000000001 731 357323554774725 111111111111111111 357323554774720 16.99 4.17 6.40
0111111100000000001 731 357323554774725 111111111111111110 357323554774721 16.99 10.42 9.00
0111111100000000001 731 357323554774725 111111111111000000 357323554774722 16.99 12.51 11.70
0111111100000000001 731 357323554774725 111111111100000000 357323554774723 16.99 12.51 11.70
0111111100000000001 731 357323554774725 111111110000000000 357323554774724 16.99 12.51 9.00
0111111100000000001 731 357323554774725 111111000000000011 357323554774726 16.99 16.68 9.00
0111111100000000001 731 357323554774725 111111000000000111 357323554774727 16.99 16.68 11.70
0111111100000000001 982 764353541707656 111111110000000001 064353541707656 16.99 14.59 11.70
0111111100000000001 982 764353541707656 111111100000000001 164353541707656 16.99 14.59 9.00
0111111100000000001 982 764353541707656 111111100000000001 264353541707656 16.99 14.59 9.00
0111111100000000001 982 764353541707656 111111100000000001 364353541707656 16.99 14.59 9.00
0111111100000000001 982 764353541707656 111111100000000001 464353541707656 16.99 14.59 9.00
0111111100000000001 982 764353541707656 111111100000000001 564353541707656 16.99 14.59 9.00
0111111100000000001 982 764353541707656 111111100000000001 664353541707656 16.99 14.59 9.00
0111111100000000001 982 764353541707656 111111000000000001 704353541707656 16.99 14.59 11.70
0111111100000000001 982 764353541707656 111111000000000001 714353541707656 16.99 14.59 11.70
0111111100000000001 982 764353541707656 111111000000000001 724353541707656 16.99 14.59 11.70
0111111100000000001 982 764353541707656 111111100000000001 734353541707656 16.99 14.59 9.00
0111111100000000001 982 764353541707656 111111100000000001 744353541707656 16.99 14.59 9.00
0111111100000000001 982 764353541707656 111111100000000001 754353541707656 16.99 14.59 9.00
0111111100000000001 982 764353541707656 111111100000000000 774353541707656 16.99 12.51 6.40
0111111100000000001 982 764353541707656 111111000000000001 760353541707656 16.99 14.59 11.70
0111111100000000001 982 764353541707656 111111000000000000 761353541707656 16.99 12.51 9.00
0111111100000000001 982 764353541707656 111111100000000000 762353541707656 16.99 12.51 6.40
0111111100000000001 982 764353541707656 111111100000000000 763353541707656 16.99 12.51 6.40
0111111100000000001 982 764353541707656 111111100000000001 765353541707656 16.99 14.59 9.00
0111111100000000001 982 764353541707656 111111100000000001 766353541707656 16.99 14.59 9.00
0111111100000000001 982 764353541707656 111111100000000001 767353541707656 16.99 14.59 9.00
0111111100000000001 982 764353541707656 111111111000000000 764053541707656 16.99 12.51 9.00
0111111100000000001 982 764353541707656 111111110000000000 764153541707656 16.99 12.51 9.00
0111111100000000001 982 764353541707656 111111100000000000 764253541707656 16.99 12.51 6.40
0111111100000000001 982 764353541707656 111111100000000001 764453541707656 16.99 14.59 9.00
0111111100000000001 982 764353541707656 111111100000000001 764553541707656 16.99 14.59 9.00
0111111100000000001 982 764353541707656 111111100000000001 764653541707656 16.99 14.59 9.00
0111111100000000001 982 764353541707656 111111100000000001 764753541707656 16.99 14.59 9.00
0111111100000000001 982 764353541707656 111111100000000011 764303541707656 16.99 16.68 11.70
0111111100000000001 982 764353541707656 111111100000000001 764313541707656 16.99 14.59 9.00
0111111100000000001 982 764353541707656 111111100000000001 764323541707656 16.99 14.59 9.00
0111111100000000001 982 764353541707656 111111100000000001 764333541707656 16.99 14.59 9.00
0111111100000000001 982 764353541707656 111111100000000001 764343541707656 16.99 14.59 9.00
0111111100000000001 982 764353541707656 111111100000000000 764363541707656 16.99 12.51 6.40
0111111100000000001 982 764353541707656 111111100000000000 764373541707656 16.99 12.51 6.40
0111111100000000001 982 764353541707656 111111100000000000 764350541707656 16.99 12.51 6.40
0111111100000000001 982 764353541707656 111111100000000000 764351541707656 16.99 12.51 6.40
0111111100000000001 982 764353541707656 111111100000000000 764352541707656 16.99 12.51 6.40
0111111100000000001 982 764353541707656 111111100000000001 764354541707656 16.99 14.59 9.00
0111111100000000001 982 764353541707656 111111100000000001 764355541707656 16.99 14.59 9.00
0111111100000000001 982 764353541707656 111111100000000001 764356541707656 16.99 14.59 9.00
0111111100000000001 982 764353541707656 111111100000000001 764357541707656 16.99 14.59 9.00
0111111100000000001 982 764353541707656 111100000000000111 764353041707656 16.99 16.68 14.30
0111111100000000001 982 764353541707656 111100000000000111 764353141707656 16.99 16.68 14.30
0111111100000000001 982 764353541707656 111110000000000111 764353241707656 16.99 16.68 11.70
0111111100000000001 982 764353541707656 111111000000000011 764353341707656 16.99 16.68 9.00
0111111100000000001 982 764353541707656 111111000000000001 764353441707656 16.99 14.59 11.70
0111111100000000001 982 764353541707656 111111100000000000 764353641707656 16.99 12.51 6.40
0111111100000000001 982 764353541707656 111111110000000000 764353741707656 16.99 12.51 9.00
0111111100000000001 982 764353541707656 111111100000000001 764353501707656 16.99 14.59 9.00
0111111100000000001 982 764353541707656 111111100000000001 764353511707656 16.99 14.59 9.00
0111111100000000001 982 764353541707656 111111100000000001 764353521707656 16.99 14.59 9.00
0111111100000000001 982 764353541707656 111111100000000001 764353531707656 16.99 14.59 9.00
0111111100000000001 982 764353541707656 111111100000000001 764353551707656 16.99 14.59 9.00
0111111100000000001 982 764353541707656 111111100000000001 764353561707656 16.99 14.59 9.00
0111111100000000001 982 764353541707656 111111100000000000 764353571707656 16.99 12.51 6.40
0111111100000000001 982 764353541707656 111111111100000000 764353540707656 16.99 12.51 11.70
0111111100000000001 982 764353541707656 111111000000000011 764353542707656 16.99 16.68 9.00
0111111100000000001 982 764353541707656 111110000000000011 764353543707656 16.99 16.68 14.30
0111111100000000001 982 764353541707656 111100000000000111 764353544707656 16.99 16.68 14.30
0111111100000000001 982 764353541707656 111100000000000111 764353545707656 16.99 16.68 14.30
0111111100000000001 982 764353541707656 111100000000000111 764353546707656 16.99 16.68 14.30
0111111100000000001 982 764353541707656 111000000000000111 764353547707656 16.99 16.68 11.70
0111111100000000001 982 764353541707656 111111111111111111 764353541007656 16.99 4.17 6.40
0111111100000000001 982 764353541707656 111111111111111100 764353541107656 16.99 12.51 11.70
0111111100000000001 982 764353541707656 111111111111000000 764353541207656 16.99 12.51 11.70
0111111100000000001 982 764353541707656 111111111100000000 764353541307656 16.99 12.51 11.70
0111111100000000001 982 764353541707656 111111111000000000 764353541407656 16.99 12.51 9.00
0111111100000000001 982 764353541707656 111111110000000000 764353541507656 16.99 12.51 9.00
0111111100000000001 982 764353541707656 111111100000000000 764353541607656 16.99 12.51 6.40
0111111100000000001 982 764353541707656 111111100000000001 764353541717656 16.99 14.59 9.00
0111111100000000001 982 764353541707656 111111110000000001 764353541727656 16.99 14.59 11.70
0111111100000000001 982 764353541707656 111111111000000000 764353541737656 16.99 12.51 9.00
0111111100000000001 982 764353541707656 111111111100000000 764353541747656 16.99 12.51 11.70
0111111100000000001 982 764353541707656 111111111110000000 764353541757656 16.99 12.51 11.70
0111111100000000001 982 764353541707656 111111111111000000 764353541767656 16.99 12.51 11.70
0111111100000000001 982 764353541707656 111111111111100000 764353541777656 16.99 12.51 11.70
0111111100000000001 982 764353541707656 111111111111111111 764353541700656 16.99 4.17 6.40
0111111100000000001 982 764353541707656 111111111111111100 764353541701656 16.99 12.51 11.70
0111111100000000001 982 764353541707656 111111111111100000 764353541702656 16.99 12.51 11.70
0111111100000000001 982 764353541707656 111111111110000000 764353541703656 16.99 12.51 11.70
0111111100000000001 982 764353541707656 111111111000000000 764353541704656 16.99 12.51 9.00
0111111100000000001 982 764353541707656 111111110000000000 764353541705656 16.99 12.51 9.00
0111111100000000001 982 764353541707656 111111110000000000 764353541706656 16.99 12.51 9.00
0111111100000000001 982 764353541707656 111111100000000000 764353541707056 16.99 12.51 6.40
0111111100000000001 982 764353541707656 111111100000000000 764353541707156 16.99 12.51 6.40
0111111100000000001 982 764353541707656 111111100000000000 764353541707256 16.99 12.51 6.40
0111111100000000001 982 764353541707656 111111100000000000 764353541707356 16.99 12.51 6.40
0111111100000000001 982 764353541707656 111111100000000000 764353541707456 16.99 12.51 6.40
0111111100000000001 982 764353541707656 111111100000000000 764353541707556 16.99 12.51 6.40
0111111100000000001 982 764353541707656 111111100000000001 764353541707756 16.99 14.59 9.00
0111111100000000001 982 764353541707656 111100000000000111 764353541707606 16.99 16.68 14.30
0111111100000000001 982 764353541707656 111100000000000111 764353541707616 16.99 16.68 14.30
0111111100000000001 982 764353541707656 111110000000000011 764353541707626 16.99 16.68 14.30
0111111100000000001 982 764353541707656 111111000000000011 764353541707636 16.99 16.68 9.00
0111111100000000001 982 764353541707656 111111000000000001 764353541707646 16.99 14.59 11.70
0111111100000000001 982 764353541707656 111111100000000000 764353541707666 16.99 12.51 6.40
0111111100000000001 982 764353541707656 111111110000000000 764353541707676 16.99 12.51 9.00
0111111100000000001 982 764353541707656 111111111111111111 764353541707650 16.99 4.17 6.40
0111111100000000001 982 764353541707656 111111111111110000 764353541707651 16.99 12.51 11.70
0111111100000000001 982 764353541707656 111111111110000000 764353541707652 16.99 12.51 11.70
0111111100000000001 982 764353541707656 111111111000000000 764353541707653 16.99 12.51 9.00
0111111100000000001 982 764353541707656 111111110000000000 764353541707654 16.99 12.51 9.00
0111111100000000001 982 764353541707656 111111110000000000 764353541707655 16.99 12.51 9.00
0111111100000000001 982 764353541707656 111111000000000001 764353541707657 16.99 14.59 11.70
0111111100000000001 1404 335676776716663 111111100000000011 035676776716663 16.99 16.68 11.70
0111111100000000001 1404 335676776716663 111111100000000001 135676776716663 16.99 14.59 9.00
0111111100000000001 1404 335676776716663 111111100000000001 235676776716663 16.99 14.59 9.00
0111111100000000001 1404 335676776716663 111111100000000001 435676776716663 16.99 14.59 9.00
0111111100000000001 1404 335676776716663 111111100000000001 535676776716663 16.99 14.59 9.00
0111111100000000001 1404 335676776716663 111111100000000001 635676776716663 16.99 14.59 9.00
0111111100000000001 1404 335676776716663 111111100000000000 735676776716663 16.99 12.51 6.40
0111111100000000001 1404 335676776716663 111111100000000001 305676776716663 16.99 14.59 9.00
0111111100000000001 1404 335676776716663 111111100000000001 315676776716663 16.99 14.59 9.00
0111111100000000001 1404 335676776716663 111111100000000001 325676776716663 16.99 14.59 9.00
0111111100000000001 1404 335676776716663 111111100000000001 345676776716663 16.99 14.59 9.00
0111111100000000001 1404 335676776716663 111111100000000001 355676776716663 16.99 14.59 9.00
0111111100000000001 1404 335676776716663 111111100000000001 365676776716663 16.99 14.59 9.00
0111111100000000001 1404 335676776716663 111111100000000001 375676776716663 16.99 14.59 9.00
0111111100000000001 1404 335676776716663 111111000000000000 330676776716663 16.99 12.51 9.00
0111111100000000001 1404 335676776716663 111111000000000000 331676776716663 16.99 12.51 9.00
0111111100000000001 1404 335676776716663 111111100000000000 332676776716663 16.99 12.51 6.40
0111111100000000001 1404 335676776716663 111111100000000001 333676776716663 16.99 14.59 9.00
0111111100000000001 1404 335676776716663 111111100000000001 334676776716663 16.99 14.59 9.00
0111111100000000001 1404 335676776716663 111111100000000001 336676776716663 16.99 14.59 9.00
0111111100000000001 1404 335676776716663 111111100000000001 337676776716663 16.99 14.59 9.00
0111111100000000001 1404 335676776716663 111111110000000000 335076776716663 16.99 12.51 9.00
0111111100000000001 1404 335676776716663 111111100000000000 335176776716663 16.99 12.51 6.40
0111111100000000001 1404 335676776716663 111111100000000001 335276776716663 16.99 14.59 9.00
0111111100000000001 1404 335676776716663 111111100000000001 335376776716663 16.99 14.59 9.00
0111111100000000001 1404 335676776716663 111111100000000001 335476776716663 16.99 14.59 9.00
0111111100000000001 1404 335676776716663 111111100000000001 335576776716663 16.99 14.59 9.00
0111111100000000001 1404 335676776716663 111111100000000001 335776776716663 16.99 14.59 9.00
0111111100000000001 1404 335676776716663 111111100000000111 335606776716663 16.99 16.68 14.30
0111111100000000001 1404 335676776716663 111111100000000011 335616776716663 16.99 16.68 11.70
0111111100000000001 1404 335676776716663 111111100000000011 335626776716663 16.99 16.68 11.70
0111111100000000001 1404 335676776716663 111111100000000011 335636776716663 16.99 16.68 11.70
0111111100000000001 1404 335676776716663 111111100000000001 335646776716663 16.99 14.59 9.00
0111111100000000001 1404 335676776716663 111111100000000001 335656776716663 16.99 14.59 9.00
0111111100000000001 1404 335676776716663 111111100000000001 335666776716663 16.99 14.59 9.00
0111111100000000001 1404 335676776716663 111111100000000000 335670776716663 16.99 12.51 6.40
0111111100000000001 1404 335676776716663 111111100000000000 335671776716663 16.99 12.51 6.40
0111111100000000001 1404 335676776716663 111111100000000000 335672776716663 16.99 12.51 6.40
0111111100000000001 1404 335676776716663 111111100000000000 335673776716663 16.99 12.51 6.40
0111111100000000001 1404 335676776716663 111111100000000001 335674776716663 16.99 14.59 9.00
0111111100000000001 1404 335676776716663 111111100000000001 335675776716663 16.99 14.59 9.00
0111111100000000001 1404 335676776716663 111111100000000001 335677776716663 16.99 14.59 9.00
0111111100000000001 1404 335676776716663 111000000000111111 335676076716663 16.99 16.68 14.30
0111111100000000001 1404 335676776716663 111000000000011111 335676176716663 16.99 16.68 9.00
0111111100000000001 1404 335676776716663 111100000000001111 335676276716663 16.99 16.68 9.00
0111111100000000001 1404 335676776716663 111110000000001111 335676376716663 16.99 16.68 14.30
0111111100000000001 1404 335676776716663 111110000000000111 335676476716663 16.99 16.68 11.70
0111111100000000001 1404 335676776716663 111111000000000011 335676576716663 16.99 16.68 9.00
0111111100000000001 1404 335676776716663 111111000000000001 335676676716663 16.99 14.59 11.70
0111111100000000001 1404 335676776716663 111111100000000001 335676706716663 16.99 14.59 9.00
0111111100000000001 1404 335676776716663 111111100000000001 335676716716663 16.99 14.59 9.00
0111111100000000001 1404 335676776716663 111111100000000001 335676726716663 16.99 14.59 9.00
0111111100000000001 1404 335676776716663 111111100000000001 335676736716663 16.99 14.59 9.00
0111111100000000001 1404 335676776716663 111111100000000001 335676746716663 16.99 14.59 9.00
0111111100000000001 1404 335676776716663 111111100000000001 335676756716663 16.99 14.59 9.00
0111111100000000001 1404 335676776716663 111111100000000001 335676766716663 16.99 14.59 9.00
0111111100000000001 1404 335676776716663 111111111111111111 335676770716663 16.99 4.17 6.40
0111111100000000001 1404 335676776716663 111111111111111000 335676771716663 16.99 12.51 11.70
0111111100000000001 1404 335676776716663 111111111111000000 335676772716663 16.99 12.51 11.70
0111111100000000001 1404 335676776716663 111111111100000000 335676773716663 16.99 12.51 11.70
0111111100000000001 1404 335676776716663 111111110000000000 335676774716663 16.99 12.51 9.00
0111111100000000001 1404 335676776716663 111111100000000000 335676775716663 16.99 12.51 6.40
0111111100000000001 1404 335676776716663 111111000000000001 335676777716663 16.99 14.59 11.70
0111111100000000001 1404 335676776716663 111111111111111111 335676776016663 16.99 4.17 6.40
0111111100000000001 1404 335676776716663 111111111111111110 335676776116663 16.99 10.42 9.00
0111111100000000001 1404 335676776716663 111111111111100000 335676776216663 16.99 12.51 11.70
0111111100000000001 1404 335676776716663 111111111110000000 335676776316663 16.99 12.51 11.70
0111111100000000001 1404 335676776716663 111111111000000000 335676776416663 16.99 12.51 9.00
0111111100000000001 1404 335676776716663 111111110000000000 335676776516663 16.99 12.51 9.00
0111111100000000001 1404 335676776716663 111111100000000000 335676776616663 16.99 12.51 6.40
0111111100000000001 1404 335676776716663 111111000000000000 335676776706663 16.99 12.51 9.00
0111111100000000001 1404 335676776716663 111111100000000001 335676776726663 16.99 14.59 9.00
0111111100000000001 1404 335676776716663 111111110000000001 335676776736663 16.99 14.59 11.70
0111111100000000001 1404 335676776716663 111111111000000000 335676776746663 16.99 12.51 9.00
0111111100000000001 1404 335676776716663 111111111100000000 335676776756663 16.99 12.51 11.70
0111111100000000001 1404 335676776716663 111111111110000000 335676776766663 16.99 12.51 11.70
0111111100000000001 1404 335676776716663 111111111111000000 335676776776663 16.99 12.51 11.70
0111111100000000001 1404 335676776716663 111111111111111111 335676776710663 16.99 4.17 6.40
0111111100000000001 1404 335676776716663 111111111111111100 335676776711663 16.99 12.51 11.70
0111111100000000001 1404 335676776716663 111111111111000000 335676776712663 16.99 12.51 11.70
0111111100000000001 1404 335676776716663 111111111100000000 335676776713663 16.99 12.51 11.70
0111111100000000001 1404 335676776716663 111111111000000000 335676776714663 16.99 12.51 9.00
0111111100000000001 1404 335676776716663 111111110000000000 335676776715663 16.99 12.51 9.00
0111111100000000001 1404 335676776716663 111111000000000011 335676776717663 16.99 16.68 9.00
0111111100000000001 1404 335676776716663 111111100000000000 335676776716063 16.99 12.51 6.40
0111111100000000001 1404 335676776716663 111111100000000000 335676776716163 16.99 12.51 6.40
0111111100000000001 1404 335676776716663 111111100000000000 335676776716263 16.99 12.51 6.40
0111111100000000001 1404 335676776716663 111111100000000000 335676776716363 16.99 12.51 6.40
0111111100000000001 1404 335676776716663 111111100000000000 335676776716463 16.99 12.51 6.40
0111111100000000001 1404 335676776716663 111111100000000001 335676776716563 16.99 14.59 9.00
0111111100000000001 1404 335676776716663 111111100000000001 335676776716763 16.99 14.59 9.00
0111111100000000001 1404 335676776716663 110000000000011111 335676776716603 16.99 16.68 11.70
0111111100000000001 1404 335676776716663 111000000000001111 335676776716613 16.99 16.68 11.70
0111111100000000001 1404 335676776716663 111100000000000111 335676776716623 16.99 16.68 14.30
0111111100000000001 1404 335676776716663 111110000000000111 335676776716633 16.99 16.68 11.70
0111111100000000001 1404 335676776716663 111111000000000011 335676776716643 16.99 16.68 9.00
0111111100000000001 1404 335676776716663 111111000000000001 335676776716653 16.99 14.59 11.70
0111111100000000001 1404 335676776716663 111111100000000000 335676776716673 16.99 12.51 6.40
0111111100000000001 1404 335676776716663 111111111111111110 335676776716660 16.99 10.42 9.00
0111111100000000001 1404 335676776716663 111111111110000000 335676776716661 16.99 12.51 11.70
0111111100000000001 1404 335676776716663 111111110000000000 335676776716662 16.99 12.51 9.00
0111111100000000001 1404 335676776716663 111111000000000011 335676776716664 16.99 16.68 9.00
0111111100000000001 1404 335676776716663 111110000000000011 335676776716665 16.99 16.68 14.30
0111111100000000001 1404 335676776716663 111110000000000111 335676776716666 16.99 16.68 11.70
0111111100000000001 1404 335676776716663 111100000000000111 335676776716667 16.99 16.68 14.30
0111111100000000001 1483 511435640774605 111111111100000000 011435640774605 16.99 12.51 11.70
0111111100000000001 1483 511435640774605 111111111000000000 111435640774605 16.99 12.51 9.00
0111111100000000001 1483 511435640774605 111111110000000000 211435640774605 16.99 12.51 9.00
0111111100000000001 1483 511435640774605 111111110000000000 311435640774605 16.99 12.51 9.00
0111111100000000001 1483 511435640774605 111111100000000000 411435640774605 16.99 12.51 6.40
0111111100000000001 1483 511435640774605 111111000000000001 611435640774605 16.99 14.59 11.70
0111111100000000001 1483 511435640774605 111111000000000011 711435640774605 16.99 16.68 9.00
0111111100000000001 1483 511435640774605 111110000000000011 501435640774605 16.99 16.68 14.30
0111111100000000001 1483 511435640774605 111111100000000000 521435640774605 16.99 12.51 6.40
0111111100000000001 1483 511435640774605 111111110000000000 531435640774605 16.99 12.51 9.00
0111111100000000001 1483 511435640774605 111111111000000000 541435640774605 16.99 12.51 9.00
0111111100000000001 1483 511435640774605 111111111000000000 551435640774605 16.99 12.51 9.00
0111111100000000001 1483 511435640774605 111111111000000000 561435640774605 16.99 12.51 9.00
0111111100000000001 1483 511435640774605 111111111100000000 571435640774605 16.99 12.51 11.70
0111111100000000001 1483 511435640774605 111110000000000011 510435640774605 16.99 16.68 14.30
0111111100000000001 1483 511435640774605 111111110000000000 512435640774605 16.99 12.51 9.00
0111111100000000001 1483 511435640774605 111111110000000000 513435640774605 16.99 12.51 9.00
0111111100000000001 1483 511435640774605 111111111000000000 514435640774605 16.99 12.51 9.00
0111111100000000001 1483 511435640774605 111111111000000000 515435640774605 16.99 12.51 9.00
0111111100000000001 1483 511435640774605 111111111000000000 516435640774605 16.99 12.51 9.00
0111111100000000001 1483 511435640774605 111111111100000000 517435640774605 16.99 12.51 11.70
0111111100000000001 1483 511435640774605 111111111110000000 511035640774605 16.99 12.51 11.70
0111111100000000001 1483 511435640774605 111111111000000000 511135640774605 16.99 12.51 9.00
0111111100000000001 1483 511435640774605 111111110000000000 511235640774605 16.99 12.51 9.00
0111111100000000001 1483 511435640774605 111111100000000000 511335640774605 16.99 12.51 6.40
0111111100000000001 1483 511435640774605 111111000000000001 511535640774605 16.99 14.59 11.70
0111111100000000001 1483 511435640774605 111111000000000001 511635640774605 16.99 14.59 11.70
0111111100000000001 1483 511435640774605 111111000000000011 511735640774605 16.99 16.68 9.00
0111111100000000001 1483 511435640774605 111111100000000011 511405640774605 16.99 16.68 11.70
0111111100000000001 1483 511435640774605 111111100000000001 511415640774605 16.99 14.59 9.00
0111111100000000001 1483 511435640774605 111111100000000001 511425640774605 16.99 14.59 9.00
0111111100000000001 1483 511435640774605 111111100000000000 511445640774605 16.99 12.51 6.40
0111111100000000001 1483 511435640774605 111111100000000000 511455640774605 16.99 12.51 6.40
0111111100000000001 1483 511435640774605 111111100000000000 511465640774605 16.99 12.51 6.40
0111111100000000001 1483 511435640774605 111111000000000000 511475640774605 16.99 12.51 9.00
0111111100000000001 1483 511435640774605 111111000000000001 511430640774605 16.99 14.59 11.70
0111111100000000001 1483 511435640774605 111111000000000001 511431640774605 16.99 14.59 11.70
0111111100000000001 1483 511435640774605 111111000000000001 511432640774605 16.99 14.59 11.70
0111111100000000001 1483 511435640774605 111111000000000001 511433640774605 16.99 14.59 11.70
0111111100000000001 1483 511435640774605 111111000000000001 511434640774605 16.99 14.59 11.70
0111111100000000001 1483 511435640774605 111111100000000001 511436640774605 16.99 14.59 9.00
0111111100000000001 1483 511435640774605 111111100000000001 511437640774605 16.99 14.59 9.00
0111111100000000001 1483 511435640774605 111111110000000000 511435040774605 16.99 12.51 9.00
0111111100000000001 1483 511435640774605 111110000000000000 511435140774605 16.99 12.51 11.70
0111111100000000001 1483 511435640774605 111110000000000011 511435240774605 16.99 16.68 14.30
0111111100000000001 1483 511435640774605 111110000000000111 511435340774605 16.99 16.68 11.70
0111111100000000001 1483 511435640774605 111110000000000111 511435440774605 16.99 16.68 11.70
0111111100000000001 1483 511435640774605 111111000000000011 511435540774605 16.99 16.68 9.00
0111111100000000001 1483 511435640774605 111111100000000000 511435740774605 16.99 12.51 6.40
0111111100000000001 1483 511435640774605 111111100000000001 511435600774605 16.99 14.59 9.00
0111111100000000001 1483 511435640774605 111111100000000001 511435610774605 16.99 14.59 9.00
0111111100000000001 1483 511435640774605 111111100000000001 511435620774605 16.99 14.59 9.00
0111111100000000001 1483 511435640774605 111111100000000001 511435630774605 16.99 14.59 9.00
0111111100000000001 1483 511435640774605 111111100000000001 511435650774605 16.99 14.59 9.00
0111111100000000001 1483 511435640774605 111111100000000001 511435660774605 16.99 14.59 9.00
0111111100000000001 1483 511435640774605 111111100000000001 511435670774605 16.99 14.59 9.00
0111111100000000001 1483 511435640774605 111100000000001111 511435641774605 16.99 16.68 9.00
0111111100000000001 1483 511435640774605 111000000000111111 511435642774605 16.99 16.68 14.30
0111111100000000001 1483 511435640774605 110000000001111111 511435643774605 16.99 16.68 11.70
0111111100000000001 1483 511435640774605 110000000001111111 511435644774605 16.99 16.68 11.70
0111111100000000001 1483 511435640774605 110000000011111111 511435645774605 16.99 16.68 14.30
0111111100000000001 1483 511435640774605 110000000011111111 511435646774605 16.99 16.68 14.30
0111111100000000001 1483 511435640774605 110000000011111111 511435647774605 16.99 16.68 14.30
0111111100000000001 1483 511435640774605 111111111111111111 511435640074605 16.99 4.17 6.40
0111111100000000001 1483 511435640774605 111111111111111111 511435640174605 16.99 4.17 6.40
0111111100000000001 1483 511435640774605 111111111111111110 511435640274605 16.99 10.42 9.00
0111111100000000001 1483 511435640774605 111111111111100000 511435640374605 16.99 12.51 11.70
0111111100000000001 1483 511435640774605 111111111100000000 511435640474605 16.99 12.51 11.70
0111111100000000001 1483 511435640774605 111111111000000000 511435640574605 16.99 12.51 9.00
0111111100000000001 1483 511435640774605 111111110000000000 511435640674605 16.99 12.51 9.00
0111111100000000001 1483 511435640774605 111100000000000000 511435640704605 16.99 12.51 11.70
0111111100000000001 1483 511435640774605 111110000000000000 511435640714605 16.99 12.51 11.70
0111111100000000001 1483 511435640774605 111110000000000001 511435640724605 16.99 14.59 14.30
0111111100000000001 1483 511435640774605 111110000000000001 511435640734605 16.99 14.59 14.30
0111111100000000001 1483 511435640774605 111111000000000001 511435640744605 16.99 14.59 11.70
0111111100000000001 1483 511435640774605 111111000000000001 511435640754605 16.99 14.59 11.70
0111111100000000001 1483 511435640774605 111111000000000001 511435640764605 16.99 14.59 11.70
0111111100000000001 1483 511435640774605 111111111111111111 511435640770605 16.99 4.17 6.40
0111111100000000001 1483 511435640774605 111111111111111111 511435640771605 16.99 4.17 6.40
0111111100000000001 1483 511435640774605 111111111110000000 511435640772605 16.99 12.51 11.70
0111111100000000001 1483 511435640774605 111111110000000000 511435640773605 16.99 12.51 9.00
0111111100000000001 1483 511435640774605 111110000000000111 511435640775605 16.99 16.68 11.70
0111111100000000001 1483 511435640774605 111110000000011111 511435640776605 16.99 16.68 14.30
0111111100000000001 1483 511435640774605 111100000000111111 511435640777605 16.99 16.68 14.30
0111111100000000001 1483 511435640774605 111111100000000000 511435640774005 16.99 12.51 6.40
0111111100000000001 1483 511435640774605 111111100000000000 511435640774105 16.99 12.51 6.40
0111111100000000001 1483 511435640774605 111111100000000000 511435640774205 16.99 12.51 6.40
0111111100000000001 1483 511435640774605 111111100000000000 511435640774305 16.99 12.51 6.40
0111111100000000001 1483 511435640774605 111111100000000000 511435640774405 16.99 12.51 6.40
0111111100000000001 1483 511435640774605 111111100000000000 511435640774505 16.99 12.51 6.40
0111111100000000001 1483 511435640774605 111111100000000001 511435640774705 16.99 14.59 9.00
0111111100000000001 1483 511435640774605 111111111111100000 511435640774615 16.99 12.51 11.70
0111111100000000001 1483 511435640774605 111111111111111111 511435640774625 16.99 4.17 6.40
0111111100000000001 1483 511435640774605 111111111111111111 511435640774635 16.99 4.17 6.40
0111111100000000001 1483 511435640774605 111111111111111111 511435640774645 16.99 4.17 6.40
0111111100000000001 1483 511435640774605 111111111111111111 511435640774655 16.99 4.17 6.40
0111111100000000001 1483 511435640774605 111111111111111111 511435640774665 16.99 4.17 6.40
0111111100000000001 1483 511435640774605 111111111111111111 511435640774675 16.99 4.17 6.40
0111111100000000001 1483 511435640774605 111111111111111111 511435640774600 16.99 4.17 6.40
0111111100000000001 1483 511435640774605 111111111111110000 511435640774601 16.99 12.51 11.70
0111111100000000001 1483 511435640774605 111111111110000000 511435640774602 16.99 12.51 11.70
0111111100000000001 1483 511435640774605 111111111000000000 511435640774603 16.99 12.51 9.00
0111111100000000001 1483 511435640774605 111111110000000000 511435640774604 16.99 12.51 9.00
0111111100000000001 1483 511435640774605 111111000000000001 511435640774606 16.99 14.59 11.70
0111111100000000001 1483 511435640774605 111110000000000011 511435640774607 16.99 16.68 14.30
0111111100000000001 1485 461751564427676 111111110000000001 061751564427676 16.99 14.59 11.70
0111111100000000001 1485 461751564427676 111111100000000001 161751564427676 16.99 14.59 9.00
0111111100000000001 1485 461751564427676 111111100000000001 261751564427676 16.99 14.59 9.00
0111111100000000001 1485 461751564427676 111111100000000001 361751564427676 16.99 14.59 9.00
0111111100000000001 1485 461751564427676 111111100000000001 561751564427676 16.99 14.59 9.00
0111111100000000001 1485 461751564427676 111111100000000001 661751564427676 16.99 14.59 9.00
0111111100000000001 1485 461751564427676 111111100000000001 761751564427676 16.99 14.59 9.00
0111111100000000001 1485 461751564427676 111111100000000001 401751564427676 16.99 14.59 9.00
0111111100000000001 1485 461751564427676 111111100000000001 411751564427676 16.99 14.59 9.00
0111111100000000001 1485 461751564427676 111111100000000001 421751564427676 16.99 14.59 9.00
0111111100000000001 1485 461751564427676 111111100000000001 431751564427676 16.99 14.59 9.00
0111111100000000001 1485 461751564427676 111111100000000001 441751564427676 16.99 14.59 9.00
0111111100000000001 1485 461751564427676 111111100000000001 451751564427676 16.99 14.59 9.00
0111111100000000001 1485 461751564427676 111111100000000001 471751564427676 16.99 14.59 9.00
0111111100000000001 1485 461751564427676 111111000000000001 460751564427676 16.99 14.59 11.70
0111111100000000001 1485 461751564427676 111111100000000001 462751564427676 16.99 14.59 9.00
0111111100000000001 1485 461751564427676 111111100000000001 463751564427676 16.99 14.59 9.00
0111111100000000001 1485 461751564427676 111111100000000001 464751564427676 16.99 14.59 9.00
0111111100000000001 1485 461751564427676 111111100000000001 465751564427676 16.99 14.59 9.00
0111111100000000001 1485 461751564427676 111111100000000001 466751564427676 16.99 14.59 9.00
0111111100000000001 1485 461751564427676 111111100000000001 467751564427676 16.99 14.59 9.00
0111111100000000001 1485 461751564427676 111111111000000000 461051564427676 16.99 12.51 9.00
0111111100000000001 1485 461751564427676 111111110000000000 461151564427676 16.99 12.51 9.00
0111111100000000001 1485 461751564427676 111111100000000000 461251564427676 16.99 12.51 6.40
0111111100000000001 1485 461751564427676 111111100000000000 461351564427676 16.99 12.51 6.40
0111111100000000001 1485 461751564427676 111111100000000001 461451564427676 16.99 14.59 9.00
0111111100000000001 1485 461751564427676 111111100000000001 461551564427676 16.99 14.59 9.00
0111111100000000001 1485 461751564427676 111111100000000001 461651564427676 16.99 14.59 9.00
0111111100000000001 1485 461751564427676 111111100000000011 461701564427676 16.99 16.68 11.70
0111111100000000001 1485 461751564427676 111111100000000011 461711564427676 16.99 16.68 11.70
0111111100000000001 1485 461751564427676 111111100000000001 461721564427676 16.99 14.59 9.00
0111111100000000001 1485 461751564427676 111111100000000001 461731564427676 16.99 14.59 9.00
0111111100000000001 1485 461751564427676 111111100000000001 461741564427676 16.99 14.59 9.00
0111111100000000001 1485 461751564427676 111111100000000001 461761564427676 16.99 14.59 9.00
0111111100000000001 1485 461751564427676 111111100000000000 461771564427676 16.99 12.51 6.40
0111111100000000001 1485 461751564427676 111111100000000000 461750564427676 16.99 12.51 6.40
0111111100000000001 1485 461751564427676 111111100000000001 461752564427676 16.99 14.59 9.00
0111111100000000001 1485 461751564427676 111111100000000001 461753564427676 16.99 14.59 9.00
0111111100000000001 1485 461751564427676 111111100000000011 461754564427676 16.99 16.68 11.70
0111111100000000001 1485 461751564427676 111111100000000011 461755564427676 16.99 16.68 11.70
0111111100000000001 1485 461751564427676 111111100000000011 461756564427676 16.99 16.68 11.70
0111111100000000001 1485 461751564427676 111111100000000011 461757564427676 16.99 16.68 11.70
0111111100000000001 1485 461751564427676 110000000001111111 461751064427676 16.99 16.68 11.70
0111111100000000001 1485 461751564427676 111100000000011111 461751164427676 16.99 16.68 14.30
0111111100000000001 1485 461751564427676 111100000000001111 461751264427676 16.99 16.68 9.00
0111111100000000001 1485 461751564427676 111110000000000111 461751364427676 16.99 16.68 11.70
0111111100000000001 1485 461751564427676 111111000000000011 461751464427676 16.99 16.68 9.00
0111111100000000001 1485 461751564427676 111111110000000000 461751664427676 16.99 12.51 9.00
0111111100000000001 1485 461751564427676 111111110000000000 461751764427676 16.99 12.51 9.00
0111111100000000001 1485 461751564427676 111111100000000001 461751504427676 16.99 14.59 9.00
0111111100000000001 1485 461751564427676 111111100000000001 461751514427676 16.99 14.59 9.00
0111111100000000001 1485 461751564427676 111111100000000001 461751524427676 16.99 14.59 9.00
0111111100000000001 1485 461751564427676 111111100000000001 461751534427676 16.99 14.59 9.00
0111111100000000001 1485 461751564427676 111111100000000001 461751544427676 16.99 14.59 9.00
0111111100000000001 1485 461751564427676 111111100000000001 461751554427676 16.99 14.59 9.00
0111111100000000001 1485 461751564427676 111111100000000001 461751574427676 16.99 14.59 9.00
0111111100000000001 1485 461751564427676 111111111111111111 461751560427676 16.99 4.17 6.40
0111111100000000001 1485 461751564427676 111111111111000000 461751561427676 16.99 12.51 11.70
0111111100000000001 1485 461751564427676 111111111100000000 461751562427676 16.99 12.51 11.70
0111111100000000001 1485 461751564427676 111111110000000000 461751563427676 16.99 12.51 9.00
0111111100000000001 1485 461751564427676 111111000000000001 461751565427676 16.99 14.59 11.70
0111111100000000001 1485 461751564427676 111111000000000011 461751566427676 16.99 16.68 9.00
0111111100000000001 1485 461751564427676 111110000000000011 461751567427676 16.99 16.68 14.30
0111111100000000001 1485 461751564427676 111111111111111111 461751564027676 16.99 4.17 6.40
0111111100000000001 1485 461751564427676 111111111111100000 461751564127676 16.99 12.51 11.70
0111111100000000001 1485 461751564427676 111111111100000000 461751564227676 16.99 12.51 11.70
0111111100000000001 1485 461751564427676 111111110000000000 461751564327676 16.99 12.51 9.00
0111111100000000001 1485 461751564427676 111111000000000011 461751564527676 16.99 16.68 9.00
0111111100000000001 1485 461751564427676 111110000000000011 461751564627676 16.99 16.68 14.30
0111111100000000001 1485 461751564427676 111110000000000111 461751564727676 16.99 16.68 11.70
0111111100000000001 1485 461751564427676 111111000000000000 461751564407676 16.99 12.51 9.00
0111111100000000001 1485 461751564427676 111111000000000001 461751564417676 16.99 14.59 11.70
0111111100000000001 1485 461751564427676 111111100000000001 461751564437676 16.99 14.59 9.00
0111111100000000001 1485 461751564427676 111111110000000000 461751564447676 16.99 12.51 9.00
0111111100000000001 1485 461751564427676 111111111000000000 461751564457676 16.99 12.51 9.00
0111111100000000001 1485 461751564427676 111111111000000000 461751564467676 16.99 12.51 9.00
0111111100000000001 1485 461751564427676 111111111100000000 461751564477676 16.99 12.51 11.70
0111111100000000001 1485 461751564427676 111111111111111111 461751564420676 16.99 4.17 6.40
0111111100000000001 1485 461751564427676 111111111111111111 461751564421676 16.99 4.17 6.40
0111111100000000001 1485 461751564427676 111111111111110000 461751564422676 16.99 12.51 11.70
0111111100000000001 1485 461751564427676 111111111111000000 461751564423676 16.99 12.51 11.70
0111111100000000001 1485 461751564427676 111111111100000000 461751564424676 16.99 12.51 11.70
0111111100000000001 1485 461751564427676 111111111000000000 461751564425676 16.99 12.51 9.00
0111111100000000001 1485 461751564427676 111111110000000000 461751564426676 16.99 12.51 9.00
0111111100000000001 1485 461751564427676 111111100000000000 461751564427076 16.99 12.51 6.40
0111111100000000001 1485 461751564427676 111111100000000000 461751564427176 16.99 12.51 6.40
0111111100000000001 1485 461751564427676 111111100000000000 461751564427276 16.99 12.51 6.40
0111111100000000001 1485 461751564427676 111111100000000000 461751564427376 16.99 12.51 6.40
0111111100000000001 1485 461751564427676 111111100000000000 461751564427476 16.99 12.51 6.40
0111111100000000001 1485 461751564427676 111111100000000000 461751564427576 16.99 12.51 6.40
0111111100000000001 1485 461751564427676 111111100000000001 461751564427776 16.99 14.59 9.00
0111111100000000001 1485 461751564427676 110000000001111111 461751564427606 16.99 16.68 11.70
0111111100000000001 1485 461751564427676 111000000000011111 461751564427616 16.99 16.68 9.00
0111111100000000001 1485 461751564427676 111100000000001111 461751564427626 16.99 16.68 9.00
0111111100000000001 1485 461751564427676 111110000000000111 461751564427636 16.99 16.68 11.70
0111111100000000001 1485 461751564427676 111110000000000011 461751564427646 16.99 16.68 14.30
0111111100000000001 1485 461751564427676 111111000000000011 461751564427656 16.99 16.68 9.00
0111111100000000001 1485 461751564427676 111111000000000001 461751564427666 16.99 14.59 11.70
0111111100000000001 1485 461751564427676 111111111111111111 461751564427670 16.99 4.17 6.40
0111111100000000001 1485 461751564427676 111111111111111100 461751564427671 16.99 12.51 11.70
0111111100000000001 1485 461751564427676 111111111111000000 461751564427672 16.99 12.51 11.70
0111111100000000001 1485 461751564427676 111111111100000000 461751564427673 16.99 12.51 11.70
0111111100000000001 1485 461751564427676 111111111000000000 461751564427674 16.99 12.51 9.00
0111111100000000001 1485 461751564427676 111111110000000000 461751564427675 16.99 12.51 9.00
0111111100000000001 1485 461751564427676 111111000000000001 461751564427677 16.99 14.59 11.70
0111111100000000001 1586 771107606647043 111111110000000000 071107606647043 16.99 12.51 9.00
0111111100000000001 1586 771107606647043 111111110000000001 171107606647043 16.99 14.59 11.70
0111111100000000001 1586 771107606647043 111111110000000001 271107606647043 16.99 14.59 11.70
0111111100000000001 1586 771107606647043 111111100000000001 371107606647043 16.99 14.59 9.00
0111111100000000001 1586 771107606647043 111111100000000001 471107606647043 16.99 14.59 9.00
0111111100000000001 1586 771107606647043 111111100000000001 571107606647043 16.99 14.59 9.00
0111111100000000001 1586 771107606647043 111111100000000001 671107606647043 16.99 14.59 9.00
0111111100000000001 1586 771107606647043 111110000000000011 701107606647043 16.99 16.68 14.30
0111111100000000001 1586 771107606647043 111111000000000011 711107606647043 16.99 16.68 9.00
0111111100000000001 1586 771107606647043 111111000000000011 721107606647043 16.99 16.68 9.00
0111111100000000001 1586 771107606647043 111111000000000011 731107606647043 16.99 16.68 9.00
0111111100000000001 1586 771107606647043 111111000000000011 741107606647043 16.99 16.68 9.00
0111111100000000001 1586 771107606647043 111111000000000001 751107606647043 16.99 14.59 11.70
0111111100000000001 1586 771107606647043 111111100000000001 761107606647043 16.99 14.59 9.00
0111111100000000001 1586 771107606647043 111111000000000001 770107606647043 16.99 14.59 11.70
0111111100000000001 1586 771107606647043 111111100000000001 772107606647043 16.99 14.59 9.00
0111111100000000001 1586 771107606647043 111111100000000001 773107606647043 16.99 14.59 9.00
0111111100000000001 1586 771107606647043 111111110000000001 774107606647043 16.99 14.59 11.70
0111111100000000001 1586 771107606647043 111111110000000001 775107606647043 16.99 14.59 11.70
0111111100000000001 1586 771107606647043 111111110000000001 776107606647043 16.99 14.59 11.70
0111111100000000001 1586 771107606647043 111111110000000001 777107606647043 16.99 14.59 11.70
0111111100000000001 1586 771107606647043 111111110000000000 771007606647043 16.99 12.51 9.00
0111111100000000001 1586 771107606647043 111111000000000001 771207606647043 16.99 14.59 11.70
0111111100000000001 1586 771107606647043 111111000000000011 771307606647043 16.99 16.68 9.00
0111111100000000001 1586 771107606647043 111111000000000011 771407606647043 16.99 16.68 9.00
0111111100000000001 1586 771107606647043 111111000000000011 771507606647043 16.99 16.68 9.00
0111111100000000001 1586 771107606647043 111111000000000011 771607606647043 16.99 16.68 9.00
0111111100000000001 1586 771107606647043 111111000000000011 771707606647043 16.99 16.68 9.00
0111111100000000001 1586 771107606647043 111111100000000001 771117606647043 16.99 14.59 9.00
0111111100000000001 1586 771107606647043 111111100000000000 771127606647043 16.99 12.51 6.40
0111111100000000001 1586 771107606647043 111111100000000000 771137606647043 16.99 12.51 6.40
0111111100000000001 1586 771107606647043 111111100000000000 771147606647043 16.99 12.51 6.40
0111111100000000001 1586 771107606647043 111111100000000000 771157606647043 16.99 12.51 6.40
0111111100000000001 1586 771107606647043 111111100000000000 771167606647043 16.99 12.51 6.40
0111111100000000001 1586 771107606647043 111111100000000000 771177606647043 16.99 12.51 6.40
0111111100000000001 1586 771107606647043 111111100000000000 771100606647043 16.99 12.51 6.40
0111111100000000001 1586 771107606647043 111111100000000000 771101606647043 16.99 12.51 6.40
0111111100000000001 1586 771107606647043 111111100000000000 771102606647043 16.99 12.51 6.40
0111111100000000001 1586 771107606647043 111111100000000000 771103606647043 16.99 12.51 6.40
0111111100000000001 1586 771107606647043 111111100000000001 771104606647043 16.99 14.59 9.00
0111111100000000001 1586 771107606647043 111111100000000001 771105606647043 16.99 14.59 9.00
0111111100000000001 1586 771107606647043 111111100000000001 771106606647043 16.99 14.59 9.00
0111111100000000001 1586 771107606647043 111111111111111110 771107006647043 16.99 10.42 9.00
0111111100000000001 1586 771107606647043 111110000000000001 771107106647043 16.99 14.59 14.30
0111111100000000001 1586 771107606647043 111110000000000111 771107206647043 16.99 16.68 11.70
0111111100000000001 1586 771107606647043 111110000000000111 771107306647043 16.99 16.68 11.70
0111111100000000001 1586 771107606647043 111111000000000011 771107406647043 16.99 16.68 9.00
0111111100000000001 1586 771107606647043 111111000000000011 771107506647043 16.99 16.68 9.00
0111111100000000001 1586 771107606647043 111111100000000000 771107706647043 16.99 12.51 6.40
0111111100000000001 1586 771107606647043 111111100000000001 771107616647043 16.99 14.59 9.00
0111111100000000001 1586 771107606647043 111111100000000001 771107626647043 16.99 14.59 9.00
0111111100000000001 1586 771107606647043 111111100000000001 771107636647043 16.99 14.59 9.00
0111111100000000001 1586 771107606647043 111111100000000001 771107646647043 16.99 14.59 9.00
0111111100000000001 1586 771107606647043 111111100000000001 771107656647043 16.99 14.59 9.00
0111111100000000001 1586 771107606647043 111111100000000001 771107666647043 16.99 14.59 9.00
0111111100000000001 1586 771107606647043 111111100000000001 771107676647043 16.99 14.59 9.00
0111111100000000001 1586 771107606647043 111111111111111111 771107600647043 16.99 4.17 6.40
0111111100000000001 1586 771107606647043 111111111111111100 771107601647043 16.99 12.51 11.70
0111111100000000001 1586 771107606647043 111111111111000000 771107602647043 16.99 12.51 11.70
0111111100000000001 1586 771107606647043 111111111100000000 771107603647043 16.99 12.51 11.70
0111111100000000001 1586 771107606647043 111111110000000000 771107604647043 16.99 12.51 9.00
0111111100000000001 1586 771107606647043 111111100000000000 771107605647043 16.99 12.51 6.40
0111111100000000001 1586 771107606647043 111111000000000011 771107607647043 16.99 16.68 9.00
0111111100000000001 1586 771107606647043 111111111111111111 771107606047043 16.99 4.17 6.40
0111111100000000001 1586 771107606647043 111111111111111110 771107606147043 16.99 10.42 9.00
0111111100000000001 1586 771107606647043 111111111111000000 771107606247043 16.99 12.51 11.70
0111111100000000001 1586 771107606647043 111111111100000000 771107606347043 16.99 12.51 11.70
0111111100000000001 1586 771107606647043 111111110000000000 771107606447043 16.99 12.51 9.00
0111111100000000001 1586 771107606647043 111111100000000000 771107606547043 16.99 12.51 6.40
0111111100000000001 1586 771107606647043 111111000000000011 771107606747043 16.99 16.68 9.00
0111111100000000001 1586 771107606647043 111110000000000000 771107606607043 16.99 12.51 11.70
0111111100000000001 1586 771107606647043 111111000000000000 771107606617043 16.99 12.51 9.00
0111111100000000001 1586 771107606647043 111111000000000000 771107606627043 16.99 12.51 9.00
0111111100000000001 1586 771107606647043 111111000000000001 771107606637043 16.99 14.59 11.70
0111111100000000001 1586 771107606647043 111111100000000001 771107606657043 16.99 14.59 9.00
0111111100000000001 1586 771107606647043 111111110000000001 771107606667043 16.99 14.59 11.70
0111111100000000001 1586 771107606647043 111111110000000000 771107606677043 16.99 12.51 9.00
0111111100000000001 1586 771107606647043 111111111111111111 771107606640043 16.99 4.17 6.40
0111111100000000001 1586 771107606647043 111111111111111111 771107606641043 16.99 4.17 6.40
0111111100000000001 1586 771107606647043 111111111111110000 771107606642043 16.99 12.51 11.70
0111111100000000001 1586 771107606647043 111111111110000000 771107606643043 16.99 12.51 11.70
0111111100000000001 1586 771107606647043 111111111100000000 771107606644043 16.99 12.51 11.70
0111111100000000001 1586 771107606647043 111111110000000000 771107606645043 16.99 12.51 9.00
0111111100000000001 1586 771107606647043 111111100000000000 771107606646043 16.99 12.51 6.40
0111111100000000001 1586 771107606647043 111111100000000011 771107606647143 16.99 16.68 11.70
0111111100000000001 1586 771107606647043 111111100000000111 771107606647243 16.99 16.68 14.30
0111111100000000001 1586 771107606647043 111111100000000111 771107606647343 16.99 16.68 14.30
0111111100000000001 1586 771107606647043 111111100000000111 771107606647443 16.99 16.68 14.30
0111111100000000001 1586 771107606647043 111111100000001111 771107606647543 16.99 16.68 14.30
0111111100000000001 1586 771107606647043 111111100000001111 771107606647643 16.99 16.68 14.30
0111111100000000001 1586 771107606647043 111111100000001111 771107606647743 16.99 16.68 14.30
0111111100000000001 1586 771107606647043 111100000000000001 771107606647003 16.99 14.59 14.30
0111111100000000001 1586 771107606647043 111110000000000111 771107606647013 16.99 16.68 11.70
0111111100000000001 1586 771107606647043 111110000000000011 771107606647023 16.99 16.68 14.30
0111111100000000001 1586 771107606647043 111111000000000011 771107606647033 16.99 16.68 9.00
0111111100000000001 1586 771107606647043 111111110000000000 771107606647053 16.99 12.51 9.00
0111111100000000001 1586 771107606647043 111111110000000000 771107606647063 16.99 12.51 9.00
0111111100000000001 1586 771107606647043 111111111000000000 771107606647073 16.99 12.51 9.00
0111111100000000001 1586 771107606647043 111111111111111110 771107606647040 16.99 10.42 9.00
0111111100000000001 1586 771107606647043 111111111110000000 771107606647041 16.99 12.51 11.70
0111111100000000001 1586 771107606647043 111111110000000000 771107606647042 16.99 12.51 9.00
0111111100000000001 1586 771107606647043 111111000000000011 771107606647044 16.99 16.68 9.00
0111111100000000001 1586 771107606647043 111110000000000011 771107606647045 16.99 16.68 14.30
0111111100000000001 1586 771107606647043 111110000000000111 771107606647046 16.99 16.68 11.70
0111111100000000001 1586 771107606647043 111110000000000111 771107606647047 16.99 16.68 11.70
0111111100000000001 1692 103643413307511 111111100000000011 003643413307511 16.99 16.68 11.70
0111111100000000001 1692 103643413307511 111111000000000001 203643413307511 16.99 14.59 11.70
0111111100000000001 1692 103643413307511 111111000000000001 303643413307511 16.99 14.59 11.70
0111111100000000001 1692 103643413307511 111111000000000001 403643413307511 16.99 14.59 11.70
0111111100000000001 1692 103643413307511 111111000000000001 503643413307511 16.99 14.59 11.70
0111111100000000001 1692 103643413307511 111111000000000001 603643413307511 16.99 14.59 11.70
0111111100000000001 1692 103643413307511 111111000000000001 703643413307511 16.99 14.59 11.70
0111111100000000001 1692 103643413307511 111111100000000001 113643413307511 16.99 14.59 9.00
0111111100000000001 1692 103643413307511 111111100000000001 123643413307511 16.99 14.59 9.00
0111111100000000001 1692 103643413307511 111111100000000001 133643413307511 16.99 14.59 9.00
0111111100000000001 1692 103643413307511 111111100000000001 143643413307511 16.99 14.59 9.00
0111111100000000001 1692 103643413307511 111111100000000001 153643413307511 16.99 14.59 9.00
0111111100000000001 1692 103643413307511 111111100000000001 163643413307511 16.99 14.59 9.00
0111111100000000001 1692 103643413307511 111111110000000001 173643413307511 16.99 14.59 11.70
0111111100000000001 1692 103643413307511 111111000000000001 100643413307511 16.99 14.59 11.70
0111111100000000001 1692 103643413307511 111111000000000001 101643413307511 16.99 14.59 11.70
0111111100000000001 1692 103643413307511 111111000000000001 102643413307511 16.99 14.59 11.70
0111111100000000001 1692 103643413307511 111111100000000001 104643413307511 16.99 14.59 9.00
0111111100000000001 1692 103643413307511 111111100000000011 105643413307511 16.99 16.68 11.70
0111111100000000001 1692 103643413307511 111111100000000011 106643413307511 16.99 16.68 11.70
0111111100000000001 1692 103643413307511 111111100000000011 107643413307511 16.99 16.68 11.70
0111111100000000001 1692 103643413307511 111111100000000001 103043413307511 16.99 14.59 9.00
0111111100000000001 1692 103643413307511 111111100000000001 103143413307511 16.99 14.59 9.00
0111111100000000001 1692 103643413307511 111111100000000001 103243413307511 16.99 14.59 9.00
0111111100000000001 1692 103643413307511 111111100000000001 103343413307511 16.99 14.59 9.00
0111111100000000001 1692 103643413307511 111111100000000001 103443413307511 16.99 14.59 9.00
0111111100000000001 1692 103643413307511 111111100000000001 103543413307511 16.99 14.59 9.00
0111111100000000001 1692 103643413307511 111111100000000001 103743413307511 16.99 14.59 9.00
0111111100000000001 1692 103643413307511 111111100000000011 103603413307511 16.99 16.68 11.70
0111111100000000001 1692 103643413307511 111111100000000011 103613413307511 16.99 16.68 11.70
0111111100000000001 1692 103643413307511 111111100000000011 103623413307511 16.99 16.68 11.70
0111111100000000001 1692 103643413307511 111111100000000011 103633413307511 16.99 16.68 11.70
0111111100000000001 1692 103643413307511 111111100000000001 103653413307511 16.99 14.59 9.00
0111111100000000001 1692 103643413307511 111111100000000001 103663413307511 16.99 14.59 9.00
0111111100000000001 1692 103643413307511 111111100000000001 103673413307511 16.99 14.59 9.00
0111111100000000001 1692 103643413307511 111111100000000000 103640413307511 16.99 12.51 6.40
0111111100000000001 1692 103643413307511 111111100000000001 103641413307511 16.99 14.59 9.00
0111111100000000001 1692 103643413307511 111111100000000001 103642413307511 16.99 14.59 9.00
0111111100000000001 1692 103643413307511 111111100000000011 103644413307511 16.99 16.68 11.70
0111111100000000001 1692 103643413307511 111111100000000011 103645413307511 16.99 16.68 11.70
0111111100000000001 1692 103643413307511 111111100000000011 103646413307511 16.99 16.68 11.70
0111111100000000001 1692 103643413307511 111111100000000011 103647413307511 16.99 16.68 11.70
0111111100000000001 1692 103643413307511 111000000000001111 103643013307511 16.99 16.68 11.70
0111111100000000001 1692 103643413307511 111100000000001111 103643113307511 16.99 16.68 9.00
0111111100000000001 1692 103643413307511 111110000000000111 103643213307511 16.99 16.68 11.70
0111111100000000001 1692 103643413307511 111111000000000011 103643313307511 16.99 16.68 9.00
0111111100000000001 1692 103643413307511 111111100000000001 103643513307511 16.99 14.59 9.00
0111111100000000001 1692 103643413307511 111111110000000000 103643613307511 16.99 12.51 9.00
0111111100000000001 1692 103643413307511 111111111000000000 103643713307511 16.99 12.51 9.00
0111111100000000001 1692 103643413307511 111111100000000001 103643403307511 16.99 14.59 9.00
0111111100000000001 1692 103643413307511 111111100000000001 103643423307511 16.99 14.59 9.00
0111111100000000001 1692 103643413307511 111111100000000001 103643433307511 16.99 14.59 9.00
0111111100000000001 1692 103643413307511 111111100000000001 103643443307511 16.99 14.59 9.00
0111111100000000001 1692 103643413307511 111111100000000001 103643453307511 16.99 14.59 9.00
0111111100000000001 1692 103643413307511 111111100000000001 103643463307511 16.99 14.59 9.00
0111111100000000001 1692 103643413307511 111111100000000001 103643473307511 16.99 14.59 9.00
0111111100000000001 1692 103643413307511 111111111111110000 103643410307511 16.99 12.51 11.70
0111111100000000001 1692 103643413307511 111111111100000000 103643411307511 16.99 12.51 11.70
0111111100000000001 1692 103643413307511 111111110000000000 103643412307511 16.99 12.51 9.00
0111111100000000001 1692 103643413307511 111111000000000011 103643414307511 16.99 16.68 9.00
0111111100000000001 1692 103643413307511 111110000000000011 103643415307511 16.99 16.68 14.30
0111111100000000001 1692 103643413307511 111110000000000111 103643416307511 16.99 16.68 11.70
0111111100000000001 1692 103643413307511 111100000000000111 103643417307511 16.99 16.68 14.30
0111111100000000001 1692 103643413307511 111111111111111000 103643413007511 16.99 12.51 11.70
0111111100000000001 1692 103643413307511 111111111100000000 103643413107511 16.99 12.51 11.70
0111111100000000001 1692 103643413307511 111111110000000000 103643413207511 16.99 12.51 9.00
0111111100000000001 1692 103643413307511 111111000000000011 103643413407511 16.99 16.68 9.00
0111111100000000001 1692 103643413307511 111110000000000111 103643413507511 16.99 16.68 11.70
0111111100000000001 1692 103643413307511 111110000000000111 103643413607511 16.99 16.68 11.70
0111111100000000001 1692 103643413307511 111100000000000111 103643413707511 16.99 16.68 14.30
0111111100000000001 1692 103643413307511 111111100000000011 103643413317511 16.99 16.68 11.70
0111111100000000001 1692 103643413307511 111111110000000011 103643413327511 16.99 16.68 14.30
0111111100000000001 1692 103643413307511 111111110000000011 103643413337511 16.99 16.68 14.30
0111111100000000001 1692 103643413307511 111111111000000001 103643413347511 16.99 14.59 14.30
0111111100000000001 1692 103643413307511 111111111100000000 103643413357511 16.99 12.51 11.70
0111111100000000001 1692 103643413307511 111111111110000000 103643413367511 16.99 12.51 11.70
0111111100000000001 1692 103643413307511 111111111111000000 103643413377511 16.99 12.51 11.70
0111111100000000001 1692 103643413307511 111111111111111111 103643413300511 16.99 4.17 6.40
0111111100000000001 1692 103643413307511 111111111111111000 103643413301511 16.99 12.51 11.70
0111111100000000001 1692 103643413307511 111111111111000000 103643413302511 16.99 12.51 11.70
0111111100000000001 1692 103643413307511 111111111100000000 103643413303511 16.99 12.51 11.70
0111111100000000001 1692 103643413307511 111111111000000000 103643413304511 16.99 12.51 9.00
0111111100000000001 1692 103643413307511 111111110000000000 103643413305511 16.99 12.51 9.00
0111111100000000001 1692 103643413307511 111111100000000000 103643413306511 16.99 12.51 6.40
0111111100000000001 1692 103643413307511 111111100000000000 103643413307011 16.99 12.51 6.40
0111111100000000001 1692 103643413307511 111111100000000000 103643413307111 16.99 12.51 6.40
0111111100000000001 1692 103643413307511 111111100000000000 103643413307211 16.99 12.51 6.40
0111111100000000001 1692 103643413307511 111111100000000000 103643413307311 16.99 12.51 6.40
0111111100000000001 1692 103643413307511 111111100000000001 103643413307411 16.99 14.59 9.00
0111111100000000001 1692 103643413307511 111111100000000011 103643413307611 16.99 16.68 11.70
0111111100000000001 1692 103643413307511 111111100000000011 103643413307711 16.99 16.68 11.70
0111111100000000001 1692 103643413307511 111100000000000111 103643413307501 16.99 16.68 14.30
0111111100000000001 1692 103643413307511 111111110000000000 103643413307521 16.99 12.51 9.00
0111111100000000001 1692 103643413307511 111111111100000000 103643413307531 16.99 12.51 11.70
0111111100000000001 1692 103643413307511 111111111110000000 103643413307541 16.99 12.51 11.70
0111111100000000001 1692 103643413307511 111111111111100000 103643413307551 16.99 12.51 11.70
0111111100000000001 1692 103643413307511 111111111111110000 103643413307561 16.99 12.51 11.70
0111111100000000001 1692 103643413307511 111111111111111000 103643413307571 16.99 12.51 11.70
0111111100000000001 1692 103643413307511 111111111100000000 103643413307510 16.99 12.51 11.70
0111111100000000001 1692 103643413307511 111110000000000011 103643413307512 16.99 16.68 14.30
0111111100000000001 1692 103643413307511 111100000000000111 103643413307513 16.99 16.68 14.30
0111111100000000001 1692 103643413307511 111100000000000111 103643413307514 16.99 16.68 14.30
0111111100000000001 1692 103643413307511 111100000000001111 103643413307515 16.99 16.68 9.00
0111111100000000001 1692 103643413307511 111000000000001111 103643413307516 16.99 16.68 11.70
0111111100000000001 1692 103643413307511 111000000000001111 103643413307517 16.99 16.68 11.70
