Phenotype Freq KC_col1 Conditional_Complexity
0100000000000000000	15 14.87 21.80
0100000000000000001	7 16.99 22.40
0100000000000000011	2 19.12 20.30
0100000000000000111	6 19.12 20.30
0100000000000001111	8 19.12 20.30
0100000000000011111	11 19.12 20.30
0100000000000111111	18 19.12 20.30
0100000000001111111	21 19.12 20.30
0100000000011111111	20 19.12 20.30
0100000000111111111	20 19.12 20.30
0100000001111111111	8 19.12 20.30
0100000011111111111	3 19.12 20.30
0101111111111111111	2 14.87 21.80
0110000000000000000	330 14.87 19.20
0110000000000000001	91 16.99 19.70
0110000000000000011	102 19.12 20.30
0110000000000000111	112 19.12 20.30
0110000000000001111	156 19.12 20.30
0110000000000011111	208 19.12 20.30
0110000000000111111	231 19.12 20.30
0110000000001111111	243 19.12 20.30
0110000000011111111	166 19.12 20.30
0110000000111111111	70 19.12 20.30
0110000001111111111	14 19.12 20.30
0110011111111111111	6 19.12 20.30
0110111111111111111	25 16.99 22.40
0111000000000000000	1158 14.87 16.60
0111000000000000001	232 16.99 19.70
0111000000000000011	332 19.12 17.60
0111000000000000111	340 19.12 15.00
0111000000000001111	420 19.12 17.60
0111000000000011111	408 19.12 17.60
0111000000000111111	412 19.12 17.60
0111000000001111111	300 19.12 17.60
0111000000011000000	1 21.24 12.90
0111000000011111000	1 23.36 16.00
0111000000011111100	2 23.36 16.00
0111000000011111111	133 19.12 17.60
0111000000111111000	2 23.36 16.00
0111000000111111111	23 19.12 20.30
0111000001110000000	2 21.24 12.90
0111000001111111000	1 23.36 16.00
0111000001111111111	6 19.12 20.30
0111001111111111111	12 19.12 20.30
0111010111111111111	1 19.12 20.30
0111011111111111111	25 16.99 22.40
0111100000000000000	2049 14.87 19.20
0111100000000000001	362 16.99 17.10
0111100000000000011	473 19.12 17.60
0111100000000000111	534 19.12 17.60
0111100000000001111	511 19.12 17.60
0111100000000011100	1 21.24 15.50
0111100000000011111	461 19.12 17.60
0111100000000111111	325 19.12 20.30
0111100000001000000	1 21.24 15.50
0111100000001111111	130 19.12 17.60
0111100000011111111	47 19.12 20.30
0111100000111111111	4 19.12 20.30
0111100001111111111	2 19.12 20.30
0111100011100000000	1 23.36 10.70
0111100011110000000	1 21.24 15.50
0111100011111111111	2 19.12 17.60
0111100101111111111	1 21.24 23.40
0111100110101111100	1 23.36 18.60
0111100110111111111	2 21.24 20.80
0111100111011100110	1 25.49 16.50
0111100111101001010	1 25.49 16.50
0111100111101111111	1 19.12 20.30
0111100111111111111	9 19.12 20.30
0111101011111111111	3 19.12 20.30
0111101101111111111	1 19.12 20.30
0111101111111111111	27 16.99 22.40
0111110000000000000	2639 14.87 19.20
0111110000000000001	450 16.99 19.70
0111110000000000011	539 19.12 17.60
0111110000000000111	540 19.12 17.60
0111110000000001111	476 19.12 17.60
0111110000000011100	1 21.24 15.50
0111110000000011111	342 19.12 17.60
0111110000000111111	175 19.12 20.30
0111110000001111111	44 19.12 22.90
0111110000010000000	1 21.24 20.80
0111110000011000000	1 21.24 18.20
0111110000011110000	1 21.24 15.50
0111110000011111000	1 21.24 18.20
0111110000011111100	1 21.24 15.50
0111110000011111111	3 19.12 20.30
0111110000111110000	1 19.12 20.30
0111110001001111010	1 29.74 14.90
0111110001011101100	1 27.61 14.40
0111110001011111001	1 23.36 21.20
0111110001011111111	1 23.36 21.20
0111110001100111111	1 23.36 21.20
0111110001101111111	1 23.36 21.20
0111110001111001111	1 25.49 16.50
0111110001111010101	1 25.49 16.50
0111110001111101101	1 25.49 16.50
0111110001111111111	1 19.12 20.30
0111110010101100110	1 29.74 20.20
0111110010111001010	1 23.36 18.60
0111110010111111111	3 21.24 20.80
0111110011001111111	1 23.36 21.20
0111110011010000011	1 25.49 19.10
0111110011010011111	1 25.49 19.10
0111110011011111111	1 21.24 20.80
0111110011101101100	1 23.36 18.60
0111110011101111111	1 21.24 18.20
0111110011110011111	1 21.24 18.20
0111110011110101010	1 23.36 18.60
0111110011111000000	1 19.12 17.60
0111110011111101010	1 23.36 18.60
0111110011111110011	1 21.24 18.20
0111110011111111010	1 23.36 18.60
0111110011111111111	4 19.12 20.30
0111110101011001000	1 25.49 19.10
0111110101101111011	1 25.49 16.50
0111110101111111111	3 19.12 20.30
0111110111100000000	1 21.24 15.50
0111110111111000101	1 27.61 19.60
0111110111111011010	1 25.49 19.10
0111110111111101000	1 23.36 21.20
0111110111111111111	4 16.99 22.40
0111111000000000000	3023 14.87 19.20
0111111000000000001	473 16.99 19.70
0111111000000000011	508 19.12 17.60
0111111000000000111	499 19.12 17.60
0111111000000001111	340 19.12 17.60
0111111000000011111	162 19.12 17.60
0111111000000111111	37 19.12 22.90
0111111000001111111	2 19.12 20.30
0111111000011000000	1 23.36 16.00
0111111000011111111	3 19.12 20.30
0111111000101110110	1 27.61 17.00
0111111000110101111	1 25.49 16.50
0111111000110111111	1 23.36 21.20
0111111000111001111	1 25.49 13.90
0111111000111010011	1 27.61 14.40
0111111000111100101	1 27.61 14.40
0111111001011011011	1 23.36 21.20
0111111001101111111	1 19.12 22.90
0111111001111111111	2 19.12 20.30
0111111010010110010	1 27.61 17.00
0111111010111011111	1 23.36 21.20
0111111011011010111	1 21.24 20.80
0111111011110110010	1 25.49 16.50
0111111011110111101	1 21.24 18.20
0111111100000000000	3320 14.87 19.20
0111111100000000001	450 16.99 19.70
0111111100000000011	396 19.12 17.60
0111111100000000111	292 19.12 17.60
0111111100000001111	136 19.12 17.60
0111111100000011111	47 19.12 20.30
0111111100000111111	2 19.12 22.90
0111111100001001110	1 25.49 16.50
0111111100001101011	2 25.49 19.10
0111111100001111100	1 21.24 15.50
0111111100001111111	2 19.12 20.30
0111111100011101110	1 25.49 13.90
0111111100011111111	1 19.12 17.60
0111111100101100101	1 23.36 18.60
0111111100101111111	1 19.12 20.30
0111111100110011001	1 21.24 20.80
0111111100110110101	1 25.49 21.70
0111111100111001010	1 25.49 19.10
0111111100111111111	2 19.12 20.30
0111111101010011011	1 23.36 21.20
0111111101010110111	1 21.24 20.80
0111111101110000011	1 23.36 18.60
0111111101110100000	1 21.24 18.20
0111111101111000000	1 21.24 15.50
0111111101111111111	1 16.99 22.40
0111111110000000000	3456 14.87 19.20
0111111110000000001	360 16.99 19.70
0111111110000000011	247 19.12 17.60
0111111110000000111	123 19.12 17.60
0111111110000001111	34 19.12 20.30
0111111110000011111	3 19.12 20.30
0111111110000111110	1 21.24 18.20
0111111110001111101	1 23.36 18.60
0111111110001111111	2 19.12 17.60
0111111110010001110	1 25.49 16.50
0111111110010101101	1 27.61 17.00
0111111110010111111	1 21.24 20.80
0111111110011110001	1 23.36 18.60
0111111110011111111	2 16.99 19.70
0111111110100101110	1 25.49 19.10
0111111110101010000	1 19.12 20.30
0111111110101111111	1 19.12 22.90
0111111110110000000	1 21.24 18.20
0111111110110000101	1 25.49 19.10
0111111110110101000	1 23.36 21.20
0111111110110101101	1 23.36 16.00
0111111110111001101	1 25.49 16.50
0111111110111111111	1 14.87 21.80
0111111111000000000	3522 14.87 19.20
0111111111000000001	227 16.99 19.70
0111111111000000011	123 19.12 17.60
0111111111000000111	25 19.12 20.30
0111111111000111010	1 25.49 13.90
0111111111000111110	1 21.24 15.50
0111111111000111111	1 19.12 17.60
0111111111001010010	1 23.36 18.60
0111111111001111010	1 23.36 13.30
0111111111001111110	1 19.12 17.60
0111111111001111111	2 16.99 19.70
0111111111011100011	1 21.24 18.20
0111111111011101010	1 21.24 20.80
0111111111011111001	1 23.36 18.60
0111111111011111111	1 16.99 19.70
0111111111100000000	3307 14.87 19.20
0111111111100000001	112 16.99 19.70
0111111111100000011	26 19.12 20.30
0111111111100000111	2 19.12 20.30
0111111111100001111	3 19.12 20.30
0111111111100100000	1 19.12 20.30
0111111111100101001	1 23.36 18.60
0111111111100111010	1 23.36 16.00
0111111111101000111	2 21.24 18.20
0111111111101011111	1 19.12 22.90
0111111111101100010	1 23.36 18.60
0111111111101101000	1 21.24 18.20
0111111111101101101	1 19.12 20.30
0111111111101111111	1 16.99 19.70
0111111111110000000	3070 14.87 16.60
0111111111110000001	25 16.99 22.40
0111111111110000011	1 19.12 20.30
0111111111110000111	2 19.12 20.30
0111111111110001011	2 21.24 18.20
0111111111110001111	1 19.12 17.60
0111111111110011011	1 21.24 18.20
0111111111110011110	1 19.12 15.00
0111111111110011111	1 16.99 19.70
0111111111110101001	1 21.24 20.80
0111111111110101010	1 16.99 19.70
0111111111111000000	2816 14.87 16.60
0111111111111000001	2 16.99 22.40
0111111111111000111	3 19.12 15.00
0111111111111001111	2 16.99 19.70
0111111111111011001	2 21.24 20.80
0111111111111011111	1 16.99 19.70
0111111111111100000	2543 14.87 19.20
0111111111111100001	3 16.99 22.40
0111111111111100011	2 19.12 20.30
0111111111111100111	2 16.99 17.10
0111111111111101010	1 16.99 19.70
0111111111111101111	2 16.99 14.50
0111111111111110000	2274 14.87 19.20
0111111111111110001	2 16.99 22.40
0111111111111110011	3 16.99 19.70
0111111111111110110	1 19.12 17.60
0111111111111111000	2196 14.87 19.20
0111111111111111001	1 16.99 19.70
0111111111111111011	1 16.99 19.70
0111111111111111100	1925 14.87 16.60
0111111111111111110	1899 12.74 18.80
0111111111111111111	43646 10.62 20.90
