ParentPhenotype line ParentGenotype MutantPhenotype MutantGenotype KC_col1 KC_col4 Conditional_Complexity
0111111111000000011 4 025215461477116 111111110000000011 125215461477116 19.12 16.68 9.60
0111111111000000011 4 025215461477116 111111110000000011 225215461477116 19.12 16.68 9.60
0111111111000000011 4 025215461477116 111111100000000111 325215461477116 19.12 16.68 9.60
0111111111000000011 4 025215461477116 111111100000000111 425215461477116 19.12 16.68 9.60
0111111111000000011 4 025215461477116 111111100000000111 525215461477116 19.12 16.68 9.60
0111111111000000011 4 025215461477116 111111100000000111 625215461477116 19.12 16.68 9.60
0111111111000000011 4 025215461477116 111111100000000111 725215461477116 19.12 16.68 9.60
0111111111000000011 4 025215461477116 111111100000000111 005215461477116 19.12 16.68 9.60
0111111111000000011 4 025215461477116 111111110000000011 015215461477116 19.12 16.68 9.60
0111111111000000011 4 025215461477116 111111111000000001 035215461477116 19.12 14.59 9.60
0111111111000000011 4 025215461477116 111111111100000001 045215461477116 19.12 14.59 9.60
0111111111000000011 4 025215461477116 111111111100000000 055215461477116 19.12 12.51 6.90
0111111111000000011 4 025215461477116 111111111110000000 065215461477116 19.12 12.51 6.90
0111111111000000011 4 025215461477116 111111111110000000 075215461477116 19.12 12.51 6.90
0111111111000000011 4 025215461477116 111111100000000011 020215461477116 19.12 16.68 9.60
0111111111000000011 4 025215461477116 111111110000000011 021215461477116 19.12 16.68 9.60
0111111111000000011 4 025215461477116 111111110000000011 022215461477116 19.12 16.68 9.60
0111111111000000011 4 025215461477116 111111110000000011 023215461477116 19.12 16.68 9.60
0111111111000000011 4 025215461477116 111111110000000011 024215461477116 19.12 16.68 9.60
0111111111000000011 4 025215461477116 111111111000000011 026215461477116 19.12 16.68 9.60
0111111111000000011 4 025215461477116 111111111000000011 027215461477116 19.12 16.68 9.60
0111111111000000011 4 025215461477116 111111111111000000 025015461477116 19.12 12.51 6.90
0111111111000000011 4 025215461477116 111111111000000001 025115461477116 19.12 14.59 9.60
0111111111000000011 4 025215461477116 111111110000000011 025315461477116 19.12 16.68 9.60
0111111111000000011 4 025215461477116 111111110000000111 025415461477116 19.12 16.68 6.90
0111111111000000011 4 025215461477116 111111110000000111 025515461477116 19.12 16.68 6.90
0111111111000000011 4 025215461477116 111111110000000111 025615461477116 19.12 16.68 6.90
0111111111000000011 4 025215461477116 111111100000000111 025715461477116 19.12 16.68 9.60
0111111111000000011 4 025215461477116 111111111000000001 025205461477116 19.12 14.59 9.60
0111111111000000011 4 025215461477116 111111110000000011 025225461477116 19.12 16.68 9.60
0111111111000000011 4 025215461477116 111111110000000011 025235461477116 19.12 16.68 9.60
0111111111000000011 4 025215461477116 111111110000000011 025245461477116 19.12 16.68 9.60
0111111111000000011 4 025215461477116 111111110000000011 025255461477116 19.12 16.68 9.60
0111111111000000011 4 025215461477116 111111110000000001 025265461477116 19.12 14.59 9.60
0111111111000000011 4 025215461477116 111111110000000001 025275461477116 19.12 14.59 9.60
0111111111000000011 4 025215461477116 111111111000000000 025210461477116 19.12 12.51 6.90
0111111111000000011 4 025215461477116 111111111000000001 025211461477116 19.12 14.59 9.60
0111111111000000011 4 025215461477116 111111111000000001 025212461477116 19.12 14.59 9.60
0111111111000000011 4 025215461477116 111111111000000011 025213461477116 19.12 16.68 9.60
0111111111000000011 4 025215461477116 111111111000000011 025214461477116 19.12 16.68 9.60
0111111111000000011 4 025215461477116 111111111000000011 025216461477116 19.12 16.68 9.60
0111111111000000011 4 025215461477116 111111111000000011 025217461477116 19.12 16.68 9.60
0111111111000000011 4 025215461477116 111110000000011111 025215061477116 19.12 16.68 12.20
0111111111000000011 4 025215461477116 111110000000011111 025215161477116 19.12 16.68 12.20
0111111111000000011 4 025215461477116 111111000000001111 025215261477116 19.12 16.68 12.20
0111111111000000011 4 025215461477116 111111100000000111 025215361477116 19.12 16.68 9.60
0111111111000000011 4 025215461477116 111111111100000001 025215561477116 19.12 14.59 9.60
0111111111000000011 4 025215461477116 111111111110000000 025215661477116 19.12 12.51 6.90
0111111111000000011 4 025215461477116 111111111111000000 025215761477116 19.12 12.51 6.90
0111111111000000011 4 025215461477116 111111111000000011 025215401477116 19.12 16.68 9.60
0111111111000000011 4 025215461477116 111111111000000011 025215411477116 19.12 16.68 9.60
0111111111000000011 4 025215461477116 111111111000000011 025215421477116 19.12 16.68 9.60
0111111111000000011 4 025215461477116 111111111000000011 025215431477116 19.12 16.68 9.60
0111111111000000011 4 025215461477116 111111111000000011 025215441477116 19.12 16.68 9.60
0111111111000000011 4 025215461477116 111111111000000011 025215451477116 19.12 16.68 9.60
0111111111000000011 4 025215461477116 111111111000000011 025215471477116 19.12 16.68 9.60
0111111111000000011 4 025215461477116 111111111111111000 025215460477116 19.12 12.51 9.60
0111111111000000011 4 025215461477116 111111000000001111 025215462477116 19.12 16.68 12.20
0111111111000000011 4 025215461477116 111110000000011111 025215463477116 19.12 16.68 12.20
0111111111000000011 4 025215461477116 111100000000111111 025215464477116 19.12 16.68 9.60
0111111111000000011 4 025215461477116 111100000001111111 025215465477116 19.12 16.68 6.90
0111111111000000011 4 025215461477116 111000000001111111 025215466477116 19.12 16.68 9.60
0111111111000000011 4 025215461477116 111000000001111111 025215467477116 19.12 16.68 9.60
0111111111000000011 4 025215461477116 111111111111111111 025215461077116 19.12 4.17 4.30
0111111111000000011 4 025215461477116 111111111111111110 025215461177116 19.12 10.42 6.90
0111111111000000011 4 025215461477116 111111111111000000 025215461277116 19.12 12.51 6.90
0111111111000000011 4 025215461477116 111111111100000000 025215461377116 19.12 12.51 6.90
0111111111000000011 4 025215461477116 111111110000000111 025215461577116 19.12 16.68 6.90
0111111111000000011 4 025215461477116 111111100000001111 025215461677116 19.12 16.68 6.90
0111111111000000011 4 025215461477116 111111000000001111 025215461777116 19.12 16.68 12.20
0111111111000000011 4 025215461477116 111110000000000000 025215461407116 19.12 12.51 9.60
0111111111000000011 4 025215461477116 111111000000000001 025215461417116 19.12 14.59 12.20
0111111111000000011 4 025215461477116 111111000000000111 025215461427116 19.12 16.68 12.20
0111111111000000011 4 025215461477116 111111000000000111 025215461437116 19.12 16.68 12.20
0111111111000000011 4 025215461477116 111111100000000111 025215461447116 19.12 16.68 9.60
0111111111000000011 4 025215461477116 111111100000000111 025215461457116 19.12 16.68 9.60
0111111111000000011 4 025215461477116 111111110000000011 025215461467116 19.12 16.68 9.60
0111111111000000011 4 025215461477116 111111111111111111 025215461470116 19.12 4.17 4.30
0111111111000000011 4 025215461477116 111111111111111111 025215461471116 19.12 4.17 4.30
0111111111000000011 4 025215461477116 111111111111111111 025215461472116 19.12 4.17 4.30
0111111111000000011 4 025215461477116 111111111111111000 025215461473116 19.12 12.51 9.60
0111111111000000011 4 025215461477116 111111111111000000 025215461474116 19.12 12.51 6.90
0111111111000000011 4 025215461477116 111111111110000000 025215461475116 19.12 12.51 6.90
0111111111000000011 4 025215461477116 111111111000000000 025215461476116 19.12 12.51 6.90
0111111111000000011 4 025215461477116 111111111000000001 025215461477016 19.12 14.59 9.60
0111111111000000011 4 025215461477116 111111111000000011 025215461477216 19.12 16.68 9.60
0111111111000000011 4 025215461477116 111111111000000111 025215461477316 19.12 16.68 9.60
0111111111000000011 4 025215461477116 111111111000000111 025215461477416 19.12 16.68 9.60
0111111111000000011 4 025215461477116 111111111000000111 025215461477516 19.12 16.68 9.60
0111111111000000011 4 025215461477116 111111111000000111 025215461477616 19.12 16.68 9.60
0111111111000000011 4 025215461477116 111111111000001111 025215461477716 19.12 16.68 12.20
0111111111000000011 4 025215461477116 111111000000011111 025215461477106 19.12 16.68 9.60
0111111111000000011 4 025215461477116 111111111110000000 025215461477126 19.12 12.51 6.90
0111111111000000011 4 025215461477116 111111111111110000 025215461477136 19.12 12.51 9.60
0111111111000000011 4 025215461477116 111111111111111110 025215461477146 19.12 10.42 6.90
0111111111000000011 4 025215461477116 111111111111111111 025215461477156 19.12 4.17 4.30
0111111111000000011 4 025215461477116 111111111111111111 025215461477166 19.12 4.17 4.30
0111111111000000011 4 025215461477116 111111111111111111 025215461477176 19.12 4.17 4.30
0111111111000000011 4 025215461477116 111111111111111111 025215461477110 19.12 4.17 4.30
0111111111000000011 4 025215461477116 111111111111111111 025215461477111 19.12 4.17 4.30
0111111111000000011 4 025215461477116 111111111111111110 025215461477112 19.12 10.42 6.90
0111111111000000011 4 025215461477116 111111111111110000 025215461477113 19.12 12.51 9.60
0111111111000000011 4 025215461477116 111111111110000000 025215461477114 19.12 12.51 6.90
0111111111000000011 4 025215461477116 111111111100000001 025215461477115 19.12 14.59 9.60
0111111111000000011 4 025215461477116 111111110000000111 025215461477117 19.12 16.68 6.90
0111111111000000011 374 562155010704105 111111110000000000 062155010704105 19.12 12.51 6.90
0111111111000000011 374 562155010704105 111111110000000000 162155010704105 19.12 12.51 6.90
0111111111000000011 374 562155010704105 111111110000000000 262155010704105 19.12 12.51 6.90
0111111111000000011 374 562155010704105 111111110000000000 362155010704105 19.12 12.51 6.90
0111111111000000011 374 562155010704105 111111110000000001 462155010704105 19.12 14.59 9.60
0111111111000000011 374 562155010704105 111111111000000111 662155010704105 19.12 16.68 9.60
0111111111000000011 374 562155010704105 111111111000001111 762155010704105 19.12 16.68 12.20
0111111111000000011 374 562155010704105 111111111111111111 502155010704105 19.12 4.17 4.30
0111111111000000011 374 562155010704105 111111000000011111 512155010704105 19.12 16.68 9.60
0111111111000000011 374 562155010704105 111111000000001111 522155010704105 19.12 16.68 12.20
0111111111000000011 374 562155010704105 111111100000000111 532155010704105 19.12 16.68 9.60
0111111111000000011 374 562155010704105 111111110000000111 542155010704105 19.12 16.68 6.90
0111111111000000011 374 562155010704105 111111110000000011 552155010704105 19.12 16.68 9.60
0111111111000000011 374 562155010704105 111111111000000011 572155010704105 19.12 16.68 9.60
0111111111000000011 374 562155010704105 111111111111111111 560155010704105 19.12 4.17 4.30
0111111111000000011 374 562155010704105 111111111000001111 561155010704105 19.12 16.68 12.20
0111111111000000011 374 562155010704105 111111110000000000 563155010704105 19.12 12.51 6.90
0111111111000000011 374 562155010704105 111111110000000000 564155010704105 19.12 12.51 6.90
0111111111000000011 374 562155010704105 111111110000000000 565155010704105 19.12 12.51 6.90
0111111111000000011 374 562155010704105 111111110000000000 566155010704105 19.12 12.51 6.90
0111111111000000011 374 562155010704105 111111110000000000 567155010704105 19.12 12.51 6.90
0111111111000000011 374 562155010704105 111111111111000001 562055010704105 19.12 14.59 12.20
0111111111000000011 374 562155010704105 111111100000000111 562255010704105 19.12 16.68 9.60
0111111111000000011 374 562155010704105 111111100000000111 562355010704105 19.12 16.68 9.60
0111111111000000011 374 562155010704105 111111000000001111 562455010704105 19.12 16.68 12.20
0111111111000000011 374 562155010704105 111111000000001111 562555010704105 19.12 16.68 12.20
0111111111000000011 374 562155010704105 111111000000011111 562655010704105 19.12 16.68 9.60
0111111111000000011 374 562155010704105 111111000000011111 562755010704105 19.12 16.68 9.60
0111111111000000011 374 562155010704105 111111111111111111 562105010704105 19.12 4.17 4.30
0111111111000000011 374 562155010704105 111111111110111111 562115010704105 19.12 14.59 12.20
0111111111000000011 374 562155010704105 111111111000001111 562125010704105 19.12 16.68 12.20
0111111111000000011 374 562155010704105 111111111000000111 562135010704105 19.12 16.68 9.60
0111111111000000011 374 562155010704105 111111111000000011 562145010704105 19.12 16.68 9.60
0111111111000000011 374 562155010704105 111111111000000011 562165010704105 19.12 16.68 9.60
0111111111000000011 374 562155010704105 111111110000000001 562175010704105 19.12 14.59 9.60
0111111111000000011 374 562155010704105 111111110000000000 562150010704105 19.12 12.51 6.90
0111111111000000011 374 562155010704105 111111110000000000 562151010704105 19.12 12.51 6.90
0111111111000000011 374 562155010704105 111111110000000000 562152010704105 19.12 12.51 6.90
0111111111000000011 374 562155010704105 111111110000000000 562153010704105 19.12 12.51 6.90
0111111111000000011 374 562155010704105 111111110000000001 562154010704105 19.12 14.59 9.60
0111111111000000011 374 562155010704105 111111111000000111 562156010704105 19.12 16.68 9.60
0111111111000000011 374 562155010704105 111111111110111111 562157010704105 19.12 14.59 12.20
0111111111000000011 374 562155010704105 111111100000000000 562155110704105 19.12 12.51 6.90
0111111111000000011 374 562155010704105 111111100000000000 562155210704105 19.12 12.51 6.90
0111111111000000011 374 562155010704105 111111110000000000 562155310704105 19.12 12.51 6.90
0111111111000000011 374 562155010704105 111111110000000000 562155410704105 19.12 12.51 6.90
0111111111000000011 374 562155010704105 111111110000000000 562155510704105 19.12 12.51 6.90
0111111111000000011 374 562155010704105 111111111000000000 562155610704105 19.12 12.51 6.90
0111111111000000011 374 562155010704105 111111111000000000 562155710704105 19.12 12.51 6.90
0111111111000000011 374 562155010704105 111111111000000011 562155000704105 19.12 16.68 9.60
0111111111000000011 374 562155010704105 111111111000000011 562155020704105 19.12 16.68 9.60
0111111111000000011 374 562155010704105 111111111000000011 562155030704105 19.12 16.68 9.60
0111111111000000011 374 562155010704105 111111111000000011 562155040704105 19.12 16.68 9.60
0111111111000000011 374 562155010704105 111111111000000011 562155050704105 19.12 16.68 9.60
0111111111000000011 374 562155010704105 111111111000000011 562155060704105 19.12 16.68 9.60
0111111111000000011 374 562155010704105 111111111000000011 562155070704105 19.12 16.68 9.60
0111111111000000011 374 562155010704105 111111000000001111 562155011704105 19.12 16.68 12.20
0111111111000000011 374 562155010704105 111111000000011111 562155012704105 19.12 16.68 9.60
0111111111000000011 374 562155010704105 111111000001111111 562155013704105 19.12 16.68 12.20
0111111111000000011 374 562155010704105 111111111111111111 562155014704105 19.12 4.17 4.30
0111111111000000011 374 562155010704105 111111111111111111 562155015704105 19.12 4.17 4.30
0111111111000000011 374 562155010704105 111111111111111111 562155016704105 19.12 4.17 4.30
0111111111000000011 374 562155010704105 111111111111111111 562155017704105 19.12 4.17 4.30
0111111111000000011 374 562155010704105 111111111100000000 562155010004105 19.12 12.51 6.90
0111111111000000011 374 562155010704105 111111111000000000 562155010104105 19.12 12.51 6.90
0111111111000000011 374 562155010704105 111111110000000000 562155010204105 19.12 12.51 6.90
0111111111000000011 374 562155010704105 111111110000000000 562155010304105 19.12 12.51 6.90
0111111111000000011 374 562155010704105 111111110000000000 562155010404105 19.12 12.51 6.90
0111111111000000011 374 562155010704105 111111110000000000 562155010504105 19.12 12.51 6.90
0111111111000000011 374 562155010704105 111111110000000001 562155010604105 19.12 14.59 9.60
0111111111000000011 374 562155010704105 111111111000000000 562155010714105 19.12 12.51 6.90
0111111111000000011 374 562155010704105 111111111110000000 562155010724105 19.12 12.51 6.90
0111111111000000011 374 562155010704105 111111111111000000 562155010734105 19.12 12.51 6.90
0111111111000000011 374 562155010704105 111111111111111000 562155010744105 19.12 12.51 9.60
0111111111000000011 374 562155010704105 111111111111111111 562155010754105 19.12 4.17 4.30
0111111111000000011 374 562155010704105 111111111111111111 562155010764105 19.12 4.17 4.30
0111111111000000011 374 562155010704105 111111111111111111 562155010774105 19.12 4.17 4.30
0111111111000000011 374 562155010704105 111111111111111111 562155010700105 19.12 4.17 4.30
0111111111000000011 374 562155010704105 111111111100000000 562155010701105 19.12 12.51 6.90
0111111111000000011 374 562155010704105 111111111000000000 562155010702105 19.12 12.51 6.90
0111111111000000011 374 562155010704105 111111111000000000 562155010703105 19.12 12.51 6.90
0111111111000000011 374 562155010704105 111111111000111111 562155010705105 19.12 16.68 12.20
0111111111000000011 374 562155010704105 111111111111111111 562155010706105 19.12 4.17 4.30
0111111111000000011 374 562155010704105 111111111111111111 562155010707105 19.12 4.17 4.30
0111111111000000011 374 562155010704105 111111111000000011 562155010704005 19.12 16.68 9.60
0111111111000000011 374 562155010704105 111111111000000001 562155010704205 19.12 14.59 9.60
0111111111000000011 374 562155010704105 111111111000000000 562155010704305 19.12 12.51 6.90
0111111111000000011 374 562155010704105 111111111000000000 562155010704405 19.12 12.51 6.90
0111111111000000011 374 562155010704105 111111111000000000 562155010704505 19.12 12.51 6.90
0111111111000000011 374 562155010704105 111111111000000000 562155010704605 19.12 12.51 6.90
0111111111000000011 374 562155010704105 111111111000000000 562155010704705 19.12 12.51 6.90
0111111111000000011 374 562155010704105 111111110000000000 562155010704115 19.12 12.51 6.90
0111111111000000011 374 562155010704105 111111110000000000 562155010704125 19.12 12.51 6.90
0111111111000000011 374 562155010704105 111111110000000000 562155010704135 19.12 12.51 6.90
0111111111000000011 374 562155010704105 111111111000000000 562155010704145 19.12 12.51 6.90
0111111111000000011 374 562155010704105 111111111000000000 562155010704155 19.12 12.51 6.90
0111111111000000011 374 562155010704105 111111111000000000 562155010704165 19.12 12.51 6.90
0111111111000000011 374 562155010704105 111111111000000000 562155010704175 19.12 12.51 6.90
0111111111000000011 374 562155010704105 111111111111111111 562155010704100 19.12 4.17 4.30
0111111111000000011 374 562155010704105 111111111111111000 562155010704101 19.12 12.51 9.60
0111111111000000011 374 562155010704105 111111111111000000 562155010704102 19.12 12.51 6.90
0111111111000000011 374 562155010704105 111111111100000001 562155010704103 19.12 14.59 9.60
0111111111000000011 374 562155010704105 111111111000000011 562155010704104 19.12 16.68 9.60
0111111111000000011 374 562155010704105 111111110000000011 562155010704106 19.12 16.68 9.60
0111111111000000011 374 562155010704105 111111110000000111 562155010704107 19.12 16.68 6.90
0111111111000000011 387 516346170767355 111111111110000000 016346170767355 19.12 12.51 6.90
0111111111000000011 387 516346170767355 111111111110000001 116346170767355 19.12 14.59 9.60
0111111111000000011 387 516346170767355 111111111100000001 216346170767355 19.12 14.59 9.60
0111111111000000011 387 516346170767355 111111111100000001 316346170767355 19.12 14.59 9.60
0111111111000000011 387 516346170767355 111111111100000011 416346170767355 19.12 16.68 9.60
0111111111000000011 387 516346170767355 111111111000000011 616346170767355 19.12 16.68 9.60
0111111111000000011 387 516346170767355 111111111000000011 716346170767355 19.12 16.68 9.60
0111111111000000011 387 516346170767355 111111111000000011 506346170767355 19.12 16.68 9.60
0111111111000000011 387 516346170767355 111111111100000001 526346170767355 19.12 14.59 9.60
0111111111000000011 387 516346170767355 111111111110000001 536346170767355 19.12 14.59 9.60
0111111111000000011 387 516346170767355 111111111110000000 546346170767355 19.12 12.51 6.90
0111111111000000011 387 516346170767355 111111111111000000 556346170767355 19.12 12.51 6.90
0111111111000000011 387 516346170767355 111111111111000000 566346170767355 19.12 12.51 6.90
0111111111000000011 387 516346170767355 111111111111100000 576346170767355 19.12 12.51 9.60
0111111111000000011 387 516346170767355 111111100000000000 510346170767355 19.12 12.51 6.90
0111111111000000011 387 516346170767355 111111110000000111 511346170767355 19.12 16.68 6.90
0111111111000000011 387 516346170767355 111111110000000011 512346170767355 19.12 16.68 9.60
0111111111000000011 387 516346170767355 111111111000000011 513346170767355 19.12 16.68 9.60
0111111111000000011 387 516346170767355 111111111000000011 514346170767355 19.12 16.68 9.60
0111111111000000011 387 516346170767355 111111111000000011 515346170767355 19.12 16.68 9.60
0111111111000000011 387 516346170767355 111111111100000011 517346170767355 19.12 16.68 9.60
0111111111000000011 387 516346170767355 111111111111100000 516046170767355 19.12 12.51 9.60
0111111111000000011 387 516346170767355 111111111110000001 516146170767355 19.12 14.59 9.60
0111111111000000011 387 516346170767355 111111111100000001 516246170767355 19.12 14.59 9.60
0111111111000000011 387 516346170767355 111111111000000011 516446170767355 19.12 16.68 9.60
0111111111000000011 387 516346170767355 111111111000000011 516546170767355 19.12 16.68 9.60
0111111111000000011 387 516346170767355 111111111000000011 516646170767355 19.12 16.68 9.60
0111111111000000011 387 516346170767355 111111111000000011 516746170767355 19.12 16.68 9.60
0111111111000000011 387 516346170767355 111111111100000011 516306170767355 19.12 16.68 9.60
0111111111000000011 387 516346170767355 111111111100000011 516316170767355 19.12 16.68 9.60
0111111111000000011 387 516346170767355 111111111000000011 516326170767355 19.12 16.68 9.60
0111111111000000011 387 516346170767355 111111111000000011 516336170767355 19.12 16.68 9.60
0111111111000000011 387 516346170767355 111111111000000011 516356170767355 19.12 16.68 9.60
0111111111000000011 387 516346170767355 111111111000000011 516366170767355 19.12 16.68 9.60
0111111111000000011 387 516346170767355 111111111000000001 516376170767355 19.12 14.59 9.60
0111111111000000011 387 516346170767355 111111111000000001 516340170767355 19.12 14.59 9.60
0111111111000000011 387 516346170767355 111111111000000001 516341170767355 19.12 14.59 9.60
0111111111000000011 387 516346170767355 111111111000000001 516342170767355 19.12 14.59 9.60
0111111111000000011 387 516346170767355 111111111000000011 516343170767355 19.12 16.68 9.60
0111111111000000011 387 516346170767355 111111111000000011 516344170767355 19.12 16.68 9.60
0111111111000000011 387 516346170767355 111111111000000011 516345170767355 19.12 16.68 9.60
0111111111000000011 387 516346170767355 111111111100000011 516347170767355 19.12 16.68 9.60
0111111111000000011 387 516346170767355 111111100000000111 516346070767355 19.12 16.68 9.60
0111111111000000011 387 516346170767355 111111111111100000 516346270767355 19.12 12.51 9.60
0111111111000000011 387 516346170767355 111111111111111100 516346370767355 19.12 12.51 9.60
0111111111000000011 387 516346170767355 111111111111111111 516346470767355 19.12 4.17 4.30
0111111111000000011 387 516346170767355 111111111111111111 516346570767355 19.12 4.17 4.30
0111111111000000011 387 516346170767355 111111111111111111 516346670767355 19.12 4.17 4.30
0111111111000000011 387 516346170767355 111111111111111111 516346770767355 19.12 4.17 4.30
0111111111000000011 387 516346170767355 111111111000000011 516346100767355 19.12 16.68 9.60
0111111111000000011 387 516346170767355 111111111000000011 516346110767355 19.12 16.68 9.60
0111111111000000011 387 516346170767355 111111111000000011 516346120767355 19.12 16.68 9.60
0111111111000000011 387 516346170767355 111111111000000011 516346130767355 19.12 16.68 9.60
0111111111000000011 387 516346170767355 111111111000000011 516346140767355 19.12 16.68 9.60
0111111111000000011 387 516346170767355 111111111000000011 516346150767355 19.12 16.68 9.60
0111111111000000011 387 516346170767355 111111111000000011 516346160767355 19.12 16.68 9.60
0111111111000000011 387 516346170767355 111111000000011111 516346171767355 19.12 16.68 9.60
0111111111000000011 387 516346170767355 111100000000111111 516346172767355 19.12 16.68 9.60
0111111111000000011 387 516346170767355 111000000001111111 516346173767355 19.12 16.68 9.60
0111111111000000011 387 516346170767355 111000000011111111 516346174767355 19.12 16.68 9.60
0111111111000000011 387 516346170767355 111000000011111111 516346175767355 19.12 16.68 9.60
0111111111000000011 387 516346170767355 110000000011111111 516346176767355 19.12 16.68 9.60
0111111111000000011 387 516346170767355 110000000011111111 516346177767355 19.12 16.68 9.60
0111111111000000011 387 516346170767355 111111111111111111 516346170067355 19.12 4.17 4.30
0111111111000000011 387 516346170767355 111111111111111111 516346170167355 19.12 4.17 4.30
0111111111000000011 387 516346170767355 111111111111111111 516346170267355 19.12 4.17 4.30
0111111111000000011 387 516346170767355 111111111111111110 516346170367355 19.12 10.42 6.90
0111111111000000011 387 516346170767355 111111111111110000 516346170467355 19.12 12.51 9.60
0111111111000000011 387 516346170767355 111111111111000000 516346170567355 19.12 12.51 6.90
0111111111000000011 387 516346170767355 111111111100000001 516346170667355 19.12 14.59 9.60
0111111111000000011 387 516346170767355 111111000000000000 516346170707355 19.12 12.51 9.60
0111111111000000011 387 516346170767355 111111000000000011 516346170717355 19.12 16.68 12.20
0111111111000000011 387 516346170767355 111111100000000111 516346170727355 19.12 16.68 9.60
0111111111000000011 387 516346170767355 111111100000000111 516346170737355 19.12 16.68 9.60
0111111111000000011 387 516346170767355 111111110000000111 516346170747355 19.12 16.68 6.90
0111111111000000011 387 516346170767355 111111111000000011 516346170757355 19.12 16.68 9.60
0111111111000000011 387 516346170767355 111111111100000001 516346170777355 19.12 14.59 9.60
0111111111000000011 387 516346170767355 111111111111111111 516346170760355 19.12 4.17 4.30
0111111111000000011 387 516346170767355 111111111111111111 516346170761355 19.12 4.17 4.30
0111111111000000011 387 516346170767355 111111111111111111 516346170762355 19.12 4.17 4.30
0111111111000000011 387 516346170767355 111111111111111111 516346170763355 19.12 4.17 4.30
0111111111000000011 387 516346170767355 111111111111110000 516346170764355 19.12 12.51 9.60
0111111111000000011 387 516346170767355 111111111111000000 516346170765355 19.12 12.51 6.90
0111111111000000011 387 516346170767355 111111111110000000 516346170766355 19.12 12.51 6.90
0111111111000000011 387 516346170767355 111111111000000000 516346170767055 19.12 12.51 6.90
0111111111000000011 387 516346170767355 111111111000000001 516346170767155 19.12 14.59 9.60
0111111111000000011 387 516346170767355 111111111000000001 516346170767255 19.12 14.59 9.60
0111111111000000011 387 516346170767355 111111111000000011 516346170767455 19.12 16.68 9.60
0111111111000000011 387 516346170767355 111111111000000011 516346170767555 19.12 16.68 9.60
0111111111000000011 387 516346170767355 111111111000000011 516346170767655 19.12 16.68 9.60
0111111111000000011 387 516346170767355 111111111000000111 516346170767755 19.12 16.68 9.60
0111111111000000011 387 516346170767355 111100000000011111 516346170767305 19.12 16.68 9.60
0111111111000000011 387 516346170767355 111110000000111111 516346170767315 19.12 16.68 6.90
0111111111000000011 387 516346170767355 111111000000011111 516346170767325 19.12 16.68 9.60
0111111111000000011 387 516346170767355 111111100000001111 516346170767335 19.12 16.68 6.90
0111111111000000011 387 516346170767355 111111110000000111 516346170767345 19.12 16.68 6.90
0111111111000000011 387 516346170767355 111111111110000001 516346170767365 19.12 14.59 9.60
0111111111000000011 387 516346170767355 111111111111000000 516346170767375 19.12 12.51 6.90
0111111111000000011 387 516346170767355 111111111111111111 516346170767350 19.12 4.17 4.30
0111111111000000011 387 516346170767355 111111111111111111 516346170767351 19.12 4.17 4.30
0111111111000000011 387 516346170767355 111111111111111100 516346170767352 19.12 12.51 9.60
0111111111000000011 387 516346170767355 111111111111100000 516346170767353 19.12 12.51 9.60
0111111111000000011 387 516346170767355 111111111110000000 516346170767354 19.12 12.51 6.90
0111111111000000011 387 516346170767355 111111110000000111 516346170767356 19.12 16.68 6.90
0111111111000000011 387 516346170767355 111111110000000111 516346170767357 19.12 16.68 6.90
0111111111000000011 692 536502707456700 111111111110000000 036502707456700 19.12 12.51 6.90
0111111111000000011 692 536502707456700 111111111100000001 136502707456700 19.12 14.59 9.60
0111111111000000011 692 536502707456700 111111111000000011 236502707456700 19.12 16.68 9.60
0111111111000000011 692 536502707456700 111111111000000011 336502707456700 19.12 16.68 9.60
0111111111000000011 692 536502707456700 111111111000000011 436502707456700 19.12 16.68 9.60
0111111111000000011 692 536502707456700 111111110000000011 636502707456700 19.12 16.68 9.60
0111111111000000011 692 536502707456700 111111110000000011 736502707456700 19.12 16.68 9.60
0111111111000000011 692 536502707456700 111111110000000111 506502707456700 19.12 16.68 6.90
0111111111000000011 692 536502707456700 111111110000000011 516502707456700 19.12 16.68 9.60
0111111111000000011 692 536502707456700 111111110000000011 526502707456700 19.12 16.68 9.60
0111111111000000011 692 536502707456700 111111111000000011 546502707456700 19.12 16.68 9.60
0111111111000000011 692 536502707456700 111111111000000001 556502707456700 19.12 14.59 9.60
0111111111000000011 692 536502707456700 111111111000000001 566502707456700 19.12 14.59 9.60
0111111111000000011 692 536502707456700 111111111100000001 576502707456700 19.12 14.59 9.60
0111111111000000011 692 536502707456700 111110000000011111 530502707456700 19.12 16.68 12.20
0111111111000000011 692 536502707456700 111111100000000111 531502707456700 19.12 16.68 9.60
0111111111000000011 692 536502707456700 111111110000000011 532502707456700 19.12 16.68 9.60
0111111111000000011 692 536502707456700 111111110000000011 533502707456700 19.12 16.68 9.60
0111111111000000011 692 536502707456700 111111110000000011 534502707456700 19.12 16.68 9.60
0111111111000000011 692 536502707456700 111111110000000011 535502707456700 19.12 16.68 9.60
0111111111000000011 692 536502707456700 111111111000000011 537502707456700 19.12 16.68 9.60
0111111111000000011 692 536502707456700 111111111111100000 536002707456700 19.12 12.51 9.60
0111111111000000011 692 536502707456700 111111111110000000 536102707456700 19.12 12.51 6.90
0111111111000000011 692 536502707456700 111111111100000001 536202707456700 19.12 14.59 9.60
0111111111000000011 692 536502707456700 111111111000000001 536302707456700 19.12 14.59 9.60
0111111111000000011 692 536502707456700 111111111000000011 536402707456700 19.12 16.68 9.60
0111111111000000011 692 536502707456700 111111110000000011 536602707456700 19.12 16.68 9.60
0111111111000000011 692 536502707456700 111111110000000011 536702707456700 19.12 16.68 9.60
0111111111000000011 692 536502707456700 111111110000000001 536512707456700 19.12 14.59 9.60
0111111111000000011 692 536502707456700 111111110000000001 536522707456700 19.12 14.59 9.60
0111111111000000011 692 536502707456700 111111110000000001 536532707456700 19.12 14.59 9.60
0111111111000000011 692 536502707456700 111111110000000001 536542707456700 19.12 14.59 9.60
0111111111000000011 692 536502707456700 111111110000000001 536552707456700 19.12 14.59 9.60
0111111111000000011 692 536502707456700 111111110000000000 536562707456700 19.12 12.51 6.90
0111111111000000011 692 536502707456700 111111110000000000 536572707456700 19.12 12.51 6.90
0111111111000000011 692 536502707456700 111111111000000001 536500707456700 19.12 14.59 9.60
0111111111000000011 692 536502707456700 111111111000000001 536501707456700 19.12 14.59 9.60
0111111111000000011 692 536502707456700 111111111000000011 536503707456700 19.12 16.68 9.60
0111111111000000011 692 536502707456700 111111111000000011 536504707456700 19.12 16.68 9.60
0111111111000000011 692 536502707456700 111111111000000011 536505707456700 19.12 16.68 9.60
0111111111000000011 692 536502707456700 111111111000000111 536506707456700 19.12 16.68 9.60
0111111111000000011 692 536502707456700 111111111000000111 536507707456700 19.12 16.68 9.60
0111111111000000011 692 536502707456700 111110000000001111 536502007456700 19.12 16.68 12.20
0111111111000000011 692 536502707456700 111110000001111111 536502107456700 19.12 16.68 12.20
0111111111000000011 692 536502707456700 111110000000111111 536502207456700 19.12 16.68 6.90
0111111111000000011 692 536502707456700 111111000000011111 536502307456700 19.12 16.68 9.60
0111111111000000011 692 536502707456700 111111100000001111 536502407456700 19.12 16.68 6.90
0111111111000000011 692 536502707456700 111111100000000111 536502507456700 19.12 16.68 9.60
0111111111000000011 692 536502707456700 111111110000000111 536502607456700 19.12 16.68 6.90
0111111111000000011 692 536502707456700 111111111000000011 536502717456700 19.12 16.68 9.60
0111111111000000011 692 536502707456700 111111111000000011 536502727456700 19.12 16.68 9.60
0111111111000000011 692 536502707456700 111111111000000011 536502737456700 19.12 16.68 9.60
0111111111000000011 692 536502707456700 111111111000000011 536502747456700 19.12 16.68 9.60
0111111111000000011 692 536502707456700 111111111000000011 536502757456700 19.12 16.68 9.60
0111111111000000011 692 536502707456700 111111111000000011 536502767456700 19.12 16.68 9.60
0111111111000000011 692 536502707456700 111111111000000011 536502777456700 19.12 16.68 9.60
0111111111000000011 692 536502707456700 111111111111111111 536502700456700 19.12 4.17 4.30
0111111111000000011 692 536502707456700 111111111111111111 536502701456700 19.12 4.17 4.30
0111111111000000011 692 536502707456700 111111111111111111 536502702456700 19.12 4.17 4.30
0111111111000000011 692 536502707456700 111111111111110000 536502703456700 19.12 12.51 9.60
0111111111000000011 692 536502707456700 111111111111000000 536502704456700 19.12 12.51 6.90
0111111111000000011 692 536502707456700 111111111100000000 536502705456700 19.12 12.51 6.90
0111111111000000011 692 536502707456700 111111111000000001 536502706456700 19.12 14.59 9.60
0111111111000000011 692 536502707456700 111111111111111111 536502707056700 19.12 4.17 4.30
0111111111000000011 692 536502707456700 111111111111111111 536502707156700 19.12 4.17 4.30
0111111111000000011 692 536502707456700 111111111111100000 536502707256700 19.12 12.51 9.60
0111111111000000011 692 536502707456700 111111111100000000 536502707356700 19.12 12.51 6.90
0111111111000000011 692 536502707456700 111111110000000111 536502707556700 19.12 16.68 6.90
0111111111000000011 692 536502707456700 111111100000001111 536502707656700 19.12 16.68 6.90
0111111111000000011 692 536502707456700 111111000000001111 536502707756700 19.12 16.68 12.20
0111111111000000011 692 536502707456700 111111000000000011 536502707406700 19.12 16.68 12.20
0111111111000000011 692 536502707456700 111111100000000011 536502707416700 19.12 16.68 9.60
0111111111000000011 692 536502707456700 111111100000000111 536502707426700 19.12 16.68 9.60
0111111111000000011 692 536502707456700 111111110000000111 536502707436700 19.12 16.68 6.90
0111111111000000011 692 536502707456700 111111110000000011 536502707446700 19.12 16.68 9.60
0111111111000000011 692 536502707456700 111111111000000001 536502707466700 19.12 14.59 9.60
0111111111000000011 692 536502707456700 111111111100000001 536502707476700 19.12 14.59 9.60
0111111111000000011 692 536502707456700 111111111111111111 536502707450700 19.12 4.17 4.30
0111111111000000011 692 536502707456700 111111111111111111 536502707451700 19.12 4.17 4.30
0111111111000000011 692 536502707456700 111111111111111110 536502707452700 19.12 10.42 6.90
0111111111000000011 692 536502707456700 111111111111110000 536502707453700 19.12 12.51 9.60
0111111111000000011 692 536502707456700 111111111110000000 536502707454700 19.12 12.51 6.90
0111111111000000011 692 536502707456700 111111111100000000 536502707455700 19.12 12.51 6.90
0111111111000000011 692 536502707456700 111111110000000111 536502707457700 19.12 16.68 6.90
0111111111000000011 692 536502707456700 111111111000000000 536502707456000 19.12 12.51 6.90
0111111111000000011 692 536502707456700 111111111000000000 536502707456100 19.12 12.51 6.90
0111111111000000011 692 536502707456700 111111111000000000 536502707456200 19.12 12.51 6.90
0111111111000000011 692 536502707456700 111111111000000001 536502707456300 19.12 14.59 9.60
0111111111000000011 692 536502707456700 111111111000000001 536502707456400 19.12 14.59 9.60
0111111111000000011 692 536502707456700 111111111000000001 536502707456500 19.12 14.59 9.60
0111111111000000011 692 536502707456700 111111111000000011 536502707456600 19.12 16.68 9.60
0111111111000000011 692 536502707456700 111111111111110000 536502707456710 19.12 12.51 9.60
0111111111000000011 692 536502707456700 111111111111111111 536502707456720 19.12 4.17 4.30
0111111111000000011 692 536502707456700 111111111111111111 536502707456730 19.12 4.17 4.30
0111111111000000011 692 536502707456700 111111111111111111 536502707456740 19.12 4.17 4.30
0111111111000000011 692 536502707456700 111111111111111111 536502707456750 19.12 4.17 4.30
0111111111000000011 692 536502707456700 111111111111111111 536502707456760 19.12 4.17 4.30
0111111111000000011 692 536502707456700 111111111111111111 536502707456770 19.12 4.17 4.30
0111111111000000011 692 536502707456700 111111000000011111 536502707456701 19.12 16.68 9.60
0111111111000000011 692 536502707456700 111100000000111111 536502707456702 19.12 16.68 9.60
0111111111000000011 692 536502707456700 111100000000111111 536502707456703 19.12 16.68 9.60
0111111111000000011 692 536502707456700 111000000001111111 536502707456704 19.12 16.68 9.60
0111111111000000011 692 536502707456700 111000000001111111 536502707456705 19.12 16.68 9.60
0111111111000000011 692 536502707456700 111000000001111111 536502707456706 19.12 16.68 9.60
0111111111000000011 692 536502707456700 110000000011111111 536502707456707 19.12 16.68 9.60
0111111111000000011 791 234062134576601 111111111100000001 034062134576601 19.12 14.59 9.60
0111111111000000011 791 234062134576601 111111111000000011 134062134576601 19.12 16.68 9.60
0111111111000000011 791 234062134576601 111111110000000011 334062134576601 19.12 16.68 9.60
0111111111000000011 791 234062134576601 111111110000000011 434062134576601 19.12 16.68 9.60
0111111111000000011 791 234062134576601 111111110000000011 534062134576601 19.12 16.68 9.60
0111111111000000011 791 234062134576601 111111110000000011 634062134576601 19.12 16.68 9.60
0111111111000000011 791 234062134576601 111111110000000001 734062134576601 19.12 14.59 9.60
0111111111000000011 791 234062134576601 111110000000111111 204062134576601 19.12 16.68 6.90
0111111111000000011 791 234062134576601 111111000000001111 214062134576601 19.12 16.68 12.20
0111111111000000011 791 234062134576601 111111100000000111 224062134576601 19.12 16.68 9.60
0111111111000000011 791 234062134576601 111111111100000001 244062134576601 19.12 14.59 9.60
0111111111000000011 791 234062134576601 111111111110000000 254062134576601 19.12 12.51 6.90
0111111111000000011 791 234062134576601 111111111111000000 264062134576601 19.12 12.51 6.90
0111111111000000011 791 234062134576601 111111111111000000 274062134576601 19.12 12.51 6.90
0111111111000000011 791 234062134576601 111111111000000000 230062134576601 19.12 12.51 6.90
0111111111000000011 791 234062134576601 111111110000000001 231062134576601 19.12 14.59 9.60
0111111111000000011 791 234062134576601 111111110000000011 232062134576601 19.12 16.68 9.60
0111111111000000011 791 234062134576601 111111110000000011 233062134576601 19.12 16.68 9.60
0111111111000000011 791 234062134576601 111111111000000011 235062134576601 19.12 16.68 9.60
0111111111000000011 791 234062134576601 111111111000000011 236062134576601 19.12 16.68 9.60
0111111111000000011 791 234062134576601 111111111000000011 237062134576601 19.12 16.68 9.60
0111111111000000011 791 234062134576601 111111000000001111 234162134576601 19.12 16.68 12.20
0111111111000000011 791 234062134576601 111110000000011111 234262134576601 19.12 16.68 12.20
0111111111000000011 791 234062134576601 111110000000111111 234362134576601 19.12 16.68 6.90
0111111111000000011 791 234062134576601 111100000000111111 234462134576601 19.12 16.68 9.60
0111111111000000011 791 234062134576601 111100000001111111 234562134576601 19.12 16.68 6.90
0111111111000000011 791 234062134576601 111100000001111111 234662134576601 19.12 16.68 6.90
0111111111000000011 791 234062134576601 111100000001111111 234762134576601 19.12 16.68 6.90
0111111111000000011 791 234062134576601 111111111000000011 234002134576601 19.12 16.68 9.60
0111111111000000011 791 234062134576601 111111111000000111 234012134576601 19.12 16.68 9.60
0111111111000000011 791 234062134576601 111111111000000111 234022134576601 19.12 16.68 9.60
0111111111000000011 791 234062134576601 111111111000000111 234032134576601 19.12 16.68 9.60
0111111111000000011 791 234062134576601 111111111000000011 234042134576601 19.12 16.68 9.60
0111111111000000011 791 234062134576601 111111111000000011 234052134576601 19.12 16.68 9.60
0111111111000000011 791 234062134576601 111111111000000011 234072134576601 19.12 16.68 9.60
0111111111000000011 791 234062134576601 111111111000000001 234060134576601 19.12 14.59 9.60
0111111111000000011 791 234062134576601 111111111000000011 234061134576601 19.12 16.68 9.60
0111111111000000011 791 234062134576601 111111111000000011 234063134576601 19.12 16.68 9.60
0111111111000000011 791 234062134576601 111111111000000011 234064134576601 19.12 16.68 9.60
0111111111000000011 791 234062134576601 111111111000000011 234065134576601 19.12 16.68 9.60
0111111111000000011 791 234062134576601 111111111000000011 234066134576601 19.12 16.68 9.60
0111111111000000011 791 234062134576601 111111111000000011 234067134576601 19.12 16.68 9.60
0111111111000000011 791 234062134576601 111111110000000001 234062034576601 19.12 14.59 9.60
0111111111000000011 791 234062134576601 111111111000000001 234062234576601 19.12 14.59 9.60
0111111111000000011 791 234062134576601 111111111100000000 234062334576601 19.12 12.51 6.90
0111111111000000011 791 234062134576601 111111111110000000 234062434576601 19.12 12.51 6.90
0111111111000000011 791 234062134576601 111111111110000000 234062534576601 19.12 12.51 6.90
0111111111000000011 791 234062134576601 111111111111000000 234062634576601 19.12 12.51 6.90
0111111111000000011 791 234062134576601 111111111111100000 234062734576601 19.12 12.51 9.60
0111111111000000011 791 234062134576601 111111111000000011 234062104576601 19.12 16.68 9.60
0111111111000000011 791 234062134576601 111111111000000011 234062114576601 19.12 16.68 9.60
0111111111000000011 791 234062134576601 111111111000000011 234062124576601 19.12 16.68 9.60
0111111111000000011 791 234062134576601 111111111000000011 234062144576601 19.12 16.68 9.60
0111111111000000011 791 234062134576601 111111111000000011 234062154576601 19.12 16.68 9.60
0111111111000000011 791 234062134576601 111111111000000011 234062164576601 19.12 16.68 9.60
0111111111000000011 791 234062134576601 111111111000000011 234062174576601 19.12 16.68 9.60
0111111111000000011 791 234062134576601 111111111111111111 234062130576601 19.12 4.17 4.30
0111111111000000011 791 234062134576601 111111111111111000 234062131576601 19.12 12.51 9.60
0111111111000000011 791 234062134576601 111111111111000000 234062132576601 19.12 12.51 6.90
0111111111000000011 791 234062134576601 111111111100000001 234062133576601 19.12 14.59 9.60
0111111111000000011 791 234062134576601 111111110000000111 234062135576601 19.12 16.68 6.90
0111111111000000011 791 234062134576601 111111100000001111 234062136576601 19.12 16.68 6.90
0111111111000000011 791 234062134576601 111111100000001111 234062137576601 19.12 16.68 6.90
0111111111000000011 791 234062134576601 111111111111111111 234062134076601 19.12 4.17 4.30
0111111111000000011 791 234062134576601 111111111111000000 234062134176601 19.12 12.51 6.90
0111111111000000011 791 234062134576601 111111111100000000 234062134276601 19.12 12.51 6.90
0111111111000000011 791 234062134576601 111111111000000001 234062134376601 19.12 14.59 9.60
0111111111000000011 791 234062134576601 111111111000000011 234062134476601 19.12 16.68 9.60
0111111111000000011 791 234062134576601 111111110000000111 234062134676601 19.12 16.68 6.90
0111111111000000011 791 234062134576601 111111110000000111 234062134776601 19.12 16.68 6.90
0111111111000000011 791 234062134576601 111111000000000011 234062134506601 19.12 16.68 12.20
0111111111000000011 791 234062134576601 111111000000000111 234062134516601 19.12 16.68 12.20
0111111111000000011 791 234062134576601 111111100000000111 234062134526601 19.12 16.68 9.60
0111111111000000011 791 234062134576601 111111100000000111 234062134536601 19.12 16.68 9.60
0111111111000000011 791 234062134576601 111111100000000111 234062134546601 19.12 16.68 9.60
0111111111000000011 791 234062134576601 111111110000000111 234062134556601 19.12 16.68 6.90
0111111111000000011 791 234062134576601 111111110000000111 234062134566601 19.12 16.68 6.90
0111111111000000011 791 234062134576601 111111111111111111 234062134570601 19.12 4.17 4.30
0111111111000000011 791 234062134576601 111111111111111110 234062134571601 19.12 10.42 6.90
0111111111000000011 791 234062134576601 111111111111100000 234062134572601 19.12 12.51 9.60
0111111111000000011 791 234062134576601 111111111110000000 234062134573601 19.12 12.51 6.90
0111111111000000011 791 234062134576601 111111111100000000 234062134574601 19.12 12.51 6.90
0111111111000000011 791 234062134576601 111111111000000001 234062134575601 19.12 14.59 9.60
0111111111000000011 791 234062134576601 111111110000001111 234062134577601 19.12 16.68 9.60
0111111111000000011 791 234062134576601 111111110000000000 234062134576001 19.12 12.51 6.90
0111111111000000011 791 234062134576601 111111110000000000 234062134576101 19.12 12.51 6.90
0111111111000000011 791 234062134576601 111111111000000001 234062134576201 19.12 14.59 9.60
0111111111000000011 791 234062134576601 111111111000000001 234062134576301 19.12 14.59 9.60
0111111111000000011 791 234062134576601 111111111000000011 234062134576401 19.12 16.68 9.60
0111111111000000011 791 234062134576601 111111111000000011 234062134576501 19.12 16.68 9.60
0111111111000000011 791 234062134576601 111111111000000011 234062134576701 19.12 16.68 9.60
0111111111000000011 791 234062134576601 111111111100000001 234062134576611 19.12 14.59 9.60
0111111111000000011 791 234062134576601 111111111110000000 234062134576621 19.12 12.51 6.90
0111111111000000011 791 234062134576601 111111111111100000 234062134576631 19.12 12.51 9.60
0111111111000000011 791 234062134576601 111111111111110000 234062134576641 19.12 12.51 9.60
0111111111000000011 791 234062134576601 111111111111111100 234062134576651 19.12 12.51 9.60
0111111111000000011 791 234062134576601 111111111111111110 234062134576661 19.12 10.42 6.90
0111111111000000011 791 234062134576601 111111111111111111 234062134576671 19.12 4.17 4.30
0111111111000000011 791 234062134576601 111111111111100000 234062134576600 19.12 12.51 9.60
0111111111000000011 791 234062134576601 111111100000001111 234062134576602 19.12 16.68 6.90
0111111111000000011 791 234062134576601 111111000000011111 234062134576603 19.12 16.68 9.60
0111111111000000011 791 234062134576601 111110000000011111 234062134576604 19.12 16.68 12.20
0111111111000000011 791 234062134576601 111110000000111111 234062134576605 19.12 16.68 6.90
0111111111000000011 791 234062134576601 111100000000111111 234062134576606 19.12 16.68 9.60
0111111111000000011 791 234062134576601 111100000000111111 234062134576607 19.12 16.68 9.60
0111111111000000011 2719 643056163676754 111111111110000001 043056163676754 19.12 14.59 9.60
0111111111000000011 2719 643056163676754 111111111100000011 143056163676754 19.12 16.68 9.60
0111111111000000011 2719 643056163676754 111111111000000011 243056163676754 19.12 16.68 9.60
0111111111000000011 2719 643056163676754 111111111000000011 343056163676754 19.12 16.68 9.60
0111111111000000011 2719 643056163676754 111111111000000011 443056163676754 19.12 16.68 9.60
0111111111000000011 2719 643056163676754 111111111000000011 543056163676754 19.12 16.68 9.60
0111111111000000011 2719 643056163676754 111111110000000111 743056163676754 19.12 16.68 6.90
0111111111000000011 2719 643056163676754 111110000000011111 603056163676754 19.12 16.68 12.20
0111111111000000011 2719 643056163676754 111111000000011111 613056163676754 19.12 16.68 9.60
0111111111000000011 2719 643056163676754 111111100000001111 623056163676754 19.12 16.68 6.90
0111111111000000011 2719 643056163676754 111111110000000111 633056163676754 19.12 16.68 6.90
0111111111000000011 2719 643056163676754 111111111000000011 653056163676754 19.12 16.68 9.60
0111111111000000011 2719 643056163676754 111111111100000001 663056163676754 19.12 14.59 9.60
0111111111000000011 2719 643056163676754 111111111110000000 673056163676754 19.12 12.51 6.90
0111111111000000011 2719 643056163676754 111111110000000000 640056163676754 19.12 12.51 6.90
0111111111000000011 2719 643056163676754 111111110000000111 641056163676754 19.12 16.68 6.90
0111111111000000011 2719 643056163676754 111111110000000111 642056163676754 19.12 16.68 6.90
0111111111000000011 2719 643056163676754 111111111000000011 644056163676754 19.12 16.68 9.60
0111111111000000011 2719 643056163676754 111111111000000011 645056163676754 19.12 16.68 9.60
0111111111000000011 2719 643056163676754 111111111000000011 646056163676754 19.12 16.68 9.60
0111111111000000011 2719 643056163676754 111111111000000011 647056163676754 19.12 16.68 9.60
0111111111000000011 2719 643056163676754 111111100000001111 643156163676754 19.12 16.68 6.90
0111111111000000011 2719 643056163676754 111111000000011111 643256163676754 19.12 16.68 9.60
0111111111000000011 2719 643056163676754 111110000000011111 643356163676754 19.12 16.68 12.20
0111111111000000011 2719 643056163676754 111110000000011111 643456163676754 19.12 16.68 12.20
0111111111000000011 2719 643056163676754 111110000000111111 643556163676754 19.12 16.68 6.90
0111111111000000011 2719 643056163676754 111110000000111111 643656163676754 19.12 16.68 6.90
0111111111000000011 2719 643056163676754 111110000000111111 643756163676754 19.12 16.68 6.90
0111111111000000011 2719 643056163676754 111111111000000111 643006163676754 19.12 16.68 9.60
0111111111000000011 2719 643056163676754 111111111000000111 643016163676754 19.12 16.68 9.60
0111111111000000011 2719 643056163676754 111111111000000111 643026163676754 19.12 16.68 9.60
0111111111000000011 2719 643056163676754 111111111000000111 643036163676754 19.12 16.68 9.60
0111111111000000011 2719 643056163676754 111111111000000111 643046163676754 19.12 16.68 9.60
0111111111000000011 2719 643056163676754 111111111000000011 643066163676754 19.12 16.68 9.60
0111111111000000011 2719 643056163676754 111111110000000011 643076163676754 19.12 16.68 9.60
0111111111000000011 2719 643056163676754 111111110000000001 643050163676754 19.12 14.59 9.60
0111111111000000011 2719 643056163676754 111111110000000011 643051163676754 19.12 16.68 9.60
0111111111000000011 2719 643056163676754 111111110000000011 643052163676754 19.12 16.68 9.60
0111111111000000011 2719 643056163676754 111111110000000011 643053163676754 19.12 16.68 9.60
0111111111000000011 2719 643056163676754 111111110000000011 643054163676754 19.12 16.68 9.60
0111111111000000011 2719 643056163676754 111111110000000011 643055163676754 19.12 16.68 9.60
0111111111000000011 2719 643056163676754 111111111000000011 643057163676754 19.12 16.68 9.60
0111111111000000011 2719 643056163676754 111111110000000000 643056063676754 19.12 12.51 6.90
0111111111000000011 2719 643056163676754 111111111100000001 643056263676754 19.12 14.59 9.60
0111111111000000011 2719 643056163676754 111111111110000000 643056363676754 19.12 12.51 6.90
0111111111000000011 2719 643056163676754 111111111111100000 643056463676754 19.12 12.51 9.60
0111111111000000011 2719 643056163676754 111111111111111000 643056563676754 19.12 12.51 9.60
0111111111000000011 2719 643056163676754 111111111111111100 643056663676754 19.12 12.51 9.60
0111111111000000011 2719 643056163676754 111111111111111111 643056763676754 19.12 4.17 4.30
0111111111000000011 2719 643056163676754 111111111000000011 643056103676754 19.12 16.68 9.60
0111111111000000011 2719 643056163676754 111111111000000011 643056113676754 19.12 16.68 9.60
0111111111000000011 2719 643056163676754 111111111000000011 643056123676754 19.12 16.68 9.60
0111111111000000011 2719 643056163676754 111111111000000011 643056133676754 19.12 16.68 9.60
0111111111000000011 2719 643056163676754 111111111000000011 643056143676754 19.12 16.68 9.60
0111111111000000011 2719 643056163676754 111111111000000011 643056153676754 19.12 16.68 9.60
0111111111000000011 2719 643056163676754 111111111000000011 643056173676754 19.12 16.68 9.60
0111111111000000011 2719 643056163676754 111111111111111111 643056160676754 19.12 4.17 4.30
0111111111000000011 2719 643056163676754 111111111111110000 643056161676754 19.12 12.51 9.60
0111111111000000011 2719 643056163676754 111111111110000001 643056162676754 19.12 14.59 9.60
0111111111000000011 2719 643056163676754 111111100000001111 643056164676754 19.12 16.68 6.90
0111111111000000011 2719 643056163676754 111111000000001111 643056165676754 19.12 16.68 12.20
0111111111000000011 2719 643056163676754 111111000000011111 643056166676754 19.12 16.68 9.60
0111111111000000011 2719 643056163676754 111110000000011111 643056167676754 19.12 16.68 12.20
0111111111000000011 2719 643056163676754 111111111111111111 643056163076754 19.12 4.17 4.30
0111111111000000011 2719 643056163676754 111111111111111111 643056163176754 19.12 4.17 4.30
0111111111000000011 2719 643056163676754 111111111111110000 643056163276754 19.12 12.51 9.60
0111111111000000011 2719 643056163676754 111111111110000000 643056163376754 19.12 12.51 6.90
0111111111000000011 2719 643056163676754 111111111100000001 643056163476754 19.12 14.59 9.60
0111111111000000011 2719 643056163676754 111111111000000011 643056163576754 19.12 16.68 9.60
0111111111000000011 2719 643056163676754 111111110000000111 643056163776754 19.12 16.68 6.90
0111111111000000011 2719 643056163676754 111110000000000011 643056163606754 19.12 16.68 12.20
0111111111000000011 2719 643056163676754 111111000000000111 643056163616754 19.12 16.68 12.20
0111111111000000011 2719 643056163676754 111111000000000111 643056163626754 19.12 16.68 12.20
0111111111000000011 2719 643056163676754 111111100000001111 643056163636754 19.12 16.68 6.90
0111111111000000011 2719 643056163676754 111111100000000111 643056163646754 19.12 16.68 9.60
0111111111000000011 2719 643056163676754 111111100000000111 643056163656754 19.12 16.68 9.60
0111111111000000011 2719 643056163676754 111111110000000111 643056163666754 19.12 16.68 6.90
0111111111000000011 2719 643056163676754 111111111111111111 643056163670754 19.12 4.17 4.30
0111111111000000011 2719 643056163676754 111111111111111111 643056163671754 19.12 4.17 4.30
0111111111000000011 2719 643056163676754 111111111111111000 643056163672754 19.12 12.51 9.60
0111111111000000011 2719 643056163676754 111111111111000000 643056163673754 19.12 12.51 6.90
0111111111000000011 2719 643056163676754 111111111110000000 643056163674754 19.12 12.51 6.90
0111111111000000011 2719 643056163676754 111111111000000001 643056163675754 19.12 14.59 9.60
0111111111000000011 2719 643056163676754 111111110000001111 643056163677754 19.12 16.68 9.60
0111111111000000011 2719 643056163676754 111111110000000000 643056163676054 19.12 12.51 6.90
0111111111000000011 2719 643056163676754 111111110000000000 643056163676154 19.12 12.51 6.90
0111111111000000011 2719 643056163676754 111111110000000001 643056163676254 19.12 14.59 9.60
0111111111000000011 2719 643056163676754 111111111000000001 643056163676354 19.12 14.59 9.60
0111111111000000011 2719 643056163676754 111111111000000011 643056163676454 19.12 16.68 9.60
0111111111000000011 2719 643056163676754 111111111000000011 643056163676554 19.12 16.68 9.60
0111111111000000011 2719 643056163676754 111111111000000011 643056163676654 19.12 16.68 9.60
0111111111000000011 2719 643056163676754 111111100000000000 643056163676704 19.12 12.51 6.90
0111111111000000011 2719 643056163676754 111111100000001111 643056163676714 19.12 16.68 6.90
0111111111000000011 2719 643056163676754 111111100000001111 643056163676724 19.12 16.68 6.90
0111111111000000011 2719 643056163676754 111111100000001111 643056163676734 19.12 16.68 6.90
0111111111000000011 2719 643056163676754 111111110000000111 643056163676744 19.12 16.68 6.90
0111111111000000011 2719 643056163676754 111111111000000011 643056163676764 19.12 16.68 9.60
0111111111000000011 2719 643056163676754 111111111100000001 643056163676774 19.12 14.59 9.60
0111111111000000011 2719 643056163676754 111111111111111111 643056163676750 19.12 4.17 4.30
0111111111000000011 2719 643056163676754 111111111111111110 643056163676751 19.12 10.42 6.90
0111111111000000011 2719 643056163676754 111111111111000000 643056163676752 19.12 12.51 6.90
0111111111000000011 2719 643056163676754 111111111100000001 643056163676753 19.12 14.59 9.60
0111111111000000011 2719 643056163676754 111111100000000111 643056163676755 19.12 16.68 9.60
0111111111000000011 2719 643056163676754 111111100000001111 643056163676756 19.12 16.68 6.90
0111111111000000011 2719 643056163676754 111111000000011111 643056163676757 19.12 16.68 9.60
0111111111000000011 5173 776737441447724 111111111110000001 076737441447724 19.12 14.59 9.60
0111111111000000011 5173 776737441447724 111111111110000001 176737441447724 19.12 14.59 9.60
0111111111000000011 5173 776737441447724 111111111100000001 276737441447724 19.12 14.59 9.60
0111111111000000011 5173 776737441447724 111111111100000001 376737441447724 19.12 14.59 9.60
0111111111000000011 5173 776737441447724 111111111100000011 476737441447724 19.12 16.68 9.60
0111111111000000011 5173 776737441447724 111111111100000011 576737441447724 19.12 16.68 9.60
0111111111000000011 5173 776737441447724 111111111000000011 676737441447724 19.12 16.68 9.60
0111111111000000011 5173 776737441447724 111111110000000111 706737441447724 19.12 16.68 6.90
0111111111000000011 5173 776737441447724 111111110000000111 716737441447724 19.12 16.68 6.90
0111111111000000011 5173 776737441447724 111111110000000011 726737441447724 19.12 16.68 9.60
0111111111000000011 5173 776737441447724 111111111000000011 736737441447724 19.12 16.68 9.60
0111111111000000011 5173 776737441447724 111111111000000011 746737441447724 19.12 16.68 9.60
0111111111000000011 5173 776737441447724 111111111000000011 756737441447724 19.12 16.68 9.60
0111111111000000011 5173 776737441447724 111111111000000011 766737441447724 19.12 16.68 9.60
0111111111000000011 5173 776737441447724 111111000000001111 770737441447724 19.12 16.68 12.20
0111111111000000011 5173 776737441447724 111111110000000111 771737441447724 19.12 16.68 6.90
0111111111000000011 5173 776737441447724 111111110000000011 772737441447724 19.12 16.68 9.60
0111111111000000011 5173 776737441447724 111111111000000011 773737441447724 19.12 16.68 9.60
0111111111000000011 5173 776737441447724 111111111000000011 774737441447724 19.12 16.68 9.60
0111111111000000011 5173 776737441447724 111111111000000011 775737441447724 19.12 16.68 9.60
0111111111000000011 5173 776737441447724 111111111000000011 777737441447724 19.12 16.68 9.60
0111111111000000011 5173 776737441447724 111111111111111100 776037441447724 19.12 12.51 9.60
0111111111000000011 5173 776737441447724 111111111111000000 776137441447724 19.12 12.51 6.90
0111111111000000011 5173 776737441447724 111111111110000000 776237441447724 19.12 12.51 6.90
0111111111000000011 5173 776737441447724 111111111100000001 776337441447724 19.12 14.59 9.60
0111111111000000011 5173 776737441447724 111111111100000001 776437441447724 19.12 14.59 9.60
0111111111000000011 5173 776737441447724 111111111100000001 776537441447724 19.12 14.59 9.60
0111111111000000011 5173 776737441447724 111111111000000011 776637441447724 19.12 16.68 9.60
0111111111000000011 5173 776737441447724 111111111000000011 776707441447724 19.12 16.68 9.60
0111111111000000011 5173 776737441447724 111111111000000011 776717441447724 19.12 16.68 9.60
0111111111000000011 5173 776737441447724 111111111000000011 776727441447724 19.12 16.68 9.60
0111111111000000011 5173 776737441447724 111111111000000011 776747441447724 19.12 16.68 9.60
0111111111000000011 5173 776737441447724 111111111000000001 776757441447724 19.12 14.59 9.60
0111111111000000011 5173 776737441447724 111111111000000001 776767441447724 19.12 14.59 9.60
0111111111000000011 5173 776737441447724 111111111000000001 776777441447724 19.12 14.59 9.60
0111111111000000011 5173 776737441447724 111111111000000000 776730441447724 19.12 12.51 6.90
0111111111000000011 5173 776737441447724 111111111000000001 776731441447724 19.12 14.59 9.60
0111111111000000011 5173 776737441447724 111111111000000001 776732441447724 19.12 14.59 9.60
0111111111000000011 5173 776737441447724 111111111000000001 776733441447724 19.12 14.59 9.60
0111111111000000011 5173 776737441447724 111111111000000001 776734441447724 19.12 14.59 9.60
0111111111000000011 5173 776737441447724 111111111000000011 776735441447724 19.12 16.68 9.60
0111111111000000011 5173 776737441447724 111111111000000011 776736441447724 19.12 16.68 9.60
0111111111000000011 5173 776737441447724 111110000000000000 776737041447724 19.12 12.51 9.60
0111111111000000011 5173 776737441447724 111111000000111111 776737141447724 19.12 16.68 12.20
0111111111000000011 5173 776737441447724 111111100000011111 776737241447724 19.12 16.68 9.60
0111111111000000011 5173 776737441447724 111111110000000111 776737341447724 19.12 16.68 6.90
0111111111000000011 5173 776737441447724 111111111100000000 776737541447724 19.12 12.51 6.90
0111111111000000011 5173 776737441447724 111111111111000000 776737641447724 19.12 12.51 6.90
0111111111000000011 5173 776737441447724 111111111111100000 776737741447724 19.12 12.51 9.60
0111111111000000011 5173 776737441447724 111111111000000011 776737401447724 19.12 16.68 9.60
0111111111000000011 5173 776737441447724 111111111000000011 776737411447724 19.12 16.68 9.60
0111111111000000011 5173 776737441447724 111111111000000011 776737421447724 19.12 16.68 9.60
0111111111000000011 5173 776737441447724 111111111000000011 776737431447724 19.12 16.68 9.60
0111111111000000011 5173 776737441447724 111111111000000011 776737451447724 19.12 16.68 9.60
0111111111000000011 5173 776737441447724 111111111000000011 776737461447724 19.12 16.68 9.60
0111111111000000011 5173 776737441447724 111111111000000011 776737471447724 19.12 16.68 9.60
0111111111000000011 5173 776737441447724 111111111111111000 776737440447724 19.12 12.51 9.60
0111111111000000011 5173 776737441447724 111111100000001111 776737442447724 19.12 16.68 6.90
0111111111000000011 5173 776737441447724 111111000000011111 776737443447724 19.12 16.68 9.60
0111111111000000011 5173 776737441447724 111110000000111111 776737444447724 19.12 16.68 6.90
0111111111000000011 5173 776737441447724 111100000000111111 776737445447724 19.12 16.68 9.60
0111111111000000011 5173 776737441447724 111100000000111111 776737446447724 19.12 16.68 9.60
0111111111000000011 5173 776737441447724 111100000001111111 776737447447724 19.12 16.68 6.90
0111111111000000011 5173 776737441447724 111111111111111111 776737441047724 19.12 4.17 4.30
0111111111000000011 5173 776737441447724 111111111111111111 776737441147724 19.12 4.17 4.30
0111111111000000011 5173 776737441447724 111111111111110000 776737441247724 19.12 12.51 9.60
0111111111000000011 5173 776737441447724 111111111110000000 776737441347724 19.12 12.51 6.90
0111111111000000011 5173 776737441447724 111111110000000111 776737441547724 19.12 16.68 6.90
0111111111000000011 5173 776737441447724 111111100000001111 776737441647724 19.12 16.68 6.90
0111111111000000011 5173 776737441447724 111111100000001111 776737441747724 19.12 16.68 6.90
0111111111000000011 5173 776737441447724 111111100000000011 776737441407724 19.12 16.68 9.60
0111111111000000011 5173 776737441447724 111111100000000111 776737441417724 19.12 16.68 9.60
0111111111000000011 5173 776737441447724 111111110000000111 776737441427724 19.12 16.68 6.90
0111111111000000011 5173 776737441447724 111111110000000011 776737441437724 19.12 16.68 9.60
0111111111000000011 5173 776737441447724 111111111100000001 776737441457724 19.12 14.59 9.60
0111111111000000011 5173 776737441447724 111111111110000000 776737441467724 19.12 12.51 6.90
0111111111000000011 5173 776737441447724 111111111111000000 776737441477724 19.12 12.51 6.90
0111111111000000011 5173 776737441447724 111111111111111111 776737441440724 19.12 4.17 4.30
0111111111000000011 5173 776737441447724 111111111111111111 776737441441724 19.12 4.17 4.30
0111111111000000011 5173 776737441447724 111111111111111111 776737441442724 19.12 4.17 4.30
0111111111000000011 5173 776737441447724 111111111111111110 776737441443724 19.12 10.42 6.90
0111111111000000011 5173 776737441447724 111111111111110000 776737441444724 19.12 12.51 9.60
0111111111000000011 5173 776737441447724 111111111111000000 776737441445724 19.12 12.51 6.90
0111111111000000011 5173 776737441447724 111111111100000000 776737441446724 19.12 12.51 6.90
0111111111000000011 5173 776737441447724 111111111000000000 776737441447024 19.12 12.51 6.90
0111111111000000011 5173 776737441447724 111111111000000000 776737441447124 19.12 12.51 6.90
0111111111000000011 5173 776737441447724 111111111000000000 776737441447224 19.12 12.51 6.90
0111111111000000011 5173 776737441447724 111111111000000001 776737441447324 19.12 14.59 9.60
0111111111000000011 5173 776737441447724 111111111000000001 776737441447424 19.12 14.59 9.60
0111111111000000011 5173 776737441447724 111111111000000001 776737441447524 19.12 14.59 9.60
0111111111000000011 5173 776737441447724 111111111000000011 776737441447624 19.12 16.68 9.60
0111111111000000011 5173 776737441447724 111110000000111111 776737441447704 19.12 16.68 6.90
0111111111000000011 5173 776737441447724 111111100000001111 776737441447714 19.12 16.68 6.90
0111111111000000011 5173 776737441447724 111111111110000000 776737441447734 19.12 12.51 6.90
0111111111000000011 5173 776737441447724 111111111111110000 776737441447744 19.12 12.51 9.60
0111111111000000011 5173 776737441447724 111111111111111100 776737441447754 19.12 12.51 9.60
0111111111000000011 5173 776737441447724 111111111111111111 776737441447764 19.12 4.17 4.30
0111111111000000011 5173 776737441447724 111111111111111111 776737441447774 19.12 4.17 4.30
0111111111000000011 5173 776737441447724 111111111111111111 776737441447720 19.12 4.17 4.30
0111111111000000011 5173 776737441447724 111111111111111111 776737441447721 19.12 4.17 4.30
0111111111000000011 5173 776737441447724 111111111111100000 776737441447722 19.12 12.51 9.60
0111111111000000011 5173 776737441447724 111111111110000000 776737441447723 19.12 12.51 6.90
0111111111000000011 5173 776737441447724 111111110000000111 776737441447725 19.12 16.68 6.90
0111111111000000011 5173 776737441447724 111111100000001111 776737441447726 19.12 16.68 6.90
0111111111000000011 5173 776737441447724 111111100000001111 776737441447727 19.12 16.68 6.90
0111111111000000011 9271 055122224137734 111111111000000011 155122224137734 19.12 16.68 9.60
0111111111000000011 9271 055122224137734 111111111000000011 255122224137734 19.12 16.68 9.60
0111111111000000011 9271 055122224137734 111111111000000011 355122224137734 19.12 16.68 9.60
0111111111000000011 9271 055122224137734 111111111000000011 455122224137734 19.12 16.68 9.60
0111111111000000011 9271 055122224137734 111111111000000011 555122224137734 19.12 16.68 9.60
0111111111000000011 9271 055122224137734 111111111000000011 655122224137734 19.12 16.68 9.60
0111111111000000011 9271 055122224137734 111111111000000011 755122224137734 19.12 16.68 9.60
0111111111000000011 9271 055122224137734 111111110000000111 005122224137734 19.12 16.68 6.90
0111111111000000011 9271 055122224137734 111111110000000111 015122224137734 19.12 16.68 6.90
0111111111000000011 9271 055122224137734 111111111000000011 025122224137734 19.12 16.68 9.60
0111111111000000011 9271 055122224137734 111111111000000011 035122224137734 19.12 16.68 9.60
0111111111000000011 9271 055122224137734 111111111000000011 045122224137734 19.12 16.68 9.60
0111111111000000011 9271 055122224137734 111111111100000001 065122224137734 19.12 14.59 9.60
0111111111000000011 9271 055122224137734 111111111100000001 075122224137734 19.12 14.59 9.60
0111111111000000011 9271 055122224137734 111111111000000001 050122224137734 19.12 14.59 9.60
0111111111000000011 9271 055122224137734 111111111000000001 051122224137734 19.12 14.59 9.60
0111111111000000011 9271 055122224137734 111111111000000011 052122224137734 19.12 16.68 9.60
0111111111000000011 9271 055122224137734 111111111000000011 053122224137734 19.12 16.68 9.60
0111111111000000011 9271 055122224137734 111111111000000011 054122224137734 19.12 16.68 9.60
0111111111000000011 9271 055122224137734 111111111000000011 056122224137734 19.12 16.68 9.60
0111111111000000011 9271 055122224137734 111111111100000011 057122224137734 19.12 16.68 9.60
0111111111000000011 9271 055122224137734 111111111110000000 055022224137734 19.12 12.51 6.90
0111111111000000011 9271 055122224137734 111111111000000011 055222224137734 19.12 16.68 9.60
0111111111000000011 9271 055122224137734 111111111000000011 055322224137734 19.12 16.68 9.60
0111111111000000011 9271 055122224137734 111111110000000111 055422224137734 19.12 16.68 6.90
0111111111000000011 9271 055122224137734 111111110000000111 055522224137734 19.12 16.68 6.90
0111111111000000011 9271 055122224137734 111111110000000111 055622224137734 19.12 16.68 6.90
0111111111000000011 9271 055122224137734 111111110000000111 055722224137734 19.12 16.68 6.90
0111111111000000011 9271 055122224137734 111111111100000001 055102224137734 19.12 14.59 9.60
0111111111000000011 9271 055122224137734 111111111100000011 055112224137734 19.12 16.68 9.60
0111111111000000011 9271 055122224137734 111111111000000011 055132224137734 19.12 16.68 9.60
0111111111000000011 9271 055122224137734 111111111000000001 055142224137734 19.12 14.59 9.60
0111111111000000011 9271 055122224137734 111111111000000001 055152224137734 19.12 14.59 9.60
0111111111000000011 9271 055122224137734 111111111000000001 055162224137734 19.12 14.59 9.60
0111111111000000011 9271 055122224137734 111111111000000001 055172224137734 19.12 14.59 9.60
0111111111000000011 9271 055122224137734 111111111100000001 055120224137734 19.12 14.59 9.60
0111111111000000011 9271 055122224137734 111111111000000001 055121224137734 19.12 14.59 9.60
0111111111000000011 9271 055122224137734 111111111000000011 055123224137734 19.12 16.68 9.60
0111111111000000011 9271 055122224137734 111111111000000011 055124224137734 19.12 16.68 9.60
0111111111000000011 9271 055122224137734 111111111000000011 055125224137734 19.12 16.68 9.60
0111111111000000011 9271 055122224137734 111111111000000011 055126224137734 19.12 16.68 9.60
0111111111000000011 9271 055122224137734 111111111000000011 055127224137734 19.12 16.68 9.60
0111111111000000011 9271 055122224137734 111111000000111111 055122024137734 19.12 16.68 12.20
0111111111000000011 9271 055122224137734 111111110000001111 055122124137734 19.12 16.68 9.60
0111111111000000011 9271 055122224137734 111111111110000000 055122324137734 19.12 12.51 6.90
0111111111000000011 9271 055122224137734 111111111111100000 055122424137734 19.12 12.51 9.60
0111111111000000011 9271 055122224137734 111111111111110000 055122524137734 19.12 12.51 9.60
0111111111000000011 9271 055122224137734 111111111111111100 055122624137734 19.12 12.51 9.60
0111111111000000011 9271 055122224137734 111111111111111111 055122724137734 19.12 4.17 4.30
0111111111000000011 9271 055122224137734 111111111000000011 055122204137734 19.12 16.68 9.60
0111111111000000011 9271 055122224137734 111111111000000011 055122214137734 19.12 16.68 9.60
0111111111000000011 9271 055122224137734 111111111000000011 055122234137734 19.12 16.68 9.60
0111111111000000011 9271 055122224137734 111111111000000011 055122244137734 19.12 16.68 9.60
0111111111000000011 9271 055122224137734 111111111000000011 055122254137734 19.12 16.68 9.60
0111111111000000011 9271 055122224137734 111111111000000011 055122264137734 19.12 16.68 9.60
0111111111000000011 9271 055122224137734 111111111000000011 055122274137734 19.12 16.68 9.60
0111111111000000011 9271 055122224137734 111111111111111111 055122220137734 19.12 4.17 4.30
0111111111000000011 9271 055122224137734 111111111111111111 055122221137734 19.12 4.17 4.30
0111111111000000011 9271 055122224137734 111111111111110000 055122222137734 19.12 12.51 9.60
0111111111000000011 9271 055122224137734 111111111110000000 055122223137734 19.12 12.51 6.90
0111111111000000011 9271 055122224137734 111111110000000111 055122225137734 19.12 16.68 6.90
0111111111000000011 9271 055122224137734 111111110000000111 055122226137734 19.12 16.68 6.90
0111111111000000011 9271 055122224137734 111111100000001111 055122227137734 19.12 16.68 6.90
0111111111000000011 9271 055122224137734 111111111111111000 055122224037734 19.12 12.51 9.60
0111111111000000011 9271 055122224137734 111111110000001111 055122224237734 19.12 16.68 9.60
0111111111000000011 9271 055122224137734 111111100000011111 055122224337734 19.12 16.68 9.60
0111111111000000011 9271 055122224137734 111111000000111111 055122224437734 19.12 16.68 12.20
0111111111000000011 9271 055122224137734 111111000000111111 055122224537734 19.12 16.68 12.20
0111111111000000011 9271 055122224137734 111110000000111111 055122224637734 19.12 16.68 6.90
0111111111000000011 9271 055122224137734 111110000001111111 055122224737734 19.12 16.68 12.20
0111111111000000011 9271 055122224137734 111111100000000011 055122224107734 19.12 16.68 9.60
0111111111000000011 9271 055122224137734 111111110000000111 055122224117734 19.12 16.68 6.90
0111111111000000011 9271 055122224137734 111111111000000011 055122224127734 19.12 16.68 9.60
0111111111000000011 9271 055122224137734 111111111100000001 055122224147734 19.12 14.59 9.60
0111111111000000011 9271 055122224137734 111111111111000000 055122224157734 19.12 12.51 6.90
0111111111000000011 9271 055122224137734 111111111111100000 055122224167734 19.12 12.51 9.60
0111111111000000011 9271 055122224137734 111111111111110000 055122224177734 19.12 12.51 9.60
0111111111000000011 9271 055122224137734 111111111111111111 055122224130734 19.12 4.17 4.30
0111111111000000011 9271 055122224137734 111111111111111111 055122224131734 19.12 4.17 4.30
0111111111000000011 9271 055122224137734 111111111111111111 055122224132734 19.12 4.17 4.30
0111111111000000011 9271 055122224137734 111111111111111000 055122224133734 19.12 12.51 9.60
0111111111000000011 9271 055122224137734 111111111111100000 055122224134734 19.12 12.51 9.60
0111111111000000011 9271 055122224137734 111111111110000000 055122224135734 19.12 12.51 6.90
0111111111000000011 9271 055122224137734 111111111100000000 055122224136734 19.12 12.51 6.90
0111111111000000011 9271 055122224137734 111111111000000000 055122224137034 19.12 12.51 6.90
0111111111000000011 9271 055122224137734 111111111000000000 055122224137134 19.12 12.51 6.90
0111111111000000011 9271 055122224137734 111111111000000000 055122224137234 19.12 12.51 6.90
0111111111000000011 9271 055122224137734 111111111000000001 055122224137334 19.12 14.59 9.60
0111111111000000011 9271 055122224137734 111111111000000001 055122224137434 19.12 14.59 9.60
0111111111000000011 9271 055122224137734 111111111000000001 055122224137534 19.12 14.59 9.60
0111111111000000011 9271 055122224137734 111111111000000001 055122224137634 19.12 14.59 9.60
0111111111000000011 9271 055122224137734 111111000000011111 055122224137704 19.12 16.68 9.60
0111111111000000011 9271 055122224137734 111111100000001111 055122224137714 19.12 16.68 6.90
0111111111000000011 9271 055122224137734 111111110000000111 055122224137724 19.12 16.68 6.90
0111111111000000011 9271 055122224137734 111111111110000000 055122224137744 19.12 12.51 6.90
0111111111000000011 9271 055122224137734 111111111111000000 055122224137754 19.12 12.51 6.90
0111111111000000011 9271 055122224137734 111111111111100000 055122224137764 19.12 12.51 9.60
0111111111000000011 9271 055122224137734 111111111111110000 055122224137774 19.12 12.51 9.60
0111111111000000011 9271 055122224137734 111111111111111111 055122224137730 19.12 4.17 4.30
0111111111000000011 9271 055122224137734 111111111111111111 055122224137731 19.12 4.17 4.30
0111111111000000011 9271 055122224137734 111111111111110000 055122224137732 19.12 12.51 9.60
0111111111000000011 9271 055122224137734 111111111110000000 055122224137733 19.12 12.51 6.90
0111111111000000011 9271 055122224137734 111111110000000111 055122224137735 19.12 16.68 6.90
0111111111000000011 9271 055122224137734 111111110000000111 055122224137736 19.12 16.68 6.90
0111111111000000011 9271 055122224137734 111111100000001111 055122224137737 19.12 16.68 6.90
0111111111000000011 10914 154276033155644 111111111000000011 054276033155644 19.12 16.68 9.60
0111111111000000011 10914 154276033155644 111111111000000011 254276033155644 19.12 16.68 9.60
0111111111000000011 10914 154276033155644 111111111000000001 354276033155644 19.12 14.59 9.60
0111111111000000011 10914 154276033155644 111111111000000001 454276033155644 19.12 14.59 9.60
0111111111000000011 10914 154276033155644 111111111000000001 554276033155644 19.12 14.59 9.60
0111111111000000011 10914 154276033155644 111111111000000001 654276033155644 19.12 14.59 9.60
0111111111000000011 10914 154276033155644 111111111000000001 754276033155644 19.12 14.59 9.60
0111111111000000011 10914 154276033155644 111111100000000111 104276033155644 19.12 16.68 9.60
0111111111000000011 10914 154276033155644 111111110000000111 114276033155644 19.12 16.68 6.90
0111111111000000011 10914 154276033155644 111111110000000111 124276033155644 19.12 16.68 6.90
0111111111000000011 10914 154276033155644 111111110000000011 134276033155644 19.12 16.68 9.60
0111111111000000011 10914 154276033155644 111111111000000011 144276033155644 19.12 16.68 9.60
0111111111000000011 10914 154276033155644 111111111000000001 164276033155644 19.12 14.59 9.60
0111111111000000011 10914 154276033155644 111111111100000001 174276033155644 19.12 14.59 9.60
0111111111000000011 10914 154276033155644 111111111000000001 150276033155644 19.12 14.59 9.60
0111111111000000011 10914 154276033155644 111111111000000001 151276033155644 19.12 14.59 9.60
0111111111000000011 10914 154276033155644 111111111000000001 152276033155644 19.12 14.59 9.60
0111111111000000011 10914 154276033155644 111111111000000011 153276033155644 19.12 16.68 9.60
0111111111000000011 10914 154276033155644 111111111000000011 155276033155644 19.12 16.68 9.60
0111111111000000011 10914 154276033155644 111111111000000011 156276033155644 19.12 16.68 9.60
0111111111000000011 10914 154276033155644 111111111000000011 157276033155644 19.12 16.68 9.60
0111111111000000011 10914 154276033155644 111111111111100000 154076033155644 19.12 12.51 9.60
0111111111000000011 10914 154276033155644 111111111100000001 154176033155644 19.12 14.59 9.60
0111111111000000011 10914 154276033155644 111111111000000011 154376033155644 19.12 16.68 9.60
0111111111000000011 10914 154276033155644 111111110000000011 154476033155644 19.12 16.68 9.60
0111111111000000011 10914 154276033155644 111111110000000111 154576033155644 19.12 16.68 6.90
0111111111000000011 10914 154276033155644 111111110000000111 154676033155644 19.12 16.68 6.90
0111111111000000011 10914 154276033155644 111111110000000111 154776033155644 19.12 16.68 6.90
0111111111000000011 10914 154276033155644 111111111100000011 154206033155644 19.12 16.68 9.60
0111111111000000011 10914 154276033155644 111111111000000011 154216033155644 19.12 16.68 9.60
0111111111000000011 10914 154276033155644 111111111000000011 154226033155644 19.12 16.68 9.60
0111111111000000011 10914 154276033155644 111111111000000011 154236033155644 19.12 16.68 9.60
0111111111000000011 10914 154276033155644 111111111000000011 154246033155644 19.12 16.68 9.60
0111111111000000011 10914 154276033155644 111111111000000011 154256033155644 19.12 16.68 9.60
0111111111000000011 10914 154276033155644 111111111000000011 154266033155644 19.12 16.68 9.60
0111111111000000011 10914 154276033155644 111111111000000000 154270033155644 19.12 12.51 6.90
0111111111000000011 10914 154276033155644 111111111000000000 154271033155644 19.12 12.51 6.90
0111111111000000011 10914 154276033155644 111111111000000001 154272033155644 19.12 14.59 9.60
0111111111000000011 10914 154276033155644 111111111000000001 154273033155644 19.12 14.59 9.60
0111111111000000011 10914 154276033155644 111111111000000001 154274033155644 19.12 14.59 9.60
0111111111000000011 10914 154276033155644 111111111000000011 154275033155644 19.12 16.68 9.60
0111111111000000011 10914 154276033155644 111111111000000011 154277033155644 19.12 16.68 9.60
0111111111000000011 10914 154276033155644 111111111111100000 154276133155644 19.12 12.51 9.60
0111111111000000011 10914 154276033155644 111111111111111111 154276233155644 19.12 4.17 4.30
0111111111000000011 10914 154276033155644 111111111111111111 154276333155644 19.12 4.17 4.30
0111111111000000011 10914 154276033155644 111111111111111111 154276433155644 19.12 4.17 4.30
0111111111000000011 10914 154276033155644 111111111111111111 154276533155644 19.12 4.17 4.30
0111111111000000011 10914 154276033155644 111111111111111111 154276633155644 19.12 4.17 4.30
0111111111000000011 10914 154276033155644 111111111111111111 154276733155644 19.12 4.17 4.30
0111111111000000011 10914 154276033155644 111111111000000011 154276003155644 19.12 16.68 9.60
0111111111000000011 10914 154276033155644 111111111000000011 154276013155644 19.12 16.68 9.60
0111111111000000011 10914 154276033155644 111111111000000011 154276023155644 19.12 16.68 9.60
0111111111000000011 10914 154276033155644 111111111000000011 154276043155644 19.12 16.68 9.60
0111111111000000011 10914 154276033155644 111111111000000011 154276053155644 19.12 16.68 9.60
0111111111000000011 10914 154276033155644 111111111000000011 154276063155644 19.12 16.68 9.60
0111111111000000011 10914 154276033155644 111111111000000011 154276073155644 19.12 16.68 9.60
0111111111000000011 10914 154276033155644 111111111111111111 154276030155644 19.12 4.17 4.30
0111111111000000011 10914 154276033155644 111111111111111100 154276031155644 19.12 12.51 9.60
0111111111000000011 10914 154276033155644 111111111110000000 154276032155644 19.12 12.51 6.90
0111111111000000011 10914 154276033155644 111111110000000111 154276034155644 19.12 16.68 6.90
0111111111000000011 10914 154276033155644 111111100000001111 154276035155644 19.12 16.68 6.90
0111111111000000011 10914 154276033155644 111111000000001111 154276036155644 19.12 16.68 12.20
0111111111000000011 10914 154276033155644 111111000000011111 154276037155644 19.12 16.68 9.60
0111111111000000011 10914 154276033155644 111111111111110000 154276033055644 19.12 12.51 9.60
0111111111000000011 10914 154276033155644 111111100000001111 154276033255644 19.12 16.68 6.90
0111111111000000011 10914 154276033155644 111111000000001111 154276033355644 19.12 16.68 12.20
0111111111000000011 10914 154276033155644 111111000000011111 154276033455644 19.12 16.68 9.60
0111111111000000011 10914 154276033155644 111110000000011111 154276033555644 19.12 16.68 12.20
0111111111000000011 10914 154276033155644 111110000000011111 154276033655644 19.12 16.68 12.20
0111111111000000011 10914 154276033155644 111110000000111111 154276033755644 19.12 16.68 6.90
0111111111000000011 10914 154276033155644 111111000000000001 154276033105644 19.12 14.59 12.20
0111111111000000011 10914 154276033155644 111111100000000011 154276033115644 19.12 16.68 9.60
0111111111000000011 10914 154276033155644 111111100000000011 154276033125644 19.12 16.68 9.60
0111111111000000011 10914 154276033155644 111111110000000011 154276033135644 19.12 16.68 9.60
0111111111000000011 10914 154276033155644 111111110000000011 154276033145644 19.12 16.68 9.60
0111111111000000011 10914 154276033155644 111111111100000001 154276033165644 19.12 14.59 9.60
0111111111000000011 10914 154276033155644 111111111110000000 154276033175644 19.12 12.51 6.90
0111111111000000011 10914 154276033155644 111111111111111111 154276033150644 19.12 4.17 4.30
0111111111000000011 10914 154276033155644 111111111111111111 154276033151644 19.12 4.17 4.30
0111111111000000011 10914 154276033155644 111111111111111000 154276033152644 19.12 12.51 9.60
0111111111000000011 10914 154276033155644 111111111111000000 154276033153644 19.12 12.51 6.90
0111111111000000011 10914 154276033155644 111111111100000000 154276033154644 19.12 12.51 6.90
0111111111000000011 10914 154276033155644 111111110000000111 154276033156644 19.12 16.68 6.90
0111111111000000011 10914 154276033155644 111111110000001111 154276033157644 19.12 16.68 9.60
0111111111000000011 10914 154276033155644 111111111000000000 154276033155044 19.12 12.51 6.90
0111111111000000011 10914 154276033155644 111111111000000000 154276033155144 19.12 12.51 6.90
0111111111000000011 10914 154276033155644 111111111000000000 154276033155244 19.12 12.51 6.90
0111111111000000011 10914 154276033155644 111111111000000001 154276033155344 19.12 14.59 9.60
0111111111000000011 10914 154276033155644 111111111000000001 154276033155444 19.12 14.59 9.60
0111111111000000011 10914 154276033155644 111111111000000001 154276033155544 19.12 14.59 9.60
0111111111000000011 10914 154276033155644 111111111000000011 154276033155744 19.12 16.68 9.60
0111111111000000011 10914 154276033155644 111110000000011111 154276033155604 19.12 16.68 12.20
0111111111000000011 10914 154276033155644 111111000000001111 154276033155614 19.12 16.68 12.20
0111111111000000011 10914 154276033155644 111111100000000111 154276033155624 19.12 16.68 9.60
0111111111000000011 10914 154276033155644 111111110000000111 154276033155634 19.12 16.68 6.90
0111111111000000011 10914 154276033155644 111111111100000001 154276033155654 19.12 14.59 9.60
0111111111000000011 10914 154276033155644 111111111110000000 154276033155664 19.12 12.51 6.90
0111111111000000011 10914 154276033155644 111111111111000000 154276033155674 19.12 12.51 6.90
0111111111000000011 10914 154276033155644 111111111111111111 154276033155640 19.12 4.17 4.30
0111111111000000011 10914 154276033155644 111111111111111111 154276033155641 19.12 4.17 4.30
0111111111000000011 10914 154276033155644 111111111111100000 154276033155642 19.12 12.51 9.60
0111111111000000011 10914 154276033155644 111111111110000000 154276033155643 19.12 12.51 6.90
0111111111000000011 10914 154276033155644 111111110000000111 154276033155645 19.12 16.68 6.90
0111111111000000011 10914 154276033155644 111111100000000111 154276033155646 19.12 16.68 9.60
0111111111000000011 10914 154276033155644 111111100000001111 154276033155647 19.12 16.68 6.90
0111111111000000011 11997 532307433376424 111111111110000000 032307433376424 19.12 12.51 6.90
0111111111000000011 11997 532307433376424 111111111100000001 132307433376424 19.12 14.59 9.60
0111111111000000011 11997 532307433376424 111111111100000001 232307433376424 19.12 14.59 9.60
0111111111000000011 11997 532307433376424 111111111000000001 332307433376424 19.12 14.59 9.60
0111111111000000011 11997 532307433376424 111111111000000001 432307433376424 19.12 14.59 9.60
0111111111000000011 11997 532307433376424 111111111000000011 632307433376424 19.12 16.68 9.60
0111111111000000011 11997 532307433376424 111111110000000011 732307433376424 19.12 16.68 9.60
0111111111000000011 11997 532307433376424 111111110000000011 502307433376424 19.12 16.68 9.60
0111111111000000011 11997 532307433376424 111111110000000011 512307433376424 19.12 16.68 9.60
0111111111000000011 11997 532307433376424 111111111000000011 522307433376424 19.12 16.68 9.60
0111111111000000011 11997 532307433376424 111111111000000001 542307433376424 19.12 14.59 9.60
0111111111000000011 11997 532307433376424 111111111000000001 552307433376424 19.12 14.59 9.60
0111111111000000011 11997 532307433376424 111111111100000001 562307433376424 19.12 14.59 9.60
0111111111000000011 11997 532307433376424 111111111100000001 572307433376424 19.12 14.59 9.60
0111111111000000011 11997 532307433376424 111111100000000111 530307433376424 19.12 16.68 9.60
0111111111000000011 11997 532307433376424 111111110000000011 531307433376424 19.12 16.68 9.60
0111111111000000011 11997 532307433376424 111111111000000001 533307433376424 19.12 14.59 9.60
0111111111000000011 11997 532307433376424 111111111000000001 534307433376424 19.12 14.59 9.60
0111111111000000011 11997 532307433376424 111111111100000001 535307433376424 19.12 14.59 9.60
0111111111000000011 11997 532307433376424 111111111100000001 536307433376424 19.12 14.59 9.60
0111111111000000011 11997 532307433376424 111111111100000001 537307433376424 19.12 14.59 9.60
0111111111000000011 11997 532307433376424 111111111110000000 532007433376424 19.12 12.51 6.90
0111111111000000011 11997 532307433376424 111111111100000001 532107433376424 19.12 14.59 9.60
0111111111000000011 11997 532307433376424 111111111000000001 532207433376424 19.12 14.59 9.60
0111111111000000011 11997 532307433376424 111111111000000011 532407433376424 19.12 16.68 9.60
0111111111000000011 11997 532307433376424 111111110000000011 532507433376424 19.12 16.68 9.60
0111111111000000011 11997 532307433376424 111111110000000011 532607433376424 19.12 16.68 9.60
0111111111000000011 11997 532307433376424 111111110000000011 532707433376424 19.12 16.68 9.60
0111111111000000011 11997 532307433376424 111111111000000001 532317433376424 19.12 14.59 9.60
0111111111000000011 11997 532307433376424 111111111000000001 532327433376424 19.12 14.59 9.60
0111111111000000011 11997 532307433376424 111111111000000000 532337433376424 19.12 12.51 6.90
0111111111000000011 11997 532307433376424 111111111000000000 532347433376424 19.12 12.51 6.90
0111111111000000011 11997 532307433376424 111111111000000000 532357433376424 19.12 12.51 6.90
0111111111000000011 11997 532307433376424 111111111000000000 532367433376424 19.12 12.51 6.90
0111111111000000011 11997 532307433376424 111111111000000000 532377433376424 19.12 12.51 6.90
0111111111000000011 11997 532307433376424 111111111000000000 532300433376424 19.12 12.51 6.90
0111111111000000011 11997 532307433376424 111111111000000000 532301433376424 19.12 12.51 6.90
0111111111000000011 11997 532307433376424 111111111000000001 532302433376424 19.12 14.59 9.60
0111111111000000011 11997 532307433376424 111111111000000001 532303433376424 19.12 14.59 9.60
0111111111000000011 11997 532307433376424 111111111000000001 532304433376424 19.12 14.59 9.60
0111111111000000011 11997 532307433376424 111111111000000001 532305433376424 19.12 14.59 9.60
0111111111000000011 11997 532307433376424 111111111000000001 532306433376424 19.12 14.59 9.60
0111111111000000011 11997 532307433376424 111110000000000000 532307033376424 19.12 12.51 9.60
0111111111000000011 11997 532307433376424 111110000000111111 532307133376424 19.12 16.68 6.90
0111111111000000011 11997 532307433376424 111111000000001111 532307233376424 19.12 16.68 12.20
0111111111000000011 11997 532307433376424 111111110000000111 532307333376424 19.12 16.68 6.90
0111111111000000011 11997 532307433376424 111111111100000000 532307533376424 19.12 12.51 6.90
0111111111000000011 11997 532307433376424 111111111111000000 532307633376424 19.12 12.51 6.90
0111111111000000011 11997 532307433376424 111111111111100000 532307733376424 19.12 12.51 9.60
0111111111000000011 11997 532307433376424 111111111000000011 532307403376424 19.12 16.68 9.60
0111111111000000011 11997 532307433376424 111111111000000011 532307413376424 19.12 16.68 9.60
0111111111000000011 11997 532307433376424 111111111000000011 532307423376424 19.12 16.68 9.60
0111111111000000011 11997 532307433376424 111111111000000011 532307443376424 19.12 16.68 9.60
0111111111000000011 11997 532307433376424 111111111000000011 532307453376424 19.12 16.68 9.60
0111111111000000011 11997 532307433376424 111111111000000011 532307463376424 19.12 16.68 9.60
0111111111000000011 11997 532307433376424 111111111000000011 532307473376424 19.12 16.68 9.60
0111111111000000011 11997 532307433376424 111111111111111111 532307430376424 19.12 4.17 4.30
0111111111000000011 11997 532307433376424 111111111111111000 532307431376424 19.12 12.51 9.60
0111111111000000011 11997 532307433376424 111111111110000000 532307432376424 19.12 12.51 6.90
0111111111000000011 11997 532307433376424 111111100000000111 532307434376424 19.12 16.68 9.60
0111111111000000011 11997 532307433376424 111111100000001111 532307435376424 19.12 16.68 6.90
0111111111000000011 11997 532307433376424 111111000000001111 532307436376424 19.12 16.68 12.20
0111111111000000011 11997 532307433376424 111110000000011111 532307437376424 19.12 16.68 12.20
0111111111000000011 11997 532307433376424 111111111111111111 532307433076424 19.12 4.17 4.30
0111111111000000011 11997 532307433376424 111111111111111100 532307433176424 19.12 12.51 9.60
0111111111000000011 11997 532307433376424 111111111110000000 532307433276424 19.12 12.51 6.90
0111111111000000011 11997 532307433376424 111111100000000111 532307433476424 19.12 16.68 9.60
0111111111000000011 11997 532307433376424 111111000000001111 532307433576424 19.12 16.68 12.20
0111111111000000011 11997 532307433376424 111111000000011111 532307433676424 19.12 16.68 9.60
0111111111000000011 11997 532307433376424 111110000000011111 532307433776424 19.12 16.68 12.20
0111111111000000011 11997 532307433376424 111111000000000001 532307433306424 19.12 14.59 12.20
0111111111000000011 11997 532307433376424 111111000000000011 532307433316424 19.12 16.68 12.20
0111111111000000011 11997 532307433376424 111111000000000111 532307433326424 19.12 16.68 12.20
0111111111000000011 11997 532307433376424 111111100000000111 532307433336424 19.12 16.68 9.60
0111111111000000011 11997 532307433376424 111111100000000111 532307433346424 19.12 16.68 9.60
0111111111000000011 11997 532307433376424 111111110000000011 532307433356424 19.12 16.68 9.60
0111111111000000011 11997 532307433376424 111111110000000011 532307433366424 19.12 16.68 9.60
0111111111000000011 11997 532307433376424 111111111111111111 532307433370424 19.12 4.17 4.30
0111111111000000011 11997 532307433376424 111111111111111111 532307433371424 19.12 4.17 4.30
0111111111000000011 11997 532307433376424 111111111111111111 532307433372424 19.12 4.17 4.30
0111111111000000011 11997 532307433376424 111111111111111000 532307433373424 19.12 12.51 9.60
0111111111000000011 11997 532307433376424 111111111111000000 532307433374424 19.12 12.51 6.90
0111111111000000011 11997 532307433376424 111111111100000000 532307433375424 19.12 12.51 6.90
0111111111000000011 11997 532307433376424 111111110000000111 532307433377424 19.12 16.68 6.90
0111111111000000011 11997 532307433376424 111111111000000000 532307433376024 19.12 12.51 6.90
0111111111000000011 11997 532307433376424 111111111000000000 532307433376124 19.12 12.51 6.90
0111111111000000011 11997 532307433376424 111111111000000001 532307433376224 19.12 14.59 9.60
0111111111000000011 11997 532307433376424 111111111000000001 532307433376324 19.12 14.59 9.60
0111111111000000011 11997 532307433376424 111111111000000011 532307433376524 19.12 16.68 9.60
0111111111000000011 11997 532307433376424 111111111000000011 532307433376624 19.12 16.68 9.60
0111111111000000011 11997 532307433376424 111111111000000011 532307433376724 19.12 16.68 9.60
0111111111000000011 11997 532307433376424 111100000000111111 532307433376404 19.12 16.68 9.60
0111111111000000011 11997 532307433376424 111111100000001111 532307433376414 19.12 16.68 6.90
0111111111000000011 11997 532307433376424 111111111110000000 532307433376434 19.12 12.51 6.90
0111111111000000011 11997 532307433376424 111111111111110000 532307433376444 19.12 12.51 9.60
0111111111000000011 11997 532307433376424 111111111111111100 532307433376454 19.12 12.51 9.60
0111111111000000011 11997 532307433376424 111111111111111111 532307433376464 19.12 4.17 4.30
0111111111000000011 11997 532307433376424 111111111111111111 532307433376474 19.12 4.17 4.30
0111111111000000011 11997 532307433376424 111111111111111111 532307433376420 19.12 4.17 4.30
0111111111000000011 11997 532307433376424 111111111111111111 532307433376421 19.12 4.17 4.30
0111111111000000011 11997 532307433376424 111111111111100000 532307433376422 19.12 12.51 9.60
0111111111000000011 11997 532307433376424 111111111100000000 532307433376423 19.12 12.51 6.90
0111111111000000011 11997 532307433376424 111111110000000111 532307433376425 19.12 16.68 6.90
0111111111000000011 11997 532307433376424 111111100000000111 532307433376426 19.12 16.68 9.60
0111111111000000011 11997 532307433376424 111111000000001111 532307433376427 19.12 16.68 12.20
