ParentPhenotype line ParentGenotype MutantPhenotype MutantGenotype KC_col1 KC_col4 Conditional_Complexity
0111111000000000011 72 336061243546425 111111000000000111 036061243546425 19.12 16.68 9.60
0111111000000000011 72 336061243546425 111111000000000111 136061243546425 19.12 16.68 9.60
0111111000000000011 72 336061243546425 111111000000000111 236061243546425 19.12 16.68 9.60
0111111000000000011 72 336061243546425 111111000000000011 436061243546425 19.12 16.68 9.60
0111111000000000011 72 336061243546425 111111000000000011 536061243546425 19.12 16.68 9.60
0111111000000000011 72 336061243546425 111111000000000011 636061243546425 19.12 16.68 9.60
0111111000000000011 72 336061243546425 111111000000000011 736061243546425 19.12 16.68 9.60
0111111000000000011 72 336061243546425 111100000000001111 306061243546425 19.12 16.68 6.90
0111111000000000011 72 336061243546425 111110000000000111 316061243546425 19.12 16.68 6.90
0111111000000000011 72 336061243546425 111110000000000111 326061243546425 19.12 16.68 6.90
0111111000000000011 72 336061243546425 111111000000000011 346061243546425 19.12 16.68 9.60
0111111000000000011 72 336061243546425 111111100000000011 356061243546425 19.12 16.68 9.60
0111111000000000011 72 336061243546425 111111100000000001 366061243546425 19.12 14.59 9.60
0111111000000000011 72 336061243546425 111111110000000001 376061243546425 19.12 14.59 9.60
0111111000000000011 72 336061243546425 111110000000000011 330061243546425 19.12 16.68 9.60
0111111000000000011 72 336061243546425 111111000000000011 331061243546425 19.12 16.68 9.60
0111111000000000011 72 336061243546425 111111000000000011 332061243546425 19.12 16.68 9.60
0111111000000000011 72 336061243546425 111111000000000011 333061243546425 19.12 16.68 9.60
0111111000000000011 72 336061243546425 111111000000000011 334061243546425 19.12 16.68 9.60
0111111000000000011 72 336061243546425 111111000000000011 335061243546425 19.12 16.68 9.60
0111111000000000011 72 336061243546425 111111000000000011 337061243546425 19.12 16.68 9.60
0111111000000000011 72 336061243546425 111110000000000111 336161243546425 19.12 16.68 6.90
0111111000000000011 72 336061243546425 111100000000001111 336261243546425 19.12 16.68 6.90
0111111000000000011 72 336061243546425 111100000000001111 336361243546425 19.12 16.68 6.90
0111111000000000011 72 336061243546425 111100000000001111 336461243546425 19.12 16.68 6.90
0111111000000000011 72 336061243546425 111100000000001111 336561243546425 19.12 16.68 6.90
0111111000000000011 72 336061243546425 111100000000001111 336661243546425 19.12 16.68 6.90
0111111000000000011 72 336061243546425 111100000000001111 336761243546425 19.12 16.68 6.90
0111111000000000011 72 336061243546425 111111000000001111 336001243546425 19.12 16.68 12.20
0111111000000000011 72 336061243546425 111111000000001111 336011243546425 19.12 16.68 12.20
0111111000000000011 72 336061243546425 111111000000000111 336021243546425 19.12 16.68 9.60
0111111000000000011 72 336061243546425 111111000000000111 336031243546425 19.12 16.68 9.60
0111111000000000011 72 336061243546425 111111000000000111 336041243546425 19.12 16.68 9.60
0111111000000000011 72 336061243546425 111111000000000111 336051243546425 19.12 16.68 9.60
0111111000000000011 72 336061243546425 111111000000000011 336071243546425 19.12 16.68 9.60
0111111000000000011 72 336061243546425 111111000000000011 336060243546425 19.12 16.68 9.60
0111111000000000011 72 336061243546425 111111000000000111 336062243546425 19.12 16.68 9.60
0111111000000000011 72 336061243546425 111111000000000111 336063243546425 19.12 16.68 9.60
0111111000000000011 72 336061243546425 111111000000000111 336064243546425 19.12 16.68 9.60
0111111000000000011 72 336061243546425 111111000000001111 336065243546425 19.12 16.68 12.20
0111111000000000011 72 336061243546425 111111000000001111 336066243546425 19.12 16.68 12.20
0111111000000000011 72 336061243546425 111111000000001111 336067243546425 19.12 16.68 12.20
0111111000000000011 72 336061243546425 111110000000011111 336061043546425 19.12 16.68 12.20
0111111000000000011 72 336061243546425 111110000000000111 336061143546425 19.12 16.68 6.90
0111111000000000011 72 336061243546425 111111100000000011 336061343546425 19.12 16.68 9.60
0111111000000000011 72 336061243546425 111111100000000001 336061443546425 19.12 14.59 9.60
0111111000000000011 72 336061243546425 111111110000000000 336061543546425 19.12 12.51 6.90
0111111000000000011 72 336061243546425 111111110000000000 336061643546425 19.12 12.51 6.90
0111111000000000011 72 336061243546425 111111111000000000 336061743546425 19.12 12.51 6.90
0111111000000000011 72 336061243546425 111111000000000011 336061203546425 19.12 16.68 9.60
0111111000000000011 72 336061243546425 111111000000000011 336061213546425 19.12 16.68 9.60
0111111000000000011 72 336061243546425 111111000000000011 336061223546425 19.12 16.68 9.60
0111111000000000011 72 336061243546425 111111000000000011 336061233546425 19.12 16.68 9.60
0111111000000000011 72 336061243546425 111111000000000011 336061253546425 19.12 16.68 9.60
0111111000000000011 72 336061243546425 111111000000000011 336061263546425 19.12 16.68 9.60
0111111000000000011 72 336061243546425 111111000000000011 336061273546425 19.12 16.68 9.60
0111111000000000011 72 336061243546425 111111111111111000 336061240546425 19.12 12.51 9.60
0111111000000000011 72 336061243546425 111111111000000000 336061241546425 19.12 12.51 6.90
0111111000000000011 72 336061243546425 111111100000000001 336061242546425 19.12 14.59 9.60
0111111000000000011 72 336061243546425 111110000000000111 336061244546425 19.12 16.68 6.90
0111111000000000011 72 336061243546425 111110000000000111 336061245546425 19.12 16.68 6.90
0111111000000000011 72 336061243546425 111100000000001111 336061246546425 19.12 16.68 6.90
0111111000000000011 72 336061243546425 111100000000001111 336061247546425 19.12 16.68 6.90
0111111000000000011 72 336061243546425 111111111111111000 336061243046425 19.12 12.51 9.60
0111111000000000011 72 336061243546425 111111111100000000 336061243146425 19.12 12.51 9.60
0111111000000000011 72 336061243546425 111111110000000000 336061243246425 19.12 12.51 6.90
0111111000000000011 72 336061243546425 111111100000000001 336061243346425 19.12 14.59 9.60
0111111000000000011 72 336061243546425 111111000000000011 336061243446425 19.12 16.68 9.60
0111111000000000011 72 336061243546425 111111000000000111 336061243646425 19.12 16.68 9.60
0111111000000000011 72 336061243546425 111110000000000111 336061243746425 19.12 16.68 6.90
0111111000000000011 72 336061243546425 111110000000000001 336061243506425 19.12 14.59 9.60
0111111000000000011 72 336061243546425 111110000000000011 336061243516425 19.12 16.68 9.60
0111111000000000011 72 336061243546425 111110000000000011 336061243526425 19.12 16.68 9.60
0111111000000000011 72 336061243546425 111111000000000011 336061243536425 19.12 16.68 9.60
0111111000000000011 72 336061243546425 111111000000000011 336061243556425 19.12 16.68 9.60
0111111000000000011 72 336061243546425 111111100000000011 336061243566425 19.12 16.68 9.60
0111111000000000011 72 336061243546425 111111100000000011 336061243576425 19.12 16.68 9.60
0111111000000000011 72 336061243546425 111111111111111111 336061243540425 19.12 4.17 4.30
0111111000000000011 72 336061243546425 111111111111000000 336061243541425 19.12 12.51 9.60
0111111000000000011 72 336061243546425 111111111000000000 336061243542425 19.12 12.51 6.90
0111111000000000011 72 336061243546425 111111110000000000 336061243543425 19.12 12.51 6.90
0111111000000000011 72 336061243546425 111111100000000000 336061243544425 19.12 12.51 6.90
0111111000000000011 72 336061243546425 111111000000000001 336061243545425 19.12 14.59 9.60
0111111000000000011 72 336061243546425 111111000000001111 336061243547425 19.12 16.68 12.20
0111111000000000011 72 336061243546425 111111000000000000 336061243546025 19.12 12.51 6.90
0111111000000000011 72 336061243546425 111111000000000001 336061243546125 19.12 14.59 9.60
0111111000000000011 72 336061243546425 111111000000000011 336061243546225 19.12 16.68 9.60
0111111000000000011 72 336061243546425 111111000000000011 336061243546325 19.12 16.68 9.60
0111111000000000011 72 336061243546425 111111000000000111 336061243546525 19.12 16.68 9.60
0111111000000000011 72 336061243546425 111111000000000111 336061243546625 19.12 16.68 9.60
0111111000000000011 72 336061243546425 111111000000000111 336061243546725 19.12 16.68 9.60
0111111000000000011 72 336061243546425 111110000000001111 336061243546405 19.12 16.68 9.60
0111111000000000011 72 336061243546425 111110000000000111 336061243546415 19.12 16.68 6.90
0111111000000000011 72 336061243546425 111111100000000011 336061243546435 19.12 16.68 9.60
0111111000000000011 72 336061243546425 111111100000000001 336061243546445 19.12 14.59 9.60
0111111000000000011 72 336061243546425 111111110000000001 336061243546455 19.12 14.59 9.60
0111111000000000011 72 336061243546425 111111110000000000 336061243546465 19.12 12.51 6.90
0111111000000000011 72 336061243546425 111111111000000000 336061243546475 19.12 12.51 6.90
0111111000000000011 72 336061243546425 111111111111111111 336061243546420 19.12 4.17 4.30
0111111000000000011 72 336061243546425 111111111111000000 336061243546421 19.12 12.51 9.60
0111111000000000011 72 336061243546425 111111111000000000 336061243546422 19.12 12.51 6.90
0111111000000000011 72 336061243546425 111111110000000001 336061243546423 19.12 14.59 9.60
0111111000000000011 72 336061243546425 111111100000000011 336061243546424 19.12 16.68 9.60
0111111000000000011 72 336061243546425 111110000000000111 336061243546426 19.12 16.68 6.90
0111111000000000011 72 336061243546425 111110000000000111 336061243546427 19.12 16.68 6.90
0111111000000000011 182 443075107755332 111111100000000011 043075107755332 19.12 16.68 9.60
0111111000000000011 182 443075107755332 111111100000000011 143075107755332 19.12 16.68 9.60
0111111000000000011 182 443075107755332 111111000000000011 243075107755332 19.12 16.68 9.60
0111111000000000011 182 443075107755332 111111000000000011 343075107755332 19.12 16.68 9.60
0111111000000000011 182 443075107755332 111111000000000011 543075107755332 19.12 16.68 9.60
0111111000000000011 182 443075107755332 111111000000000011 643075107755332 19.12 16.68 9.60
0111111000000000011 182 443075107755332 111111000000000011 743075107755332 19.12 16.68 9.60
0111111000000000011 182 443075107755332 111100000000001111 403075107755332 19.12 16.68 6.90
0111111000000000011 182 443075107755332 111100000000000111 413075107755332 19.12 16.68 9.60
0111111000000000011 182 443075107755332 111110000000000111 423075107755332 19.12 16.68 6.90
0111111000000000011 182 443075107755332 111111000000000011 433075107755332 19.12 16.68 9.60
0111111000000000011 182 443075107755332 111111100000000001 453075107755332 19.12 14.59 9.60
0111111000000000011 182 443075107755332 111111100000000001 463075107755332 19.12 14.59 9.60
0111111000000000011 182 443075107755332 111111110000000001 473075107755332 19.12 14.59 9.60
0111111000000000011 182 443075107755332 111111000000000000 440075107755332 19.12 12.51 6.90
0111111000000000011 182 443075107755332 111111000000000011 441075107755332 19.12 16.68 9.60
0111111000000000011 182 443075107755332 111111000000000011 442075107755332 19.12 16.68 9.60
0111111000000000011 182 443075107755332 111111000000000011 444075107755332 19.12 16.68 9.60
0111111000000000011 182 443075107755332 111111000000000011 445075107755332 19.12 16.68 9.60
0111111000000000011 182 443075107755332 111111000000000011 446075107755332 19.12 16.68 9.60
0111111000000000011 182 443075107755332 111111100000000011 447075107755332 19.12 16.68 9.60
0111111000000000011 182 443075107755332 111110000000000111 443175107755332 19.12 16.68 6.90
0111111000000000011 182 443075107755332 111100000000001111 443275107755332 19.12 16.68 6.90
0111111000000000011 182 443075107755332 111100000000001111 443375107755332 19.12 16.68 6.90
0111111000000000011 182 443075107755332 111100000000001111 443475107755332 19.12 16.68 6.90
0111111000000000011 182 443075107755332 111000000000001111 443575107755332 19.12 16.68 9.60
0111111000000000011 182 443075107755332 111000000000001111 443675107755332 19.12 16.68 9.60
0111111000000000011 182 443075107755332 111000000000011111 443775107755332 19.12 16.68 6.90
0111111000000000011 182 443075107755332 111111100000000111 443005107755332 19.12 16.68 12.20
0111111000000000011 182 443075107755332 111111000000000111 443015107755332 19.12 16.68 9.60
0111111000000000011 182 443075107755332 111111000000000111 443025107755332 19.12 16.68 9.60
0111111000000000011 182 443075107755332 111111000000000011 443035107755332 19.12 16.68 9.60
0111111000000000011 182 443075107755332 111111000000000011 443045107755332 19.12 16.68 9.60
0111111000000000011 182 443075107755332 111111000000000011 443055107755332 19.12 16.68 9.60
0111111000000000011 182 443075107755332 111111000000000011 443065107755332 19.12 16.68 9.60
0111111000000000011 182 443075107755332 111111000000000000 443070107755332 19.12 12.51 6.90
0111111000000000011 182 443075107755332 111111000000000000 443071107755332 19.12 12.51 6.90
0111111000000000011 182 443075107755332 111111000000000001 443072107755332 19.12 14.59 9.60
0111111000000000011 182 443075107755332 111111000000000001 443073107755332 19.12 14.59 9.60
0111111000000000011 182 443075107755332 111111000000000011 443074107755332 19.12 16.68 9.60
0111111000000000011 182 443075107755332 111111000000000011 443076107755332 19.12 16.68 9.60
0111111000000000011 182 443075107755332 111111000000000011 443077107755332 19.12 16.68 9.60
0111111000000000011 182 443075107755332 111111000000000001 443075007755332 19.12 14.59 9.60
0111111000000000011 182 443075107755332 111111100000000001 443075207755332 19.12 14.59 9.60
0111111000000000011 182 443075107755332 111111110000000000 443075307755332 19.12 12.51 6.90
0111111000000000011 182 443075107755332 111111110000000000 443075407755332 19.12 12.51 6.90
0111111000000000011 182 443075107755332 111111111000000000 443075507755332 19.12 12.51 6.90
0111111000000000011 182 443075107755332 111111111100000000 443075607755332 19.12 12.51 9.60
0111111000000000011 182 443075107755332 111111111100000000 443075707755332 19.12 12.51 9.60
0111111000000000011 182 443075107755332 111111000000000011 443075117755332 19.12 16.68 9.60
0111111000000000011 182 443075107755332 111111000000000011 443075127755332 19.12 16.68 9.60
0111111000000000011 182 443075107755332 111111000000000011 443075137755332 19.12 16.68 9.60
0111111000000000011 182 443075107755332 111111000000000011 443075147755332 19.12 16.68 9.60
0111111000000000011 182 443075107755332 111111000000000011 443075157755332 19.12 16.68 9.60
0111111000000000011 182 443075107755332 111111000000000011 443075167755332 19.12 16.68 9.60
0111111000000000011 182 443075107755332 111111000000000011 443075177755332 19.12 16.68 9.60
0111111000000000011 182 443075107755332 111111111111111111 443075100755332 19.12 4.17 4.30
0111111000000000011 182 443075107755332 111111111111111100 443075101755332 19.12 12.51 9.60
0111111000000000011 182 443075107755332 111111111111000000 443075102755332 19.12 12.51 9.60
0111111000000000011 182 443075107755332 111111111100000000 443075103755332 19.12 12.51 9.60
0111111000000000011 182 443075107755332 111111110000000000 443075104755332 19.12 12.51 6.90
0111111000000000011 182 443075107755332 111111100000000001 443075105755332 19.12 14.59 9.60
0111111000000000011 182 443075107755332 111111100000000001 443075106755332 19.12 14.59 9.60
0111111000000000011 182 443075107755332 111111111111111111 443075107055332 19.12 4.17 4.30
0111111000000000011 182 443075107755332 111111111110000000 443075107155332 19.12 12.51 9.60
0111111000000000011 182 443075107755332 111111111000000000 443075107255332 19.12 12.51 6.90
0111111000000000011 182 443075107755332 111111110000000000 443075107355332 19.12 12.51 6.90
0111111000000000011 182 443075107755332 111111100000000001 443075107455332 19.12 14.59 9.60
0111111000000000011 182 443075107755332 111111100000000001 443075107555332 19.12 14.59 9.60
0111111000000000011 182 443075107755332 111111100000000011 443075107655332 19.12 16.68 9.60
0111111000000000011 182 443075107755332 111110000000000000 443075107705332 19.12 12.51 6.90
0111111000000000011 182 443075107755332 111110000000000001 443075107715332 19.12 14.59 9.60
0111111000000000011 182 443075107755332 111110000000000001 443075107725332 19.12 14.59 9.60
0111111000000000011 182 443075107755332 111111000000000011 443075107735332 19.12 16.68 9.60
0111111000000000011 182 443075107755332 111111000000000011 443075107745332 19.12 16.68 9.60
0111111000000000011 182 443075107755332 111111100000000011 443075107765332 19.12 16.68 9.60
0111111000000000011 182 443075107755332 111111100000000001 443075107775332 19.12 14.59 9.60
0111111000000000011 182 443075107755332 111111111111111110 443075107750332 19.12 10.42 6.90
0111111000000000011 182 443075107755332 111111111110000000 443075107751332 19.12 12.51 9.60
0111111000000000011 182 443075107755332 111111111000000000 443075107752332 19.12 12.51 6.90
0111111000000000011 182 443075107755332 111111110000000000 443075107753332 19.12 12.51 6.90
0111111000000000011 182 443075107755332 111111100000000000 443075107754332 19.12 12.51 6.90
0111111000000000011 182 443075107755332 111111000000000111 443075107756332 19.12 16.68 9.60
0111111000000000011 182 443075107755332 111110000000011111 443075107757332 19.12 16.68 12.20
0111111000000000011 182 443075107755332 111111000000000000 443075107755032 19.12 12.51 6.90
0111111000000000011 182 443075107755332 111111000000000001 443075107755132 19.12 14.59 9.60
0111111000000000011 182 443075107755332 111111000000000001 443075107755232 19.12 14.59 9.60
0111111000000000011 182 443075107755332 111111000000000011 443075107755432 19.12 16.68 9.60
0111111000000000011 182 443075107755332 111111000000000111 443075107755532 19.12 16.68 9.60
0111111000000000011 182 443075107755332 111111000000000111 443075107755632 19.12 16.68 9.60
0111111000000000011 182 443075107755332 111111000000000111 443075107755732 19.12 16.68 9.60
0111111000000000011 182 443075107755332 111111000000000000 443075107755302 19.12 12.51 6.90
0111111000000000011 182 443075107755332 111111000000000111 443075107755312 19.12 16.68 9.60
0111111000000000011 182 443075107755332 111111000000000011 443075107755322 19.12 16.68 9.60
0111111000000000011 182 443075107755332 111111100000000001 443075107755342 19.12 14.59 9.60
0111111000000000011 182 443075107755332 111111100000000001 443075107755352 19.12 14.59 9.60
0111111000000000011 182 443075107755332 111111100000000001 443075107755362 19.12 14.59 9.60
0111111000000000011 182 443075107755332 111111110000000000 443075107755372 19.12 12.51 6.90
0111111000000000011 182 443075107755332 111111111111100000 443075107755330 19.12 12.51 9.60
0111111000000000011 182 443075107755332 111111110000000000 443075107755331 19.12 12.51 6.90
0111111000000000011 182 443075107755332 111110000000000111 443075107755333 19.12 16.68 6.90
0111111000000000011 182 443075107755332 111110000000000111 443075107755334 19.12 16.68 6.90
0111111000000000011 182 443075107755332 111100000000001111 443075107755335 19.12 16.68 6.90
0111111000000000011 182 443075107755332 111100000000001111 443075107755336 19.12 16.68 6.90
0111111000000000011 182 443075107755332 111100000000001111 443075107755337 19.12 16.68 6.90
0111111000000000011 282 255516045316361 111111000000000011 055516045316361 19.12 16.68 9.60
0111111000000000011 282 255516045316361 111111000000000011 155516045316361 19.12 16.68 9.60
0111111000000000011 282 255516045316361 111111000000000011 355516045316361 19.12 16.68 9.60
0111111000000000011 282 255516045316361 111111000000000011 455516045316361 19.12 16.68 9.60
0111111000000000011 282 255516045316361 111111000000000001 555516045316361 19.12 14.59 9.60
0111111000000000011 282 255516045316361 111111000000000001 655516045316361 19.12 14.59 9.60
0111111000000000011 282 255516045316361 111111000000000001 755516045316361 19.12 14.59 9.60
0111111000000000011 282 255516045316361 111110000000000011 205516045316361 19.12 16.68 9.60
0111111000000000011 282 255516045316361 111111000000000011 215516045316361 19.12 16.68 9.60
0111111000000000011 282 255516045316361 111111000000000011 225516045316361 19.12 16.68 9.60
0111111000000000011 282 255516045316361 111111000000000011 235516045316361 19.12 16.68 9.60
0111111000000000011 282 255516045316361 111111000000000011 245516045316361 19.12 16.68 9.60
0111111000000000011 282 255516045316361 111111000000000011 265516045316361 19.12 16.68 9.60
0111111000000000011 282 255516045316361 111111100000000011 275516045316361 19.12 16.68 9.60
0111111000000000011 282 255516045316361 111111000000000000 250516045316361 19.12 12.51 6.90
0111111000000000011 282 255516045316361 111111000000000001 251516045316361 19.12 14.59 9.60
0111111000000000011 282 255516045316361 111111000000000001 252516045316361 19.12 14.59 9.60
0111111000000000011 282 255516045316361 111111000000000011 253516045316361 19.12 16.68 9.60
0111111000000000011 282 255516045316361 111111000000000011 254516045316361 19.12 16.68 9.60
0111111000000000011 282 255516045316361 111111000000000011 256516045316361 19.12 16.68 9.60
0111111000000000011 282 255516045316361 111111000000000011 257516045316361 19.12 16.68 9.60
0111111000000000011 282 255516045316361 111111111000000000 255016045316361 19.12 12.51 6.90
0111111000000000011 282 255516045316361 111111110000000001 255116045316361 19.12 14.59 9.60
0111111000000000011 282 255516045316361 111111100000000001 255216045316361 19.12 14.59 9.60
0111111000000000011 282 255516045316361 111111100000000001 255316045316361 19.12 14.59 9.60
0111111000000000011 282 255516045316361 111111000000000011 255416045316361 19.12 16.68 9.60
0111111000000000011 282 255516045316361 111111000000000011 255616045316361 19.12 16.68 9.60
0111111000000000011 282 255516045316361 111111000000000011 255716045316361 19.12 16.68 9.60
0111111000000000011 282 255516045316361 111111000000000001 255506045316361 19.12 14.59 9.60
0111111000000000011 282 255516045316361 111111000000000011 255526045316361 19.12 16.68 9.60
0111111000000000011 282 255516045316361 111111000000000011 255536045316361 19.12 16.68 9.60
0111111000000000011 282 255516045316361 111111000000000011 255546045316361 19.12 16.68 9.60
0111111000000000011 282 255516045316361 111111000000000011 255556045316361 19.12 16.68 9.60
0111111000000000011 282 255516045316361 111111000000000011 255566045316361 19.12 16.68 9.60
0111111000000000011 282 255516045316361 111111000000000011 255576045316361 19.12 16.68 9.60
0111111000000000011 282 255516045316361 111111000000000011 255510045316361 19.12 16.68 9.60
0111111000000000011 282 255516045316361 111111000000000111 255511045316361 19.12 16.68 9.60
0111111000000000011 282 255516045316361 111111000000000111 255512045316361 19.12 16.68 9.60
0111111000000000011 282 255516045316361 111111000000000111 255513045316361 19.12 16.68 9.60
0111111000000000011 282 255516045316361 111111000000000011 255514045316361 19.12 16.68 9.60
0111111000000000011 282 255516045316361 111111000000000011 255515045316361 19.12 16.68 9.60
0111111000000000011 282 255516045316361 111111000000000001 255517045316361 19.12 14.59 9.60
0111111000000000011 282 255516045316361 111111110000000001 255516145316361 19.12 14.59 9.60
0111111000000000011 282 255516045316361 111111111100000000 255516245316361 19.12 12.51 9.60
0111111000000000011 282 255516045316361 111111111111000000 255516345316361 19.12 12.51 9.60
0111111000000000011 282 255516045316361 111111111111110000 255516445316361 19.12 12.51 9.60
0111111000000000011 282 255516045316361 111111111111111100 255516545316361 19.12 12.51 9.60
0111111000000000011 282 255516045316361 111111111111111111 255516645316361 19.12 4.17 4.30
0111111000000000011 282 255516045316361 111111111111111111 255516745316361 19.12 4.17 4.30
0111111000000000011 282 255516045316361 111111000000000011 255516005316361 19.12 16.68 9.60
0111111000000000011 282 255516045316361 111111000000000011 255516015316361 19.12 16.68 9.60
0111111000000000011 282 255516045316361 111111000000000011 255516025316361 19.12 16.68 9.60
0111111000000000011 282 255516045316361 111111000000000011 255516035316361 19.12 16.68 9.60
0111111000000000011 282 255516045316361 111111000000000011 255516055316361 19.12 16.68 9.60
0111111000000000011 282 255516045316361 111111000000000011 255516065316361 19.12 16.68 9.60
0111111000000000011 282 255516045316361 111111000000000011 255516075316361 19.12 16.68 9.60
0111111000000000011 282 255516045316361 111111111111111111 255516040316361 19.12 4.17 4.30
0111111000000000011 282 255516045316361 111111111111000000 255516041316361 19.12 12.51 9.60
0111111000000000011 282 255516045316361 111111111000000000 255516042316361 19.12 12.51 6.90
0111111000000000011 282 255516045316361 111111110000000000 255516043316361 19.12 12.51 6.90
0111111000000000011 282 255516045316361 111111100000000001 255516044316361 19.12 14.59 9.60
0111111000000000011 282 255516045316361 111111000000000011 255516046316361 19.12 16.68 9.60
0111111000000000011 282 255516045316361 111110000000000111 255516047316361 19.12 16.68 6.90
0111111000000000011 282 255516045316361 111111111111100000 255516045016361 19.12 12.51 9.60
0111111000000000011 282 255516045316361 111111111000000000 255516045116361 19.12 12.51 6.90
0111111000000000011 282 255516045316361 111111100000000001 255516045216361 19.12 14.59 9.60
0111111000000000011 282 255516045316361 111111000000000011 255516045416361 19.12 16.68 9.60
0111111000000000011 282 255516045316361 111110000000000011 255516045516361 19.12 16.68 9.60
0111111000000000011 282 255516045316361 111110000000000111 255516045616361 19.12 16.68 6.90
0111111000000000011 282 255516045316361 111110000000000111 255516045716361 19.12 16.68 6.90
0111111000000000011 282 255516045316361 111111000000000000 255516045306361 19.12 12.51 6.90
0111111000000000011 282 255516045316361 111111100000000111 255516045326361 19.12 16.68 12.20
0111111000000000011 282 255516045316361 111111100000000111 255516045336361 19.12 16.68 12.20
0111111000000000011 282 255516045316361 111111110000000111 255516045346361 19.12 16.68 12.20
0111111000000000011 282 255516045316361 111111110000000111 255516045356361 19.12 16.68 12.20
0111111000000000011 282 255516045316361 111111111000000011 255516045366361 19.12 16.68 12.20
0111111000000000011 282 255516045316361 111111111100000001 255516045376361 19.12 14.59 12.20
0111111000000000011 282 255516045316361 111111111111111111 255516045310361 19.12 4.17 4.30
0111111000000000011 282 255516045316361 111111111111000000 255516045311361 19.12 12.51 9.60
0111111000000000011 282 255516045316361 111111111100000000 255516045312361 19.12 12.51 9.60
0111111000000000011 282 255516045316361 111111110000000000 255516045313361 19.12 12.51 6.90
0111111000000000011 282 255516045316361 111111100000000000 255516045314361 19.12 12.51 6.90
0111111000000000011 282 255516045316361 111111100000000001 255516045315361 19.12 14.59 9.60
0111111000000000011 282 255516045316361 111111000000000011 255516045317361 19.12 16.68 9.60
0111111000000000011 282 255516045316361 111111000000000000 255516045316061 19.12 12.51 6.90
0111111000000000011 282 255516045316361 111111000000000000 255516045316161 19.12 12.51 6.90
0111111000000000011 282 255516045316361 111111000000000001 255516045316261 19.12 14.59 9.60
0111111000000000011 282 255516045316361 111111000000000111 255516045316461 19.12 16.68 9.60
0111111000000000011 282 255516045316361 111111000000000111 255516045316561 19.12 16.68 9.60
0111111000000000011 282 255516045316361 111111000000001111 255516045316661 19.12 16.68 12.20
0111111000000000011 282 255516045316361 111111000000001111 255516045316761 19.12 16.68 12.20
0111111000000000011 282 255516045316361 111100000000000000 255516045316301 19.12 12.51 6.90
0111111000000000011 282 255516045316361 111100000000000011 255516045316311 19.12 16.68 9.60
0111111000000000011 282 255516045316361 111110000000000111 255516045316321 19.12 16.68 6.90
0111111000000000011 282 255516045316361 111110000000000011 255516045316331 19.12 16.68 9.60
0111111000000000011 282 255516045316361 111110000000000011 255516045316341 19.12 16.68 9.60
0111111000000000011 282 255516045316361 111111000000000011 255516045316351 19.12 16.68 9.60
0111111000000000011 282 255516045316361 111111100000000001 255516045316371 19.12 14.59 9.60
0111111000000000011 282 255516045316361 111111111000000000 255516045316360 19.12 12.51 6.90
0111111000000000011 282 255516045316361 111110000000000111 255516045316362 19.12 16.68 6.90
0111111000000000011 282 255516045316361 111100000000000111 255516045316363 19.12 16.68 9.60
0111111000000000011 282 255516045316361 111100000000001111 255516045316364 19.12 16.68 6.90
0111111000000000011 282 255516045316361 111000000000001111 255516045316365 19.12 16.68 9.60
0111111000000000011 282 255516045316361 111000000000001111 255516045316366 19.12 16.68 9.60
0111111000000000011 282 255516045316361 111000000000011111 255516045316367 19.12 16.68 6.90
0111111000000000011 418 144464155017513 111111000000000111 044464155017513 19.12 16.68 9.60
0111111000000000011 418 144464155017513 111111000000000011 244464155017513 19.12 16.68 9.60
0111111000000000011 418 144464155017513 111111000000000011 344464155017513 19.12 16.68 9.60
0111111000000000011 418 144464155017513 111111000000000011 444464155017513 19.12 16.68 9.60
0111111000000000011 418 144464155017513 111111000000000011 544464155017513 19.12 16.68 9.60
0111111000000000011 418 144464155017513 111111000000000011 644464155017513 19.12 16.68 9.60
0111111000000000011 418 144464155017513 111111000000000011 744464155017513 19.12 16.68 9.60
0111111000000000011 418 144464155017513 111110000000000111 104464155017513 19.12 16.68 6.90
0111111000000000011 418 144464155017513 111111000000000111 114464155017513 19.12 16.68 9.60
0111111000000000011 418 144464155017513 111111000000000111 124464155017513 19.12 16.68 9.60
0111111000000000011 418 144464155017513 111111000000000111 134464155017513 19.12 16.68 9.60
0111111000000000011 418 144464155017513 111111000000000011 154464155017513 19.12 16.68 9.60
0111111000000000011 418 144464155017513 111111000000000011 164464155017513 19.12 16.68 9.60
0111111000000000011 418 144464155017513 111111000000000011 174464155017513 19.12 16.68 9.60
0111111000000000011 418 144464155017513 111111000000000011 140464155017513 19.12 16.68 9.60
0111111000000000011 418 144464155017513 111111000000000011 141464155017513 19.12 16.68 9.60
0111111000000000011 418 144464155017513 111111000000000011 142464155017513 19.12 16.68 9.60
0111111000000000011 418 144464155017513 111111000000000011 143464155017513 19.12 16.68 9.60
0111111000000000011 418 144464155017513 111111000000000111 145464155017513 19.12 16.68 9.60
0111111000000000011 418 144464155017513 111111000000000111 146464155017513 19.12 16.68 9.60
0111111000000000011 418 144464155017513 111111000000000111 147464155017513 19.12 16.68 9.60
0111111000000000011 418 144464155017513 111111110000000001 144064155017513 19.12 14.59 9.60
0111111000000000011 418 144464155017513 111111100000000011 144164155017513 19.12 16.68 9.60
0111111000000000011 418 144464155017513 111111000000000011 144264155017513 19.12 16.68 9.60
0111111000000000011 418 144464155017513 111111000000000011 144364155017513 19.12 16.68 9.60
0111111000000000011 418 144464155017513 111111000000000111 144564155017513 19.12 16.68 9.60
0111111000000000011 418 144464155017513 111111000000000111 144664155017513 19.12 16.68 9.60
0111111000000000011 418 144464155017513 111111000000000111 144764155017513 19.12 16.68 9.60
0111111000000000011 418 144464155017513 111111000000000111 144404155017513 19.12 16.68 9.60
0111111000000000011 418 144464155017513 111111000000000111 144414155017513 19.12 16.68 9.60
0111111000000000011 418 144464155017513 111111000000000111 144424155017513 19.12 16.68 9.60
0111111000000000011 418 144464155017513 111111000000000111 144434155017513 19.12 16.68 9.60
0111111000000000011 418 144464155017513 111111000000000111 144444155017513 19.12 16.68 9.60
0111111000000000011 418 144464155017513 111111000000000111 144454155017513 19.12 16.68 9.60
0111111000000000011 418 144464155017513 111111000000000011 144474155017513 19.12 16.68 9.60
0111111000000000011 418 144464155017513 111111000000000001 144460155017513 19.12 14.59 9.60
0111111000000000011 418 144464155017513 111111000000000011 144461155017513 19.12 16.68 9.60
0111111000000000011 418 144464155017513 111111000000000011 144462155017513 19.12 16.68 9.60
0111111000000000011 418 144464155017513 111111000000000011 144463155017513 19.12 16.68 9.60
0111111000000000011 418 144464155017513 111111000000000111 144465155017513 19.12 16.68 9.60
0111111000000000011 418 144464155017513 111111000000000111 144466155017513 19.12 16.68 9.60
0111111000000000011 418 144464155017513 111111000000000111 144467155017513 19.12 16.68 9.60
0111111000000000011 418 144464155017513 111110000000001111 144464055017513 19.12 16.68 9.60
0111111000000000011 418 144464155017513 111111100000000001 144464255017513 19.12 14.59 9.60
0111111000000000011 418 144464155017513 111111110000000000 144464355017513 19.12 12.51 6.90
0111111000000000011 418 144464155017513 111111111100000000 144464455017513 19.12 12.51 9.60
0111111000000000011 418 144464155017513 111111111110000000 144464555017513 19.12 12.51 9.60
0111111000000000011 418 144464155017513 111111111111000000 144464655017513 19.12 12.51 9.60
0111111000000000011 418 144464155017513 111111111111100000 144464755017513 19.12 12.51 9.60
0111111000000000011 418 144464155017513 111111000000000011 144464105017513 19.12 16.68 9.60
0111111000000000011 418 144464155017513 111111000000000011 144464115017513 19.12 16.68 9.60
0111111000000000011 418 144464155017513 111111000000000011 144464125017513 19.12 16.68 9.60
0111111000000000011 418 144464155017513 111111000000000011 144464135017513 19.12 16.68 9.60
0111111000000000011 418 144464155017513 111111000000000011 144464145017513 19.12 16.68 9.60
0111111000000000011 418 144464155017513 111111000000000011 144464165017513 19.12 16.68 9.60
0111111000000000011 418 144464155017513 111111000000000011 144464175017513 19.12 16.68 9.60
0111111000000000011 418 144464155017513 111111111111111110 144464150017513 19.12 10.42 6.90
0111111000000000011 418 144464155017513 111111111110000000 144464151017513 19.12 12.51 9.60
0111111000000000011 418 144464155017513 111111111000000000 144464152017513 19.12 12.51 6.90
0111111000000000011 418 144464155017513 111111100000000001 144464153017513 19.12 14.59 9.60
0111111000000000011 418 144464155017513 111111100000000011 144464154017513 19.12 16.68 9.60
0111111000000000011 418 144464155017513 111110000000000111 144464156017513 19.12 16.68 6.90
0111111000000000011 418 144464155017513 111110000000000111 144464157017513 19.12 16.68 6.90
0111111000000000011 418 144464155017513 111100000000011111 144464155117513 19.12 16.68 9.60
0111111000000000011 418 144464155017513 111000000000111111 144464155217513 19.12 16.68 9.60
0111111000000000011 418 144464155017513 111000000000111111 144464155317513 19.12 16.68 9.60
0111111000000000011 418 144464155017513 111000000000111111 144464155417513 19.12 16.68 9.60
0111111000000000011 418 144464155017513 111000000000111111 144464155517513 19.12 16.68 9.60
0111111000000000011 418 144464155017513 111000000001111111 144464155617513 19.12 16.68 12.20
0111111000000000011 418 144464155017513 110000000001111111 144464155717513 19.12 16.68 9.60
0111111000000000011 418 144464155017513 111111000000000011 144464155007513 19.12 16.68 9.60
0111111000000000011 418 144464155017513 111111000000000111 144464155027513 19.12 16.68 9.60
0111111000000000011 418 144464155017513 111111100000000111 144464155037513 19.12 16.68 12.20
0111111000000000011 418 144464155017513 111111100000000011 144464155047513 19.12 16.68 9.60
0111111000000000011 418 144464155017513 111111110000000011 144464155057513 19.12 16.68 12.20
0111111000000000011 418 144464155017513 111111110000000001 144464155067513 19.12 14.59 9.60
0111111000000000011 418 144464155017513 111111111000000001 144464155077513 19.12 14.59 12.20
0111111000000000011 418 144464155017513 111111111111111111 144464155010513 19.12 4.17 4.30
0111111000000000011 418 144464155017513 111111111111100000 144464155011513 19.12 12.51 9.60
0111111000000000011 418 144464155017513 111111111100000000 144464155012513 19.12 12.51 9.60
0111111000000000011 418 144464155017513 111111111000000000 144464155013513 19.12 12.51 6.90
0111111000000000011 418 144464155017513 111111110000000000 144464155014513 19.12 12.51 6.90
0111111000000000011 418 144464155017513 111111100000000000 144464155015513 19.12 12.51 6.90
0111111000000000011 418 144464155017513 111111000000000001 144464155016513 19.12 14.59 9.60
0111111000000000011 418 144464155017513 111111000000000000 144464155017013 19.12 12.51 6.90
0111111000000000011 418 144464155017513 111111000000000000 144464155017113 19.12 12.51 6.90
0111111000000000011 418 144464155017513 111111000000000001 144464155017213 19.12 14.59 9.60
0111111000000000011 418 144464155017513 111111000000000011 144464155017313 19.12 16.68 9.60
0111111000000000011 418 144464155017513 111111000000000011 144464155017413 19.12 16.68 9.60
0111111000000000011 418 144464155017513 111111000000000111 144464155017613 19.12 16.68 9.60
0111111000000000011 418 144464155017513 111111000000000111 144464155017713 19.12 16.68 9.60
0111111000000000011 418 144464155017513 111110000000001111 144464155017503 19.12 16.68 9.60
0111111000000000011 418 144464155017513 111111100000000001 144464155017523 19.12 14.59 9.60
0111111000000000011 418 144464155017513 111111110000000000 144464155017533 19.12 12.51 6.90
0111111000000000011 418 144464155017513 111111111100000000 144464155017543 19.12 12.51 9.60
0111111000000000011 418 144464155017513 111111111110000000 144464155017553 19.12 12.51 9.60
0111111000000000011 418 144464155017513 111111111111000000 144464155017563 19.12 12.51 9.60
0111111000000000011 418 144464155017513 111111111111100000 144464155017573 19.12 12.51 9.60
0111111000000000011 418 144464155017513 111111111111100000 144464155017510 19.12 12.51 9.60
0111111000000000011 418 144464155017513 111111111000000000 144464155017511 19.12 12.51 6.90
0111111000000000011 418 144464155017513 111111100000000011 144464155017512 19.12 16.68 9.60
0111111000000000011 418 144464155017513 111110000000000111 144464155017514 19.12 16.68 6.90
0111111000000000011 418 144464155017513 111110000000000111 144464155017515 19.12 16.68 6.90
0111111000000000011 418 144464155017513 111100000000001111 144464155017516 19.12 16.68 6.90
0111111000000000011 418 144464155017513 111100000000001111 144464155017517 19.12 16.68 6.90
0111111000000000011 653 754242216766452 111111110000000111 054242216766452 19.12 16.68 12.20
0111111000000000011 653 754242216766452 111111100000000011 154242216766452 19.12 16.68 9.60
0111111000000000011 653 754242216766452 111111100000000011 254242216766452 19.12 16.68 9.60
0111111000000000011 653 754242216766452 111111100000000011 354242216766452 19.12 16.68 9.60
0111111000000000011 653 754242216766452 111111100000000011 454242216766452 19.12 16.68 9.60
0111111000000000011 653 754242216766452 111111000000000011 554242216766452 19.12 16.68 9.60
0111111000000000011 653 754242216766452 111111000000000011 654242216766452 19.12 16.68 9.60
0111111000000000011 653 754242216766452 111110000000001111 704242216766452 19.12 16.68 9.60
0111111000000000011 653 754242216766452 111110000000000111 714242216766452 19.12 16.68 6.90
0111111000000000011 653 754242216766452 111110000000000111 724242216766452 19.12 16.68 6.90
0111111000000000011 653 754242216766452 111111000000000111 734242216766452 19.12 16.68 9.60
0111111000000000011 653 754242216766452 111111000000000111 744242216766452 19.12 16.68 9.60
0111111000000000011 653 754242216766452 111111000000000011 764242216766452 19.12 16.68 9.60
0111111000000000011 653 754242216766452 111111100000000011 774242216766452 19.12 16.68 9.60
0111111000000000011 653 754242216766452 111110000000001111 750242216766452 19.12 16.68 9.60
0111111000000000011 653 754242216766452 111110000000000111 751242216766452 19.12 16.68 6.90
0111111000000000011 653 754242216766452 111111000000000111 752242216766452 19.12 16.68 9.60
0111111000000000011 653 754242216766452 111111000000000011 753242216766452 19.12 16.68 9.60
0111111000000000011 653 754242216766452 111111000000000011 755242216766452 19.12 16.68 9.60
0111111000000000011 653 754242216766452 111111000000000011 756242216766452 19.12 16.68 9.60
0111111000000000011 653 754242216766452 111111100000000011 757242216766452 19.12 16.68 9.60
0111111000000000011 653 754242216766452 111111111000000000 754042216766452 19.12 12.51 6.90
0111111000000000011 653 754242216766452 111111100000000011 754142216766452 19.12 16.68 9.60
0111111000000000011 653 754242216766452 111111000000000111 754342216766452 19.12 16.68 9.60
0111111000000000011 653 754242216766452 111111000000000111 754442216766452 19.12 16.68 9.60
0111111000000000011 653 754242216766452 111110000000000111 754542216766452 19.12 16.68 6.90
0111111000000000011 653 754242216766452 111110000000000111 754642216766452 19.12 16.68 6.90
0111111000000000011 653 754242216766452 111110000000000111 754742216766452 19.12 16.68 6.90
0111111000000000011 653 754242216766452 111111000000001111 754202216766452 19.12 16.68 12.20
0111111000000000011 653 754242216766452 111111000000000111 754212216766452 19.12 16.68 9.60
0111111000000000011 653 754242216766452 111111000000000111 754222216766452 19.12 16.68 9.60
0111111000000000011 653 754242216766452 111111000000000111 754232216766452 19.12 16.68 9.60
0111111000000000011 653 754242216766452 111111000000000011 754252216766452 19.12 16.68 9.60
0111111000000000011 653 754242216766452 111111000000000011 754262216766452 19.12 16.68 9.60
0111111000000000011 653 754242216766452 111111000000000011 754272216766452 19.12 16.68 9.60
0111111000000000011 653 754242216766452 111111000000000001 754240216766452 19.12 14.59 9.60
0111111000000000011 653 754242216766452 111111000000000011 754241216766452 19.12 16.68 9.60
0111111000000000011 653 754242216766452 111111000000000111 754243216766452 19.12 16.68 9.60
0111111000000000011 653 754242216766452 111111000000000111 754244216766452 19.12 16.68 9.60
0111111000000000011 653 754242216766452 111111000000000111 754245216766452 19.12 16.68 9.60
0111111000000000011 653 754242216766452 111111000000000111 754246216766452 19.12 16.68 9.60
0111111000000000011 653 754242216766452 111111000000000111 754247216766452 19.12 16.68 9.60
0111111000000000011 653 754242216766452 111100000000111111 754242016766452 19.12 16.68 9.60
0111111000000000011 653 754242216766452 111110000000001111 754242116766452 19.12 16.68 9.60
0111111000000000011 653 754242216766452 111111100000000001 754242316766452 19.12 14.59 9.60
0111111000000000011 653 754242216766452 111111111000000000 754242416766452 19.12 12.51 6.90
0111111000000000011 653 754242216766452 111111111100000000 754242516766452 19.12 12.51 9.60
0111111000000000011 653 754242216766452 111111111110000000 754242616766452 19.12 12.51 9.60
0111111000000000011 653 754242216766452 111111111111000000 754242716766452 19.12 12.51 9.60
0111111000000000011 653 754242216766452 111111000000000011 754242206766452 19.12 16.68 9.60
0111111000000000011 653 754242216766452 111111000000000011 754242226766452 19.12 16.68 9.60
0111111000000000011 653 754242216766452 111111000000000011 754242236766452 19.12 16.68 9.60
0111111000000000011 653 754242216766452 111111000000000011 754242246766452 19.12 16.68 9.60
0111111000000000011 653 754242216766452 111111000000000011 754242256766452 19.12 16.68 9.60
0111111000000000011 653 754242216766452 111111000000000011 754242266766452 19.12 16.68 9.60
0111111000000000011 653 754242216766452 111111000000000011 754242276766452 19.12 16.68 9.60
0111111000000000011 653 754242216766452 111111111111111111 754242210766452 19.12 4.17 4.30
0111111000000000011 653 754242216766452 111111111111111000 754242211766452 19.12 12.51 9.60
0111111000000000011 653 754242216766452 111111111110000000 754242212766452 19.12 12.51 9.60
0111111000000000011 653 754242216766452 111111111000000000 754242213766452 19.12 12.51 6.90
0111111000000000011 653 754242216766452 111111110000000001 754242214766452 19.12 14.59 9.60
0111111000000000011 653 754242216766452 111111100000000011 754242215766452 19.12 16.68 9.60
0111111000000000011 653 754242216766452 111111000000000111 754242217766452 19.12 16.68 9.60
0111111000000000011 653 754242216766452 111111111111111111 754242216066452 19.12 4.17 4.30
0111111000000000011 653 754242216766452 111111111111111111 754242216166452 19.12 4.17 4.30
0111111000000000011 653 754242216766452 111111111111100000 754242216266452 19.12 12.51 9.60
0111111000000000011 653 754242216766452 111111111100000000 754242216366452 19.12 12.51 9.60
0111111000000000011 653 754242216766452 111111110000000000 754242216466452 19.12 12.51 6.90
0111111000000000011 653 754242216766452 111111100000000001 754242216566452 19.12 14.59 9.60
0111111000000000011 653 754242216766452 111111100000000011 754242216666452 19.12 16.68 9.60
0111111000000000011 653 754242216766452 111110000000000001 754242216706452 19.12 14.59 9.60
0111111000000000011 653 754242216766452 111110000000000011 754242216716452 19.12 16.68 9.60
0111111000000000011 653 754242216766452 111110000000000011 754242216726452 19.12 16.68 9.60
0111111000000000011 653 754242216766452 111110000000000111 754242216736452 19.12 16.68 6.90
0111111000000000011 653 754242216766452 111111000000000111 754242216746452 19.12 16.68 9.60
0111111000000000011 653 754242216766452 111111000000000111 754242216756452 19.12 16.68 9.60
0111111000000000011 653 754242216766452 111111100000000011 754242216776452 19.12 16.68 9.60
0111111000000000011 653 754242216766452 111111111111111111 754242216760452 19.12 4.17 4.30
0111111000000000011 653 754242216766452 111111111111111110 754242216761452 19.12 10.42 6.90
0111111000000000011 653 754242216766452 111111111111000000 754242216762452 19.12 12.51 9.60
0111111000000000011 653 754242216766452 111111111100000000 754242216763452 19.12 12.51 9.60
0111111000000000011 653 754242216766452 111111110000000000 754242216764452 19.12 12.51 6.90
0111111000000000011 653 754242216766452 111111100000000000 754242216765452 19.12 12.51 6.90
0111111000000000011 653 754242216766452 111111000000001111 754242216767452 19.12 16.68 12.20
0111111000000000011 653 754242216766452 111111000000000000 754242216766052 19.12 12.51 6.90
0111111000000000011 653 754242216766452 111111000000000001 754242216766152 19.12 14.59 9.60
0111111000000000011 653 754242216766452 111111000000000011 754242216766252 19.12 16.68 9.60
0111111000000000011 653 754242216766452 111111000000000011 754242216766352 19.12 16.68 9.60
0111111000000000011 653 754242216766452 111111000000000111 754242216766552 19.12 16.68 9.60
0111111000000000011 653 754242216766452 111111000000000111 754242216766652 19.12 16.68 9.60
0111111000000000011 653 754242216766452 111111000000000111 754242216766752 19.12 16.68 9.60
0111111000000000011 653 754242216766452 111100000000111111 754242216766402 19.12 16.68 9.60
0111111000000000011 653 754242216766452 111100000000011111 754242216766412 19.12 16.68 9.60
0111111000000000011 653 754242216766452 111110000000001111 754242216766422 19.12 16.68 9.60
0111111000000000011 653 754242216766452 111110000000001111 754242216766432 19.12 16.68 9.60
0111111000000000011 653 754242216766452 111111000000000111 754242216766442 19.12 16.68 9.60
0111111000000000011 653 754242216766452 111111100000000011 754242216766462 19.12 16.68 9.60
0111111000000000011 653 754242216766452 111111100000000001 754242216766472 19.12 14.59 9.60
0111111000000000011 653 754242216766452 111111111111110000 754242216766450 19.12 12.51 9.60
0111111000000000011 653 754242216766452 111111110000000001 754242216766451 19.12 14.59 9.60
0111111000000000011 653 754242216766452 111110000000000111 754242216766453 19.12 16.68 6.90
0111111000000000011 653 754242216766452 111110000000001111 754242216766454 19.12 16.68 9.60
0111111000000000011 653 754242216766452 111100000000001111 754242216766455 19.12 16.68 6.90
0111111000000000011 653 754242216766452 111100000000011111 754242216766456 19.12 16.68 9.60
0111111000000000011 653 754242216766452 111000000000011111 754242216766457 19.12 16.68 6.90
0111111000000000011 697 376575663445603 111111000000000111 076575663445603 19.12 16.68 9.60
0111111000000000011 697 376575663445603 111111000000000011 176575663445603 19.12 16.68 9.60
0111111000000000011 697 376575663445603 111111000000000011 276575663445603 19.12 16.68 9.60
0111111000000000011 697 376575663445603 111111000000000011 476575663445603 19.12 16.68 9.60
0111111000000000011 697 376575663445603 111111000000000011 576575663445603 19.12 16.68 9.60
0111111000000000011 697 376575663445603 111111000000000011 676575663445603 19.12 16.68 9.60
0111111000000000011 697 376575663445603 111111000000000011 776575663445603 19.12 16.68 9.60
0111111000000000011 697 376575663445603 111110000000000111 306575663445603 19.12 16.68 6.90
0111111000000000011 697 376575663445603 111110000000000111 316575663445603 19.12 16.68 6.90
0111111000000000011 697 376575663445603 111110000000000111 326575663445603 19.12 16.68 6.90
0111111000000000011 697 376575663445603 111110000000000011 336575663445603 19.12 16.68 9.60
0111111000000000011 697 376575663445603 111110000000000011 346575663445603 19.12 16.68 9.60
0111111000000000011 697 376575663445603 111111000000000011 356575663445603 19.12 16.68 9.60
0111111000000000011 697 376575663445603 111111000000000011 366575663445603 19.12 16.68 9.60
0111111000000000011 697 376575663445603 111110000000000011 370575663445603 19.12 16.68 9.60
0111111000000000011 697 376575663445603 111110000000000011 371575663445603 19.12 16.68 9.60
0111111000000000011 697 376575663445603 111111000000000011 372575663445603 19.12 16.68 9.60
0111111000000000011 697 376575663445603 111111000000000011 373575663445603 19.12 16.68 9.60
0111111000000000011 697 376575663445603 111111000000000011 374575663445603 19.12 16.68 9.60
0111111000000000011 697 376575663445603 111111000000000011 375575663445603 19.12 16.68 9.60
0111111000000000011 697 376575663445603 111111000000000011 377575663445603 19.12 16.68 9.60
0111111000000000011 697 376575663445603 111111111110000000 376075663445603 19.12 12.51 9.60
0111111000000000011 697 376575663445603 111111110000000000 376175663445603 19.12 12.51 6.90
0111111000000000011 697 376575663445603 111111100000000001 376275663445603 19.12 14.59 9.60
0111111000000000011 697 376575663445603 111111100000000001 376375663445603 19.12 14.59 9.60
0111111000000000011 697 376575663445603 111111000000000011 376475663445603 19.12 16.68 9.60
0111111000000000011 697 376575663445603 111111000000000011 376675663445603 19.12 16.68 9.60
0111111000000000011 697 376575663445603 111111000000000011 376775663445603 19.12 16.68 9.60
0111111000000000011 697 376575663445603 111111000000001111 376505663445603 19.12 16.68 12.20
0111111000000000011 697 376575663445603 111111000000000111 376515663445603 19.12 16.68 9.60
0111111000000000011 697 376575663445603 111111000000000111 376525663445603 19.12 16.68 9.60
0111111000000000011 697 376575663445603 111111000000000111 376535663445603 19.12 16.68 9.60
0111111000000000011 697 376575663445603 111111000000000011 376545663445603 19.12 16.68 9.60
0111111000000000011 697 376575663445603 111111000000000011 376555663445603 19.12 16.68 9.60
0111111000000000011 697 376575663445603 111111000000000011 376565663445603 19.12 16.68 9.60
0111111000000000011 697 376575663445603 111111000000000000 376570663445603 19.12 12.51 6.90
0111111000000000011 697 376575663445603 111111000000000001 376571663445603 19.12 14.59 9.60
0111111000000000011 697 376575663445603 111111000000000001 376572663445603 19.12 14.59 9.60
0111111000000000011 697 376575663445603 111111000000000001 376573663445603 19.12 14.59 9.60
0111111000000000011 697 376575663445603 111111000000000011 376574663445603 19.12 16.68 9.60
0111111000000000011 697 376575663445603 111111000000000011 376576663445603 19.12 16.68 9.60
0111111000000000011 697 376575663445603 111111000000000011 376577663445603 19.12 16.68 9.60
0111111000000000011 697 376575663445603 111100000000000001 376575063445603 19.12 14.59 9.60
0111111000000000011 697 376575663445603 111100000000011111 376575163445603 19.12 16.68 9.60
0111111000000000011 697 376575663445603 111100000000001111 376575263445603 19.12 16.68 6.90
0111111000000000011 697 376575663445603 111110000000001111 376575363445603 19.12 16.68 9.60
0111111000000000011 697 376575663445603 111110000000000111 376575463445603 19.12 16.68 6.90
0111111000000000011 697 376575663445603 111111000000000011 376575563445603 19.12 16.68 9.60
0111111000000000011 697 376575663445603 111111000000000001 376575763445603 19.12 14.59 9.60
0111111000000000011 697 376575663445603 111111000000000011 376575603445603 19.12 16.68 9.60
0111111000000000011 697 376575663445603 111111000000000011 376575613445603 19.12 16.68 9.60
0111111000000000011 697 376575663445603 111111000000000011 376575623445603 19.12 16.68 9.60
0111111000000000011 697 376575663445603 111111000000000011 376575633445603 19.12 16.68 9.60
0111111000000000011 697 376575663445603 111111000000000011 376575643445603 19.12 16.68 9.60
0111111000000000011 697 376575663445603 111111000000000011 376575653445603 19.12 16.68 9.60
0111111000000000011 697 376575663445603 111111000000000011 376575673445603 19.12 16.68 9.60
0111111000000000011 697 376575663445603 111111111111111000 376575660445603 19.12 12.51 9.60
0111111000000000011 697 376575663445603 111111111000000000 376575661445603 19.12 12.51 6.90
0111111000000000011 697 376575663445603 111111100000000001 376575662445603 19.12 14.59 9.60
0111111000000000011 697 376575663445603 111110000000000111 376575664445603 19.12 16.68 6.90
0111111000000000011 697 376575663445603 111110000000000111 376575665445603 19.12 16.68 6.90
0111111000000000011 697 376575663445603 111100000000000111 376575666445603 19.12 16.68 9.60
0111111000000000011 697 376575663445603 111100000000001111 376575667445603 19.12 16.68 6.90
0111111000000000011 697 376575663445603 111111111111111111 376575663045603 19.12 4.17 4.30
0111111000000000011 697 376575663445603 111111111100000000 376575663145603 19.12 12.51 9.60
0111111000000000011 697 376575663445603 111111110000000000 376575663245603 19.12 12.51 6.90
0111111000000000011 697 376575663445603 111111100000000001 376575663345603 19.12 14.59 9.60
0111111000000000011 697 376575663445603 111110000000000011 376575663545603 19.12 16.68 9.60
0111111000000000011 697 376575663445603 111110000000000111 376575663645603 19.12 16.68 6.90
0111111000000000011 697 376575663445603 111110000000000111 376575663745603 19.12 16.68 6.90
0111111000000000011 697 376575663445603 111110000000000000 376575663405603 19.12 12.51 6.90
0111111000000000011 697 376575663445603 111110000000000001 376575663415603 19.12 14.59 9.60
0111111000000000011 697 376575663445603 111110000000000011 376575663425603 19.12 16.68 9.60
0111111000000000011 697 376575663445603 111111000000000011 376575663435603 19.12 16.68 9.60
0111111000000000011 697 376575663445603 111111000000000011 376575663455603 19.12 16.68 9.60
0111111000000000011 697 376575663445603 111111100000000011 376575663465603 19.12 16.68 9.60
0111111000000000011 697 376575663445603 111111100000000001 376575663475603 19.12 14.59 9.60
0111111000000000011 697 376575663445603 111111111111111111 376575663440603 19.12 4.17 4.30
0111111000000000011 697 376575663445603 111111111111000000 376575663441603 19.12 12.51 9.60
0111111000000000011 697 376575663445603 111111111000000000 376575663442603 19.12 12.51 6.90
0111111000000000011 697 376575663445603 111111110000000000 376575663443603 19.12 12.51 6.90
0111111000000000011 697 376575663445603 111111100000000000 376575663444603 19.12 12.51 6.90
0111111000000000011 697 376575663445603 111110000000001111 376575663446603 19.12 16.68 9.60
0111111000000000011 697 376575663445603 111110000000011111 376575663447603 19.12 16.68 12.20
0111111000000000011 697 376575663445603 111111000000000000 376575663445003 19.12 12.51 6.90
0111111000000000011 697 376575663445603 111111000000000000 376575663445103 19.12 12.51 6.90
0111111000000000011 697 376575663445603 111111000000000000 376575663445203 19.12 12.51 6.90
0111111000000000011 697 376575663445603 111111000000000001 376575663445303 19.12 14.59 9.60
0111111000000000011 697 376575663445603 111111000000000001 376575663445403 19.12 14.59 9.60
0111111000000000011 697 376575663445603 111111000000000011 376575663445503 19.12 16.68 9.60
0111111000000000011 697 376575663445603 111111000000000011 376575663445703 19.12 16.68 9.60
0111111000000000011 697 376575663445603 111111111000000000 376575663445613 19.12 12.51 6.90
0111111000000000011 697 376575663445603 111111111110000000 376575663445623 19.12 12.51 9.60
0111111000000000011 697 376575663445603 111111111111110000 376575663445633 19.12 12.51 9.60
0111111000000000011 697 376575663445603 111111111111111110 376575663445643 19.12 10.42 6.90
0111111000000000011 697 376575663445603 111111111111111111 376575663445653 19.12 4.17 4.30
0111111000000000011 697 376575663445603 111111111111111111 376575663445663 19.12 4.17 4.30
0111111000000000011 697 376575663445603 111111111111111111 376575663445673 19.12 4.17 4.30
0111111000000000011 697 376575663445603 111111111111111000 376575663445600 19.12 12.51 9.60
0111111000000000011 697 376575663445603 111111111000000000 376575663445601 19.12 12.51 6.90
0111111000000000011 697 376575663445603 111111100000000001 376575663445602 19.12 14.59 9.60
0111111000000000011 697 376575663445603 111110000000000111 376575663445604 19.12 16.68 6.90
0111111000000000011 697 376575663445603 111110000000000111 376575663445605 19.12 16.68 6.90
0111111000000000011 697 376575663445603 111100000000000111 376575663445606 19.12 16.68 9.60
0111111000000000011 697 376575663445603 111100000000001111 376575663445607 19.12 16.68 6.90
0111111000000000011 742 423715603275405 111111100000000111 023715603275405 19.12 16.68 12.20
0111111000000000011 742 423715603275405 111111100000000011 123715603275405 19.12 16.68 9.60
0111111000000000011 742 423715603275405 111111000000000011 223715603275405 19.12 16.68 9.60
0111111000000000011 742 423715603275405 111111000000000011 323715603275405 19.12 16.68 9.60
0111111000000000011 742 423715603275405 111111000000000011 523715603275405 19.12 16.68 9.60
0111111000000000011 742 423715603275405 111111000000000011 623715603275405 19.12 16.68 9.60
0111111000000000011 742 423715603275405 111111000000000011 723715603275405 19.12 16.68 9.60
0111111000000000011 742 423715603275405 111111000000000011 403715603275405 19.12 16.68 9.60
0111111000000000011 742 423715603275405 111111000000000011 413715603275405 19.12 16.68 9.60
0111111000000000011 742 423715603275405 111111000000000011 433715603275405 19.12 16.68 9.60
0111111000000000011 742 423715603275405 111111000000000011 443715603275405 19.12 16.68 9.60
0111111000000000011 742 423715603275405 111111000000000011 453715603275405 19.12 16.68 9.60
0111111000000000011 742 423715603275405 111111100000000011 463715603275405 19.12 16.68 9.60
0111111000000000011 742 423715603275405 111111100000000001 473715603275405 19.12 14.59 9.60
0111111000000000011 742 423715603275405 111100000000001111 420715603275405 19.12 16.68 6.90
0111111000000000011 742 423715603275405 111110000000000011 421715603275405 19.12 16.68 9.60
0111111000000000011 742 423715603275405 111111000000000011 422715603275405 19.12 16.68 9.60
0111111000000000011 742 423715603275405 111111000000000011 424715603275405 19.12 16.68 9.60
0111111000000000011 742 423715603275405 111111000000000011 425715603275405 19.12 16.68 9.60
0111111000000000011 742 423715603275405 111111000000000011 426715603275405 19.12 16.68 9.60
0111111000000000011 742 423715603275405 111111000000000011 427715603275405 19.12 16.68 9.60
0111111000000000011 742 423715603275405 111111110000000000 423015603275405 19.12 12.51 6.90
0111111000000000011 742 423715603275405 111111100000000001 423115603275405 19.12 14.59 9.60
0111111000000000011 742 423715603275405 111111100000000001 423215603275405 19.12 14.59 9.60
0111111000000000011 742 423715603275405 111111000000000011 423315603275405 19.12 16.68 9.60
0111111000000000011 742 423715603275405 111111000000000011 423415603275405 19.12 16.68 9.60
0111111000000000011 742 423715603275405 111111000000000011 423515603275405 19.12 16.68 9.60
0111111000000000011 742 423715603275405 111111000000000011 423615603275405 19.12 16.68 9.60
0111111000000000011 742 423715603275405 111111000000000111 423705603275405 19.12 16.68 9.60
0111111000000000011 742 423715603275405 111111000000000011 423725603275405 19.12 16.68 9.60
0111111000000000011 742 423715603275405 111111000000000001 423735603275405 19.12 14.59 9.60
0111111000000000011 742 423715603275405 111111000000000001 423745603275405 19.12 14.59 9.60
0111111000000000011 742 423715603275405 111111000000000001 423755603275405 19.12 14.59 9.60
0111111000000000011 742 423715603275405 111111000000000001 423765603275405 19.12 14.59 9.60
0111111000000000011 742 423715603275405 111111000000000001 423775603275405 19.12 14.59 9.60
0111111000000000011 742 423715603275405 111111000000000000 423710603275405 19.12 12.51 6.90
0111111000000000011 742 423715603275405 111111000000000001 423711603275405 19.12 14.59 9.60
0111111000000000011 742 423715603275405 111111000000000001 423712603275405 19.12 14.59 9.60
0111111000000000011 742 423715603275405 111111000000000011 423713603275405 19.12 16.68 9.60
0111111000000000011 742 423715603275405 111111000000000011 423714603275405 19.12 16.68 9.60
0111111000000000011 742 423715603275405 111111000000000011 423716603275405 19.12 16.68 9.60
0111111000000000011 742 423715603275405 111111000000000011 423717603275405 19.12 16.68 9.60
0111111000000000011 742 423715603275405 111000000000000111 423715003275405 19.12 16.68 12.20
0111111000000000011 742 423715603275405 111000000001111111 423715103275405 19.12 16.68 12.20
0111111000000000011 742 423715603275405 111000000000111111 423715203275405 19.12 16.68 9.60
0111111000000000011 742 423715603275405 111100000000011111 423715303275405 19.12 16.68 9.60
0111111000000000011 742 423715603275405 111110000000001111 423715403275405 19.12 16.68 9.60
0111111000000000011 742 423715603275405 111110000000000111 423715503275405 19.12 16.68 6.90
0111111000000000011 742 423715603275405 111111100000000001 423715703275405 19.12 14.59 9.60
0111111000000000011 742 423715603275405 111111000000000011 423715613275405 19.12 16.68 9.60
0111111000000000011 742 423715603275405 111111000000000011 423715623275405 19.12 16.68 9.60
0111111000000000011 742 423715603275405 111111000000000011 423715633275405 19.12 16.68 9.60
0111111000000000011 742 423715603275405 111111000000000011 423715643275405 19.12 16.68 9.60
0111111000000000011 742 423715603275405 111111000000000011 423715653275405 19.12 16.68 9.60
0111111000000000011 742 423715603275405 111111000000000011 423715663275405 19.12 16.68 9.60
0111111000000000011 742 423715603275405 111111000000000011 423715673275405 19.12 16.68 9.60
0111111000000000011 742 423715603275405 111111111111111110 423715600275405 19.12 10.42 6.90
0111111000000000011 742 423715603275405 111111111100000000 423715601275405 19.12 12.51 9.60
0111111000000000011 742 423715603275405 111111100000000001 423715602275405 19.12 14.59 9.60
0111111000000000011 742 423715603275405 111110000000000111 423715604275405 19.12 16.68 6.90
0111111000000000011 742 423715603275405 111100000000001111 423715605275405 19.12 16.68 6.90
0111111000000000011 742 423715603275405 111100000000001111 423715606275405 19.12 16.68 6.90
0111111000000000011 742 423715603275405 111100000000001111 423715607275405 19.12 16.68 6.90
0111111000000000011 742 423715603275405 111111111111111100 423715603075405 19.12 12.51 9.60
0111111000000000011 742 423715603275405 111111110000000000 423715603175405 19.12 12.51 6.90
0111111000000000011 742 423715603275405 111110000000001111 423715603375405 19.12 16.68 9.60
0111111000000000011 742 423715603275405 111100000000001111 423715603475405 19.12 16.68 6.90
0111111000000000011 742 423715603275405 111000000000011111 423715603575405 19.12 16.68 6.90
0111111000000000011 742 423715603275405 111000000000111111 423715603675405 19.12 16.68 9.60
0111111000000000011 742 423715603275405 111000000000111111 423715603775405 19.12 16.68 9.60
0111111000000000011 742 423715603275405 111100000000000000 423715603205405 19.12 12.51 6.90
0111111000000000011 742 423715603275405 111100000000000011 423715603215405 19.12 16.68 9.60
0111111000000000011 742 423715603275405 111110000000000011 423715603225405 19.12 16.68 9.60
0111111000000000011 742 423715603275405 111110000000000011 423715603235405 19.12 16.68 9.60
0111111000000000011 742 423715603275405 111110000000000011 423715603245405 19.12 16.68 9.60
0111111000000000011 742 423715603275405 111110000000000011 423715603255405 19.12 16.68 9.60
0111111000000000011 742 423715603275405 111111000000000011 423715603265405 19.12 16.68 9.60
0111111000000000011 742 423715603275405 111111111111111111 423715603270405 19.12 4.17 4.30
0111111000000000011 742 423715603275405 111111111111111100 423715603271405 19.12 12.51 9.60
0111111000000000011 742 423715603275405 111111111110000000 423715603272405 19.12 12.51 9.60
0111111000000000011 742 423715603275405 111111110000000000 423715603273405 19.12 12.51 6.90
0111111000000000011 742 423715603275405 111111100000000000 423715603274405 19.12 12.51 6.90
0111111000000000011 742 423715603275405 111110000000001111 423715603276405 19.12 16.68 9.60
0111111000000000011 742 423715603275405 111110000000011111 423715603277405 19.12 16.68 12.20
0111111000000000011 742 423715603275405 111111000000000000 423715603275005 19.12 12.51 6.90
0111111000000000011 742 423715603275405 111111000000000000 423715603275105 19.12 12.51 6.90
0111111000000000011 742 423715603275405 111111000000000001 423715603275205 19.12 14.59 9.60
0111111000000000011 742 423715603275405 111111000000000011 423715603275305 19.12 16.68 9.60
0111111000000000011 742 423715603275405 111111000000000111 423715603275505 19.12 16.68 9.60
0111111000000000011 742 423715603275405 111111000000000111 423715603275605 19.12 16.68 9.60
0111111000000000011 742 423715603275405 111111000000000111 423715603275705 19.12 16.68 9.60
0111111000000000011 742 423715603275405 111111111100000000 423715603275415 19.12 12.51 9.60
0111111000000000011 742 423715603275405 111111111111111000 423715603275425 19.12 12.51 9.60
0111111000000000011 742 423715603275405 111111111111111111 423715603275435 19.12 4.17 4.30
0111111000000000011 742 423715603275405 111111111111111111 423715603275445 19.12 4.17 4.30
0111111000000000011 742 423715603275405 111111111111111111 423715603275455 19.12 4.17 4.30
0111111000000000011 742 423715603275405 111111111111111111 423715603275465 19.12 4.17 4.30
0111111000000000011 742 423715603275405 111111111111111111 423715603275475 19.12 4.17 4.30
0111111000000000011 742 423715603275405 111111111111111111 423715603275400 19.12 4.17 4.30
0111111000000000011 742 423715603275405 111111111111110000 423715603275401 19.12 12.51 9.60
0111111000000000011 742 423715603275405 111111111100000000 423715603275402 19.12 12.51 9.60
0111111000000000011 742 423715603275405 111111110000000000 423715603275403 19.12 12.51 6.90
0111111000000000011 742 423715603275405 111111100000000001 423715603275404 19.12 14.59 9.60
0111111000000000011 742 423715603275405 111110000000000111 423715603275406 19.12 16.68 6.90
0111111000000000011 742 423715603275405 111110000000000111 423715603275407 19.12 16.68 6.90
0111111000000000011 828 331520204617620 111111100000000011 031520204617620 19.12 16.68 9.60
0111111000000000011 828 331520204617620 111111100000000011 131520204617620 19.12 16.68 9.60
0111111000000000011 828 331520204617620 111111000000000011 231520204617620 19.12 16.68 9.60
0111111000000000011 828 331520204617620 111111000000000111 431520204617620 19.12 16.68 9.60
0111111000000000011 828 331520204617620 111111000000000111 531520204617620 19.12 16.68 9.60
0111111000000000011 828 331520204617620 111110000000000111 631520204617620 19.12 16.68 6.90
0111111000000000011 828 331520204617620 111110000000001111 731520204617620 19.12 16.68 9.60
0111111000000000011 828 331520204617620 111110000000000111 301520204617620 19.12 16.68 6.90
0111111000000000011 828 331520204617620 111110000000000111 311520204617620 19.12 16.68 6.90
0111111000000000011 828 331520204617620 111111000000000111 321520204617620 19.12 16.68 9.60
0111111000000000011 828 331520204617620 111111000000000011 341520204617620 19.12 16.68 9.60
0111111000000000011 828 331520204617620 111111100000000011 351520204617620 19.12 16.68 9.60
0111111000000000011 828 331520204617620 111111100000000011 361520204617620 19.12 16.68 9.60
0111111000000000011 828 331520204617620 111111100000000011 371520204617620 19.12 16.68 9.60
0111111000000000011 828 331520204617620 111110000000001111 330520204617620 19.12 16.68 9.60
0111111000000000011 828 331520204617620 111111000000000011 332520204617620 19.12 16.68 9.60
0111111000000000011 828 331520204617620 111111100000000011 333520204617620 19.12 16.68 9.60
0111111000000000011 828 331520204617620 111111100000000011 334520204617620 19.12 16.68 9.60
0111111000000000011 828 331520204617620 111111100000000011 335520204617620 19.12 16.68 9.60
0111111000000000011 828 331520204617620 111111100000000011 336520204617620 19.12 16.68 9.60
0111111000000000011 828 331520204617620 111111100000000011 337520204617620 19.12 16.68 9.60
0111111000000000011 828 331520204617620 111111111000000000 331020204617620 19.12 12.51 6.90
0111111000000000011 828 331520204617620 111111110000000001 331120204617620 19.12 14.59 9.60
0111111000000000011 828 331520204617620 111111100000000011 331220204617620 19.12 16.68 9.60
0111111000000000011 828 331520204617620 111111100000000011 331320204617620 19.12 16.68 9.60
0111111000000000011 828 331520204617620 111111000000000011 331420204617620 19.12 16.68 9.60
0111111000000000011 828 331520204617620 111111000000000011 331620204617620 19.12 16.68 9.60
0111111000000000011 828 331520204617620 111111000000000111 331720204617620 19.12 16.68 9.60
0111111000000000011 828 331520204617620 111111000000000111 331500204617620 19.12 16.68 9.60
0111111000000000011 828 331520204617620 111111000000000111 331510204617620 19.12 16.68 9.60
0111111000000000011 828 331520204617620 111111000000000011 331530204617620 19.12 16.68 9.60
0111111000000000011 828 331520204617620 111111000000000011 331540204617620 19.12 16.68 9.60
0111111000000000011 828 331520204617620 111111000000000011 331550204617620 19.12 16.68 9.60
0111111000000000011 828 331520204617620 111111000000000011 331560204617620 19.12 16.68 9.60
0111111000000000011 828 331520204617620 111111000000000011 331570204617620 19.12 16.68 9.60
0111111000000000011 828 331520204617620 111111000000000111 331521204617620 19.12 16.68 9.60
0111111000000000011 828 331520204617620 111111000000000111 331522204617620 19.12 16.68 9.60
0111111000000000011 828 331520204617620 111111000000001111 331523204617620 19.12 16.68 12.20
0111111000000000011 828 331520204617620 111111000000001111 331524204617620 19.12 16.68 12.20
0111111000000000011 828 331520204617620 111111000000001111 331525204617620 19.12 16.68 12.20
0111111000000000011 828 331520204617620 111111000000001111 331526204617620 19.12 16.68 12.20
0111111000000000011 828 331520204617620 111111000000001111 331527204617620 19.12 16.68 12.20
0111111000000000011 828 331520204617620 111100000000000011 331520004617620 19.12 16.68 9.60
0111111000000000011 828 331520204617620 111110000000001111 331520104617620 19.12 16.68 9.60
0111111000000000011 828 331520204617620 111111100000000001 331520304617620 19.12 14.59 9.60
0111111000000000011 828 331520204617620 111111110000000000 331520404617620 19.12 12.51 6.90
0111111000000000011 828 331520204617620 111111111000000000 331520504617620 19.12 12.51 6.90
0111111000000000011 828 331520204617620 111111111100000000 331520604617620 19.12 12.51 9.60
0111111000000000011 828 331520204617620 111111111110000000 331520704617620 19.12 12.51 9.60
0111111000000000011 828 331520204617620 111111000000000011 331520214617620 19.12 16.68 9.60
0111111000000000011 828 331520204617620 111111000000000011 331520224617620 19.12 16.68 9.60
0111111000000000011 828 331520204617620 111111000000000011 331520234617620 19.12 16.68 9.60
0111111000000000011 828 331520204617620 111111000000000011 331520244617620 19.12 16.68 9.60
0111111000000000011 828 331520204617620 111111000000000011 331520254617620 19.12 16.68 9.60
0111111000000000011 828 331520204617620 111111000000000011 331520264617620 19.12 16.68 9.60
0111111000000000011 828 331520204617620 111111000000000011 331520274617620 19.12 16.68 9.60
0111111000000000011 828 331520204617620 111111111111110000 331520200617620 19.12 12.51 9.60
0111111000000000011 828 331520204617620 111111111100000000 331520201617620 19.12 12.51 9.60
0111111000000000011 828 331520204617620 111111110000000001 331520202617620 19.12 14.59 9.60
0111111000000000011 828 331520204617620 111111100000000011 331520203617620 19.12 16.68 9.60
0111111000000000011 828 331520204617620 111111000000000111 331520205617620 19.12 16.68 9.60
0111111000000000011 828 331520204617620 111110000000000111 331520206617620 19.12 16.68 6.90
0111111000000000011 828 331520204617620 111110000000000111 331520207617620 19.12 16.68 6.90
0111111000000000011 828 331520204617620 111111111111111111 331520204017620 19.12 4.17 4.30
0111111000000000011 828 331520204617620 111111111111100000 331520204117620 19.12 12.51 9.60
0111111000000000011 828 331520204617620 111111111100000000 331520204217620 19.12 12.51 9.60
0111111000000000011 828 331520204617620 111111110000000000 331520204317620 19.12 12.51 6.90
0111111000000000011 828 331520204617620 111111100000000001 331520204417620 19.12 14.59 9.60
0111111000000000011 828 331520204617620 111111100000000011 331520204517620 19.12 16.68 9.60
0111111000000000011 828 331520204617620 111111000000000111 331520204717620 19.12 16.68 9.60
0111111000000000011 828 331520204617620 111111000000000011 331520204607620 19.12 16.68 9.60
0111111000000000011 828 331520204617620 111111000000000111 331520204627620 19.12 16.68 9.60
0111111000000000011 828 331520204617620 111111100000000111 331520204637620 19.12 16.68 12.20
0111111000000000011 828 331520204617620 111111100000000111 331520204647620 19.12 16.68 12.20
0111111000000000011 828 331520204617620 111111110000000011 331520204657620 19.12 16.68 12.20
0111111000000000011 828 331520204617620 111111110000000011 331520204667620 19.12 16.68 12.20
0111111000000000011 828 331520204617620 111111110000000011 331520204677620 19.12 16.68 12.20
0111111000000000011 828 331520204617620 111111111111111111 331520204610620 19.12 4.17 4.30
0111111000000000011 828 331520204617620 111111111111111100 331520204611620 19.12 12.51 9.60
0111111000000000011 828 331520204617620 111111111111000000 331520204612620 19.12 12.51 9.60
0111111000000000011 828 331520204617620 111111111100000000 331520204613620 19.12 12.51 9.60
0111111000000000011 828 331520204617620 111111110000000000 331520204614620 19.12 12.51 6.90
0111111000000000011 828 331520204617620 111111100000000000 331520204615620 19.12 12.51 6.90
0111111000000000011 828 331520204617620 111111100000000001 331520204616620 19.12 14.59 9.60
0111111000000000011 828 331520204617620 111111000000000000 331520204617020 19.12 12.51 6.90
0111111000000000011 828 331520204617620 111111000000000000 331520204617120 19.12 12.51 6.90
0111111000000000011 828 331520204617620 111111000000000001 331520204617220 19.12 14.59 9.60
0111111000000000011 828 331520204617620 111111000000000001 331520204617320 19.12 14.59 9.60
0111111000000000011 828 331520204617620 111111000000000011 331520204617420 19.12 16.68 9.60
0111111000000000011 828 331520204617620 111111000000000011 331520204617520 19.12 16.68 9.60
0111111000000000011 828 331520204617620 111111000000000111 331520204617720 19.12 16.68 9.60
0111111000000000011 828 331520204617620 111100000000001111 331520204617600 19.12 16.68 6.90
0111111000000000011 828 331520204617620 111110000000001111 331520204617610 19.12 16.68 9.60
0111111000000000011 828 331520204617620 111111100000000001 331520204617630 19.12 14.59 9.60
0111111000000000011 828 331520204617620 111111110000000001 331520204617640 19.12 14.59 9.60
0111111000000000011 828 331520204617620 111111111000000000 331520204617650 19.12 12.51 6.90
0111111000000000011 828 331520204617620 111111111100000000 331520204617660 19.12 12.51 9.60
0111111000000000011 828 331520204617620 111111111110000000 331520204617670 19.12 12.51 9.60
0111111000000000011 828 331520204617620 111100000000001111 331520204617621 19.12 16.68 6.90
0111111000000000011 828 331520204617620 111100000000011111 331520204617622 19.12 16.68 9.60
0111111000000000011 828 331520204617620 111000000000011111 331520204617623 19.12 16.68 6.90
0111111000000000011 828 331520204617620 111000000000111111 331520204617624 19.12 16.68 9.60
0111111000000000011 828 331520204617620 110000000000111111 331520204617625 19.12 16.68 9.60
0111111000000000011 828 331520204617620 110000000000111111 331520204617626 19.12 16.68 9.60
0111111000000000011 828 331520204617620 110000000001111111 331520204617627 19.12 16.68 9.60
0111111000000000011 851 123473203236213 111111000000000011 023473203236213 19.12 16.68 9.60
0111111000000000011 851 123473203236213 111110000000000011 223473203236213 19.12 16.68 9.60
0111111000000000011 851 123473203236213 111110000000000011 323473203236213 19.12 16.68 9.60
0111111000000000011 851 123473203236213 111110000000000011 423473203236213 19.12 16.68 9.60
0111111000000000011 851 123473203236213 111110000000000011 523473203236213 19.12 16.68 9.60
0111111000000000011 851 123473203236213 111110000000000011 623473203236213 19.12 16.68 9.60
0111111000000000011 851 123473203236213 111110000000000011 723473203236213 19.12 16.68 9.60
0111111000000000011 851 123473203236213 111110000000000011 103473203236213 19.12 16.68 9.60
0111111000000000011 851 123473203236213 111110000000000011 113473203236213 19.12 16.68 9.60
0111111000000000011 851 123473203236213 111111000000000011 133473203236213 19.12 16.68 9.60
0111111000000000011 851 123473203236213 111111000000000011 143473203236213 19.12 16.68 9.60
0111111000000000011 851 123473203236213 111111000000000001 153473203236213 19.12 14.59 9.60
0111111000000000011 851 123473203236213 111111000000000001 163473203236213 19.12 14.59 9.60
0111111000000000011 851 123473203236213 111111100000000001 173473203236213 19.12 14.59 9.60
0111111000000000011 851 123473203236213 111110000000000011 120473203236213 19.12 16.68 9.60
0111111000000000011 851 123473203236213 111110000000000011 121473203236213 19.12 16.68 9.60
0111111000000000011 851 123473203236213 111111000000000011 122473203236213 19.12 16.68 9.60
0111111000000000011 851 123473203236213 111111000000000011 124473203236213 19.12 16.68 9.60
0111111000000000011 851 123473203236213 111111000000000011 125473203236213 19.12 16.68 9.60
0111111000000000011 851 123473203236213 111111000000000011 126473203236213 19.12 16.68 9.60
0111111000000000011 851 123473203236213 111111000000000011 127473203236213 19.12 16.68 9.60
0111111000000000011 851 123473203236213 111111110000000000 123073203236213 19.12 12.51 6.90
0111111000000000011 851 123473203236213 111111000000000001 123173203236213 19.12 14.59 9.60
0111111000000000011 851 123473203236213 111111000000000011 123273203236213 19.12 16.68 9.60
0111111000000000011 851 123473203236213 111111000000000011 123373203236213 19.12 16.68 9.60
0111111000000000011 851 123473203236213 111111000000000011 123573203236213 19.12 16.68 9.60
0111111000000000011 851 123473203236213 111110000000000011 123673203236213 19.12 16.68 9.60
0111111000000000011 851 123473203236213 111110000000000011 123773203236213 19.12 16.68 9.60
0111111000000000011 851 123473203236213 111111000000000111 123403203236213 19.12 16.68 9.60
0111111000000000011 851 123473203236213 111111000000000111 123413203236213 19.12 16.68 9.60
0111111000000000011 851 123473203236213 111111000000000111 123423203236213 19.12 16.68 9.60
0111111000000000011 851 123473203236213 111111000000000011 123433203236213 19.12 16.68 9.60
0111111000000000011 851 123473203236213 111111000000000011 123443203236213 19.12 16.68 9.60
0111111000000000011 851 123473203236213 111111000000000011 123453203236213 19.12 16.68 9.60
0111111000000000011 851 123473203236213 111111000000000011 123463203236213 19.12 16.68 9.60
0111111000000000011 851 123473203236213 111111000000000000 123470203236213 19.12 12.51 6.90
0111111000000000011 851 123473203236213 111111000000000001 123471203236213 19.12 14.59 9.60
0111111000000000011 851 123473203236213 111111000000000011 123472203236213 19.12 16.68 9.60
0111111000000000011 851 123473203236213 111111000000000011 123474203236213 19.12 16.68 9.60
0111111000000000011 851 123473203236213 111111000000000011 123475203236213 19.12 16.68 9.60
0111111000000000011 851 123473203236213 111111000000000011 123476203236213 19.12 16.68 9.60
0111111000000000011 851 123473203236213 111111000000000111 123477203236213 19.12 16.68 9.60
0111111000000000011 851 123473203236213 111000000000011111 123473003236213 19.12 16.68 6.90
0111111000000000011 851 123473203236213 111110000000000111 123473103236213 19.12 16.68 6.90
0111111000000000011 851 123473203236213 111111100000000001 123473303236213 19.12 14.59 9.60
0111111000000000011 851 123473203236213 111111110000000000 123473403236213 19.12 12.51 6.90
0111111000000000011 851 123473203236213 111111111000000000 123473503236213 19.12 12.51 6.90
0111111000000000011 851 123473203236213 111111111100000000 123473603236213 19.12 12.51 9.60
0111111000000000011 851 123473203236213 111111111100000000 123473703236213 19.12 12.51 9.60
0111111000000000011 851 123473203236213 111111000000000011 123473213236213 19.12 16.68 9.60
0111111000000000011 851 123473203236213 111111000000000011 123473223236213 19.12 16.68 9.60
0111111000000000011 851 123473203236213 111111000000000011 123473233236213 19.12 16.68 9.60
0111111000000000011 851 123473203236213 111111000000000011 123473243236213 19.12 16.68 9.60
0111111000000000011 851 123473203236213 111111000000000011 123473253236213 19.12 16.68 9.60
0111111000000000011 851 123473203236213 111111000000000011 123473263236213 19.12 16.68 9.60
0111111000000000011 851 123473203236213 111111000000000011 123473273236213 19.12 16.68 9.60
0111111000000000011 851 123473203236213 111111111111110000 123473200236213 19.12 12.51 9.60
0111111000000000011 851 123473203236213 111111111000000000 123473201236213 19.12 12.51 6.90
0111111000000000011 851 123473203236213 111111100000000001 123473202236213 19.12 14.59 9.60
0111111000000000011 851 123473203236213 111110000000000111 123473204236213 19.12 16.68 6.90
0111111000000000011 851 123473203236213 111100000000000111 123473205236213 19.12 16.68 9.60
0111111000000000011 851 123473203236213 111100000000000111 123473206236213 19.12 16.68 9.60
0111111000000000011 851 123473203236213 111100000000001111 123473207236213 19.12 16.68 6.90
0111111000000000011 851 123473203236213 111111111111000000 123473203036213 19.12 12.51 9.60
0111111000000000011 851 123473203236213 111111100000000000 123473203136213 19.12 12.51 6.90
0111111000000000011 851 123473203236213 111110000000000111 123473203336213 19.12 16.68 6.90
0111111000000000011 851 123473203236213 111100000000000111 123473203436213 19.12 16.68 9.60
0111111000000000011 851 123473203236213 111100000000001111 123473203536213 19.12 16.68 6.90
0111111000000000011 851 123473203236213 111100000000001111 123473203636213 19.12 16.68 6.90
0111111000000000011 851 123473203236213 111000000000001111 123473203736213 19.12 16.68 9.60
0111111000000000011 851 123473203236213 111110000000000000 123473203206213 19.12 12.51 6.90
0111111000000000011 851 123473203236213 111110000000000001 123473203216213 19.12 14.59 9.60
0111111000000000011 851 123473203236213 111110000000000011 123473203226213 19.12 16.68 9.60
0111111000000000011 851 123473203236213 111111000000000011 123473203246213 19.12 16.68 9.60
0111111000000000011 851 123473203236213 111111000000000011 123473203256213 19.12 16.68 9.60
0111111000000000011 851 123473203236213 111111100000000001 123473203266213 19.12 14.59 9.60
0111111000000000011 851 123473203236213 111111100000000001 123473203276213 19.12 14.59 9.60
0111111000000000011 851 123473203236213 111111111111111111 123473203230213 19.12 4.17 4.30
0111111000000000011 851 123473203236213 111111111111100000 123473203231213 19.12 12.51 9.60
0111111000000000011 851 123473203236213 111111111100000000 123473203232213 19.12 12.51 9.60
0111111000000000011 851 123473203236213 111111110000000000 123473203233213 19.12 12.51 6.90
0111111000000000011 851 123473203236213 111111100000000000 123473203234213 19.12 12.51 6.90
0111111000000000011 851 123473203236213 111111000000000000 123473203235213 19.12 12.51 6.90
0111111000000000011 851 123473203236213 111110000000000111 123473203237213 19.12 16.68 6.90
0111111000000000011 851 123473203236213 111111000000000000 123473203236013 19.12 12.51 6.90
0111111000000000011 851 123473203236213 111111000000000001 123473203236113 19.12 14.59 9.60
0111111000000000011 851 123473203236213 111111000000000011 123473203236313 19.12 16.68 9.60
0111111000000000011 851 123473203236213 111111000000000111 123473203236413 19.12 16.68 9.60
0111111000000000011 851 123473203236213 111111000000000111 123473203236513 19.12 16.68 9.60
0111111000000000011 851 123473203236213 111111000000000111 123473203236613 19.12 16.68 9.60
0111111000000000011 851 123473203236213 111111000000001111 123473203236713 19.12 16.68 12.20
0111111000000000011 851 123473203236213 111100000000000111 123473203236203 19.12 16.68 9.60
0111111000000000011 851 123473203236213 111111100000000000 123473203236223 19.12 12.51 6.90
0111111000000000011 851 123473203236213 111111111000000000 123473203236233 19.12 12.51 6.90
0111111000000000011 851 123473203236213 111111111100000000 123473203236243 19.12 12.51 9.60
0111111000000000011 851 123473203236213 111111111110000000 123473203236253 19.12 12.51 9.60
0111111000000000011 851 123473203236213 111111111111100000 123473203236263 19.12 12.51 9.60
0111111000000000011 851 123473203236213 111111111111110000 123473203236273 19.12 12.51 9.60
0111111000000000011 851 123473203236213 111111111111110000 123473203236210 19.12 12.51 9.60
0111111000000000011 851 123473203236213 111111111000000000 123473203236211 19.12 12.51 6.90
0111111000000000011 851 123473203236213 111111100000000001 123473203236212 19.12 14.59 9.60
0111111000000000011 851 123473203236213 111110000000000111 123473203236214 19.12 16.68 6.90
0111111000000000011 851 123473203236213 111100000000000111 123473203236215 19.12 16.68 9.60
0111111000000000011 851 123473203236213 111100000000000111 123473203236216 19.12 16.68 9.60
0111111000000000011 851 123473203236213 111100000000001111 123473203236217 19.12 16.68 6.90
0111111000000000011 1065 316637104115557 111111000000000111 016637104115557 19.12 16.68 9.60
0111111000000000011 1065 316637104115557 111111000000000011 116637104115557 19.12 16.68 9.60
0111111000000000011 1065 316637104115557 111111000000000011 216637104115557 19.12 16.68 9.60
0111111000000000011 1065 316637104115557 111111000000000011 416637104115557 19.12 16.68 9.60
0111111000000000011 1065 316637104115557 111111000000000011 516637104115557 19.12 16.68 9.60
0111111000000000011 1065 316637104115557 111111000000000011 616637104115557 19.12 16.68 9.60
0111111000000000011 1065 316637104115557 111111000000000001 716637104115557 19.12 14.59 9.60
0111111000000000011 1065 316637104115557 111111000000000011 306637104115557 19.12 16.68 9.60
0111111000000000011 1065 316637104115557 111111000000000011 326637104115557 19.12 16.68 9.60
0111111000000000011 1065 316637104115557 111111000000000011 336637104115557 19.12 16.68 9.60
0111111000000000011 1065 316637104115557 111111000000000011 346637104115557 19.12 16.68 9.60
0111111000000000011 1065 316637104115557 111111000000000011 356637104115557 19.12 16.68 9.60
0111111000000000011 1065 316637104115557 111111000000000011 366637104115557 19.12 16.68 9.60
0111111000000000011 1065 316637104115557 111111000000000011 376637104115557 19.12 16.68 9.60
0111111000000000011 1065 316637104115557 111110000000000001 310637104115557 19.12 14.59 9.60
0111111000000000011 1065 316637104115557 111111000000000001 311637104115557 19.12 14.59 9.60
0111111000000000011 1065 316637104115557 111111000000000001 312637104115557 19.12 14.59 9.60
0111111000000000011 1065 316637104115557 111111000000000011 313637104115557 19.12 16.68 9.60
0111111000000000011 1065 316637104115557 111111000000000011 314637104115557 19.12 16.68 9.60
0111111000000000011 1065 316637104115557 111111000000000011 315637104115557 19.12 16.68 9.60
0111111000000000011 1065 316637104115557 111111000000000011 317637104115557 19.12 16.68 9.60
0111111000000000011 1065 316637104115557 111111000000000011 316037104115557 19.12 16.68 9.60
0111111000000000011 1065 316637104115557 111111000000000011 316137104115557 19.12 16.68 9.60
0111111000000000011 1065 316637104115557 111111000000000011 316237104115557 19.12 16.68 9.60
0111111000000000011 1065 316637104115557 111111000000000011 316337104115557 19.12 16.68 9.60
0111111000000000011 1065 316637104115557 111111000000000011 316437104115557 19.12 16.68 9.60
0111111000000000011 1065 316637104115557 111111000000000011 316537104115557 19.12 16.68 9.60
0111111000000000011 1065 316637104115557 111111000000000011 316737104115557 19.12 16.68 9.60
0111111000000000011 1065 316637104115557 111111000000000111 316607104115557 19.12 16.68 9.60
0111111000000000011 1065 316637104115557 111111000000000011 316617104115557 19.12 16.68 9.60
0111111000000000011 1065 316637104115557 111111000000000011 316627104115557 19.12 16.68 9.60
0111111000000000011 1065 316637104115557 111111000000000011 316647104115557 19.12 16.68 9.60
0111111000000000011 1065 316637104115557 111111000000000011 316657104115557 19.12 16.68 9.60
0111111000000000011 1065 316637104115557 111111000000000011 316667104115557 19.12 16.68 9.60
0111111000000000011 1065 316637104115557 111111000000000001 316677104115557 19.12 14.59 9.60
0111111000000000011 1065 316637104115557 111111000000000000 316630104115557 19.12 12.51 6.90
0111111000000000011 1065 316637104115557 111111000000000001 316631104115557 19.12 14.59 9.60
0111111000000000011 1065 316637104115557 111111000000000001 316632104115557 19.12 14.59 9.60
0111111000000000011 1065 316637104115557 111111000000000001 316633104115557 19.12 14.59 9.60
0111111000000000011 1065 316637104115557 111111000000000011 316634104115557 19.12 16.68 9.60
0111111000000000011 1065 316637104115557 111111000000000011 316635104115557 19.12 16.68 9.60
0111111000000000011 1065 316637104115557 111111000000000011 316636104115557 19.12 16.68 9.60
0111111000000000011 1065 316637104115557 111100000000001111 316637004115557 19.12 16.68 6.90
0111111000000000011 1065 316637104115557 111111100000000000 316637204115557 19.12 12.51 6.90
0111111000000000011 1065 316637104115557 111111111000000000 316637304115557 19.12 12.51 6.90
0111111000000000011 1065 316637104115557 111111111100000000 316637404115557 19.12 12.51 9.60
0111111000000000011 1065 316637104115557 111111111110000000 316637504115557 19.12 12.51 9.60
0111111000000000011 1065 316637104115557 111111111111100000 316637604115557 19.12 12.51 9.60
0111111000000000011 1065 316637104115557 111111111111110000 316637704115557 19.12 12.51 9.60
0111111000000000011 1065 316637104115557 111111000000000011 316637114115557 19.12 16.68 9.60
0111111000000000011 1065 316637104115557 111111000000000011 316637124115557 19.12 16.68 9.60
0111111000000000011 1065 316637104115557 111111000000000011 316637134115557 19.12 16.68 9.60
0111111000000000011 1065 316637104115557 111111000000000011 316637144115557 19.12 16.68 9.60
0111111000000000011 1065 316637104115557 111111000000000011 316637154115557 19.12 16.68 9.60
0111111000000000011 1065 316637104115557 111111000000000011 316637164115557 19.12 16.68 9.60
0111111000000000011 1065 316637104115557 111111000000000011 316637174115557 19.12 16.68 9.60
0111111000000000011 1065 316637104115557 111111111111111100 316637100115557 19.12 12.51 9.60
0111111000000000011 1065 316637104115557 111111111100000000 316637101115557 19.12 12.51 9.60
0111111000000000011 1065 316637104115557 111111110000000000 316637102115557 19.12 12.51 6.90
0111111000000000011 1065 316637104115557 111111100000000001 316637103115557 19.12 14.59 9.60
0111111000000000011 1065 316637104115557 111110000000000011 316637105115557 19.12 16.68 9.60
0111111000000000011 1065 316637104115557 111110000000000111 316637106115557 19.12 16.68 6.90
0111111000000000011 1065 316637104115557 111100000000000111 316637107115557 19.12 16.68 9.60
0111111000000000011 1065 316637104115557 111111111000000000 316637104015557 19.12 12.51 6.90
0111111000000000011 1065 316637104115557 111100000000000111 316637104215557 19.12 16.68 9.60
0111111000000000011 1065 316637104115557 111100000000001111 316637104315557 19.12 16.68 6.90
0111111000000000011 1065 316637104115557 111000000000001111 316637104415557 19.12 16.68 9.60
0111111000000000011 1065 316637104115557 111000000000011111 316637104515557 19.12 16.68 6.90
0111111000000000011 1065 316637104115557 111000000000011111 316637104615557 19.12 16.68 6.90
0111111000000000011 1065 316637104115557 110000000000011111 316637104715557 19.12 16.68 9.60
0111111000000000011 1065 316637104115557 111110000000000001 316637104105557 19.12 14.59 9.60
0111111000000000011 1065 316637104115557 111111000000000011 316637104125557 19.12 16.68 9.60
0111111000000000011 1065 316637104115557 111111100000000011 316637104135557 19.12 16.68 9.60
0111111000000000011 1065 316637104115557 111111100000000011 316637104145557 19.12 16.68 9.60
0111111000000000011 1065 316637104115557 111111110000000011 316637104155557 19.12 16.68 12.20
0111111000000000011 1065 316637104115557 111111110000000001 316637104165557 19.12 14.59 9.60
0111111000000000011 1065 316637104115557 111111111000000001 316637104175557 19.12 14.59 12.20
0111111000000000011 1065 316637104115557 111111111111111110 316637104110557 19.12 10.42 6.90
0111111000000000011 1065 316637104115557 111111111110000000 316637104111557 19.12 12.51 9.60
0111111000000000011 1065 316637104115557 111111111000000000 316637104112557 19.12 12.51 6.90
0111111000000000011 1065 316637104115557 111111100000000000 316637104113557 19.12 12.51 6.90
0111111000000000011 1065 316637104115557 111111000000000000 316637104114557 19.12 12.51 6.90
0111111000000000011 1065 316637104115557 111110000000000111 316637104116557 19.12 16.68 6.90
0111111000000000011 1065 316637104115557 111110000000011111 316637104117557 19.12 16.68 12.20
0111111000000000011 1065 316637104115557 111111000000000000 316637104115057 19.12 12.51 6.90
0111111000000000011 1065 316637104115557 111111000000000000 316637104115157 19.12 12.51 6.90
0111111000000000011 1065 316637104115557 111111000000000000 316637104115257 19.12 12.51 6.90
0111111000000000011 1065 316637104115557 111111000000000001 316637104115357 19.12 14.59 9.60
0111111000000000011 1065 316637104115557 111111000000000011 316637104115457 19.12 16.68 9.60
0111111000000000011 1065 316637104115557 111111000000000011 316637104115657 19.12 16.68 9.60
0111111000000000011 1065 316637104115557 111111000000000111 316637104115757 19.12 16.68 9.60
0111111000000000011 1065 316637104115557 110000000000011111 316637104115507 19.12 16.68 9.60
0111111000000000011 1065 316637104115557 111000000000001111 316637104115517 19.12 16.68 9.60
0111111000000000011 1065 316637104115557 111100000000001111 316637104115527 19.12 16.68 6.90
0111111000000000011 1065 316637104115557 111110000000000111 316637104115537 19.12 16.68 6.90
0111111000000000011 1065 316637104115557 111110000000000011 316637104115547 19.12 16.68 9.60
0111111000000000011 1065 316637104115557 111111000000000011 316637104115567 19.12 16.68 9.60
0111111000000000011 1065 316637104115557 111111100000000001 316637104115577 19.12 14.59 9.60
0111111000000000011 1065 316637104115557 111111111111111111 316637104115550 19.12 4.17 4.30
0111111000000000011 1065 316637104115557 111111111111110000 316637104115551 19.12 12.51 9.60
0111111000000000011 1065 316637104115557 111111111110000000 316637104115552 19.12 12.51 9.60
0111111000000000011 1065 316637104115557 111111111000000000 316637104115553 19.12 12.51 6.90
0111111000000000011 1065 316637104115557 111111110000000000 316637104115554 19.12 12.51 6.90
0111111000000000011 1065 316637104115557 111111100000000001 316637104115555 19.12 14.59 9.60
0111111000000000011 1065 316637104115557 111111000000000011 316637104115556 19.12 16.68 9.60
