ParentPhenotype line ParentGenotype MutantPhenotype MutantGenotype KC_col1 KC_col4 Conditional_Complexity
0100000000011111111 528 207561123527717 110000000011111111 007561123527717 19.12 16.68 9.60
0100000000011111111 528 207561123527717 110000000011111111 107561123527717 19.12 16.68 9.60
0100000000011111111 528 207561123527717 100000000011111111 307561123527717 19.12 14.59 6.90
0100000000011111111 528 207561123527717 100000000111111111 407561123527717 19.12 14.59 9.60
0100000000011111111 528 207561123527717 100000000111111111 507561123527717 19.12 14.59 9.60
0100000000011111111 528 207561123527717 100000000111111111 607561123527717 19.12 14.59 9.60
0100000000011111111 528 207561123527717 100000000111111111 707561123527717 19.12 14.59 9.60
0100000000011111111 528 207561123527717 110000000011111111 217561123527717 19.12 16.68 9.60
0100000000011111111 528 207561123527717 110000000011111111 227561123527717 19.12 16.68 9.60
0100000000011111111 528 207561123527717 110000000011111111 237561123527717 19.12 16.68 9.60
0100000000011111111 528 207561123527717 110000000001111111 247561123527717 19.12 16.68 9.60
0100000000011111111 528 207561123527717 110000000001111111 257561123527717 19.12 16.68 9.60
0100000000011111111 528 207561123527717 111000000001111111 267561123527717 19.12 16.68 9.60
0100000000011111111 528 207561123527717 111000000001111111 277561123527717 19.12 16.68 9.60
0100000000011111111 528 207561123527717 100000000001111111 200561123527717 19.12 14.59 9.60
0100000000011111111 528 207561123527717 100000000111111111 201561123527717 19.12 14.59 9.60
0100000000011111111 528 207561123527717 100000000111111111 202561123527717 19.12 14.59 9.60
0100000000011111111 528 207561123527717 100000000111111111 203561123527717 19.12 14.59 9.60
0100000000011111111 528 207561123527717 100000000011111111 204561123527717 19.12 14.59 6.90
0100000000011111111 528 207561123527717 100000000011111111 205561123527717 19.12 14.59 6.90
0100000000011111111 528 207561123527717 100000000011111111 206561123527717 19.12 14.59 6.90
0100000000011111111 528 207561123527717 110000000001111111 207061123527717 19.12 16.68 9.60
0100000000011111111 528 207561123527717 110000000011111111 207161123527717 19.12 16.68 9.60
0100000000011111111 528 207561123527717 110000000011111111 207261123527717 19.12 16.68 9.60
0100000000011111111 528 207561123527717 110000000011111111 207361123527717 19.12 16.68 9.60
0100000000011111111 528 207561123527717 110000000011111111 207461123527717 19.12 16.68 9.60
0100000000011111111 528 207561123527717 100000000011111111 207661123527717 19.12 14.59 6.90
0100000000011111111 528 207561123527717 100000000011111111 207761123527717 19.12 14.59 6.90
0100000000011111111 528 207561123527717 110000000111111111 207501123527717 19.12 16.68 9.60
0100000000011111111 528 207561123527717 110000000111111111 207511123527717 19.12 16.68 9.60
0100000000011111111 528 207561123527717 110000000111111111 207521123527717 19.12 16.68 9.60
0100000000011111111 528 207561123527717 110000000111111111 207531123527717 19.12 16.68 9.60
0100000000011111111 528 207561123527717 100000000011111111 207541123527717 19.12 14.59 6.90
0100000000011111111 528 207561123527717 100000000011111111 207551123527717 19.12 14.59 6.90
0100000000011111111 528 207561123527717 100000000011111111 207571123527717 19.12 14.59 6.90
0100000000011111111 528 207561123527717 110000000011111111 207560123527717 19.12 16.68 9.60
0100000000011111111 528 207561123527717 100000000111111111 207562123527717 19.12 14.59 9.60
0100000000011111111 528 207561123527717 100000000111111111 207563123527717 19.12 14.59 9.60
0100000000011111111 528 207561123527717 100000000111111111 207564123527717 19.12 14.59 9.60
0100000000011111111 528 207561123527717 100000000111111111 207565123527717 19.12 14.59 9.60
0100000000011111111 528 207561123527717 100000000111111111 207566123527717 19.12 14.59 9.60
0100000000011111111 528 207561123527717 110000000111111111 207567123527717 19.12 16.68 9.60
0100000000011111111 528 207561123527717 100000000111111111 207561023527717 19.12 14.59 9.60
0100000000011111111 528 207561123527717 110000000001111111 207561223527717 19.12 16.68 9.60
0100000000011111111 528 207561123527717 110000000001111111 207561323527717 19.12 16.68 9.60
0100000000011111111 528 207561123527717 111000000000111111 207561423527717 19.12 16.68 9.60
0100000000011111111 528 207561123527717 111000000000111111 207561523527717 19.12 16.68 9.60
0100000000011111111 528 207561123527717 111000000000011111 207561623527717 19.12 16.68 9.60
0100000000011111111 528 207561123527717 111000000000011111 207561723527717 19.12 16.68 9.60
0100000000011111111 528 207561123527717 100000000011111111 207561103527717 19.12 14.59 6.90
0100000000011111111 528 207561123527717 100000000011111111 207561113527717 19.12 14.59 6.90
0100000000011111111 528 207561123527717 100000000011111111 207561133527717 19.12 14.59 6.90
0100000000011111111 528 207561123527717 100000000011111111 207561143527717 19.12 14.59 6.90
0100000000011111111 528 207561123527717 100000000011111111 207561153527717 19.12 14.59 6.90
0100000000011111111 528 207561123527717 100000000011111111 207561163527717 19.12 14.59 6.90
0100000000011111111 528 207561123527717 100000000011111111 207561173527717 19.12 14.59 6.90
0100000000011111111 528 207561123527717 111000000000111111 207561120527717 19.12 16.68 9.60
0100000000011111111 528 207561123527717 110000000001111111 207561121527717 19.12 16.68 9.60
0100000000011111111 528 207561123527717 110000000011111111 207561122527717 19.12 16.68 9.60
0100000000011111111 528 207561123527717 100000000111111111 207561124527717 19.12 14.59 9.60
0100000000011111111 528 207561123527717 100000000111111111 207561125527717 19.12 14.59 9.60
0100000000011111111 528 207561123527717 100000000111111111 207561126527717 19.12 14.59 9.60
0100000000011111111 528 207561123527717 100000000111111111 207561127527717 19.12 14.59 9.60
0100000000011111111 528 207561123527717 111110000000001111 207561123027717 19.12 16.68 9.60
0100000000011111111 528 207561123527717 111000000000111111 207561123127717 19.12 16.68 9.60
0100000000011111111 528 207561123527717 110000000001111111 207561123227717 19.12 16.68 9.60
0100000000011111111 528 207561123527717 110000000011111111 207561123327717 19.12 16.68 9.60
0100000000011111111 528 207561123527717 110000000011111111 207561123427717 19.12 16.68 9.60
0100000000011111111 528 207561123527717 100000000011111111 207561123627717 19.12 14.59 6.90
0100000000011111111 528 207561123527717 100000000111111111 207561123727717 19.12 14.59 9.60
0100000000011111111 528 207561123527717 100000000000111111 207561123507717 19.12 14.59 12.20
0100000000011111111 528 207561123527717 100000000011111111 207561123517717 19.12 14.59 6.90
0100000000011111111 528 207561123527717 100000000111111111 207561123537717 19.12 14.59 9.60
0100000000011111111 528 207561123527717 110000000111111111 207561123547717 19.12 16.68 9.60
0100000000011111111 528 207561123527717 110000000111111111 207561123557717 19.12 16.68 9.60
0100000000011111111 528 207561123527717 110000000111111111 207561123567717 19.12 16.68 9.60
0100000000011111111 528 207561123527717 110000000111111111 207561123577717 19.12 16.68 9.60
0100000000011111111 528 207561123527717 111000000000000000 207561123520717 19.12 12.51 6.90
0100000000011111111 528 207561123527717 111000000000000000 207561123521717 19.12 12.51 6.90
0100000000011111111 528 207561123527717 110000000000000000 207561123522717 19.12 12.51 6.90
0100000000011111111 528 207561123527717 110000000000000111 207561123523717 19.12 16.68 12.20
0100000000011111111 528 207561123527717 110000000000011111 207561123524717 19.12 16.68 12.20
0100000000011111111 528 207561123527717 110000000000111111 207561123525717 19.12 16.68 9.60
0100000000011111111 528 207561123527717 110000000001111111 207561123526717 19.12 16.68 9.60
0100000000011111111 528 207561123527717 100000000000000111 207561123527017 19.12 14.59 12.20
0100000000011111111 528 207561123527717 100000000000011111 207561123527117 19.12 14.59 12.20
0100000000011111111 528 207561123527717 100000000000111111 207561123527217 19.12 14.59 12.20
0100000000011111111 528 207561123527717 100000000001111111 207561123527317 19.12 14.59 9.60
0100000000011111111 528 207561123527717 100000000001111111 207561123527417 19.12 14.59 9.60
0100000000011111111 528 207561123527717 100000000011111111 207561123527517 19.12 14.59 6.90
0100000000011111111 528 207561123527717 100000000011111111 207561123527617 19.12 14.59 6.90
0100000000011111111 528 207561123527717 100000000111111111 207561123527707 19.12 14.59 9.60
0100000000011111111 528 207561123527717 110000000011111111 207561123527727 19.12 16.68 9.60
0100000000011111111 528 207561123527717 110000000001111111 207561123527737 19.12 16.68 9.60
0100000000011111111 528 207561123527717 110000000001111111 207561123527747 19.12 16.68 9.60
0100000000011111111 528 207561123527717 111000000001111111 207561123527757 19.12 16.68 9.60
0100000000011111111 528 207561123527717 111000000001111111 207561123527767 19.12 16.68 9.60
0100000000011111111 528 207561123527717 111000000000111111 207561123527777 19.12 16.68 9.60
0100000000011111111 528 207561123527717 111110000000011111 207561123527710 19.12 16.68 9.60
0100000000011111111 528 207561123527717 111000000000111111 207561123527711 19.12 16.68 9.60
0100000000011111111 528 207561123527717 111000000001111111 207561123527712 19.12 16.68 9.60
0100000000011111111 528 207561123527717 110000000001111111 207561123527713 19.12 16.68 9.60
0100000000011111111 528 207561123527717 110000000011111111 207561123527714 19.12 16.68 9.60
0100000000011111111 528 207561123527717 110000000011111111 207561123527715 19.12 16.68 9.60
0100000000011111111 528 207561123527717 110000000011111111 207561123527716 19.12 16.68 9.60
0100000000011111111 5343 505773367346604 110000000011111111 005773367346604 19.12 16.68 9.60
0100000000011111111 5343 505773367346604 110000000001111111 105773367346604 19.12 16.68 9.60
0100000000011111111 5343 505773367346604 110000000001111111 205773367346604 19.12 16.68 9.60
0100000000011111111 5343 505773367346604 110000000011111111 305773367346604 19.12 16.68 9.60
0100000000011111111 5343 505773367346604 100000000011111111 405773367346604 19.12 14.59 6.90
0100000000011111111 5343 505773367346604 100000000111111111 605773367346604 19.12 14.59 9.60
0100000000011111111 5343 505773367346604 100000000111111111 705773367346604 19.12 14.59 9.60
0100000000011111111 5343 505773367346604 110000000011111111 515773367346604 19.12 16.68 9.60
0100000000011111111 5343 505773367346604 110000000001111111 525773367346604 19.12 16.68 9.60
0100000000011111111 5343 505773367346604 110000000001111111 535773367346604 19.12 16.68 9.60
0100000000011111111 5343 505773367346604 110000000001111111 545773367346604 19.12 16.68 9.60
0100000000011111111 5343 505773367346604 110000000000111111 555773367346604 19.12 16.68 9.60
0100000000011111111 5343 505773367346604 111000000000111111 565773367346604 19.12 16.68 9.60
0100000000011111111 5343 505773367346604 111000000000111111 575773367346604 19.12 16.68 9.60
0100000000011111111 5343 505773367346604 111111111000111111 500773367346604 19.12 16.68 12.20
0100000000011111111 5343 505773367346604 100000000111111111 501773367346604 19.12 14.59 9.60
0100000000011111111 5343 505773367346604 100000000111111111 502773367346604 19.12 14.59 9.60
0100000000011111111 5343 505773367346604 100000000111111111 503773367346604 19.12 14.59 9.60
0100000000011111111 5343 505773367346604 100000000111111111 504773367346604 19.12 14.59 9.60
0100000000011111111 5343 505773367346604 100000000011111111 506773367346604 19.12 14.59 6.90
0100000000011111111 5343 505773367346604 100000000011111111 507773367346604 19.12 14.59 6.90
0100000000011111111 5343 505773367346604 111000000000111111 505073367346604 19.12 16.68 9.60
0100000000011111111 5343 505773367346604 110000000001111111 505173367346604 19.12 16.68 9.60
0100000000011111111 5343 505773367346604 110000000001111111 505273367346604 19.12 16.68 9.60
0100000000011111111 5343 505773367346604 110000000011111111 505373367346604 19.12 16.68 9.60
0100000000011111111 5343 505773367346604 110000000011111111 505473367346604 19.12 16.68 9.60
0100000000011111111 5343 505773367346604 100000000011111111 505573367346604 19.12 14.59 6.90
0100000000011111111 5343 505773367346604 100000000011111111 505673367346604 19.12 14.59 6.90
0100000000011111111 5343 505773367346604 110000000111111111 505703367346604 19.12 16.68 9.60
0100000000011111111 5343 505773367346604 100000000111111111 505713367346604 19.12 14.59 9.60
0100000000011111111 5343 505773367346604 100000000111111111 505723367346604 19.12 14.59 9.60
0100000000011111111 5343 505773367346604 100000000111111111 505733367346604 19.12 14.59 9.60
0100000000011111111 5343 505773367346604 100000000111111111 505743367346604 19.12 14.59 9.60
0100000000011111111 5343 505773367346604 100000000111111111 505753367346604 19.12 14.59 9.60
0100000000011111111 5343 505773367346604 100000000011111111 505763367346604 19.12 14.59 6.90
0100000000011111111 5343 505773367346604 100000000111111111 505770367346604 19.12 14.59 9.60
0100000000011111111 5343 505773367346604 100000000111111111 505771367346604 19.12 14.59 9.60
0100000000011111111 5343 505773367346604 100000000011111111 505772367346604 19.12 14.59 6.90
0100000000011111111 5343 505773367346604 100000000011111111 505774367346604 19.12 14.59 6.90
0100000000011111111 5343 505773367346604 100000000011111111 505775367346604 19.12 14.59 6.90
0100000000011111111 5343 505773367346604 100000000011111111 505776367346604 19.12 14.59 6.90
0100000000011111111 5343 505773367346604 100000000011111111 505777367346604 19.12 14.59 6.90
0100000000011111111 5343 505773367346604 111111111000111111 505773067346604 19.12 16.68 12.20
0100000000011111111 5343 505773367346604 100000001111111111 505773167346604 19.12 14.59 9.60
0100000000011111111 5343 505773367346604 100000000111111111 505773267346604 19.12 14.59 9.60
0100000000011111111 5343 505773367346604 110000000001111111 505773467346604 19.12 16.68 9.60
0100000000011111111 5343 505773367346604 110000000001111111 505773567346604 19.12 16.68 9.60
0100000000011111111 5343 505773367346604 110000000000111111 505773667346604 19.12 16.68 9.60
0100000000011111111 5343 505773367346604 111000000000011111 505773767346604 19.12 16.68 9.60
0100000000011111111 5343 505773367346604 100000000011111111 505773307346604 19.12 14.59 6.90
0100000000011111111 5343 505773367346604 100000000011111111 505773317346604 19.12 14.59 6.90
0100000000011111111 5343 505773367346604 100000000011111111 505773327346604 19.12 14.59 6.90
0100000000011111111 5343 505773367346604 100000000011111111 505773337346604 19.12 14.59 6.90
0100000000011111111 5343 505773367346604 100000000011111111 505773347346604 19.12 14.59 6.90
0100000000011111111 5343 505773367346604 100000000011111111 505773357346604 19.12 14.59 6.90
0100000000011111111 5343 505773367346604 100000000011111111 505773377346604 19.12 14.59 6.90
0100000000011111111 5343 505773367346604 111111000000000111 505773360346604 19.12 16.68 9.60
0100000000011111111 5343 505773367346604 111100000000011111 505773361346604 19.12 16.68 9.60
0100000000011111111 5343 505773367346604 111000000000111111 505773362346604 19.12 16.68 9.60
0100000000011111111 5343 505773367346604 110000000001111111 505773363346604 19.12 16.68 9.60
0100000000011111111 5343 505773367346604 110000000001111111 505773364346604 19.12 16.68 9.60
0100000000011111111 5343 505773367346604 110000000011111111 505773365346604 19.12 16.68 9.60
0100000000011111111 5343 505773367346604 100000000011111111 505773366346604 19.12 14.59 6.90
0100000000011111111 5343 505773367346604 111110000000000111 505773367046604 19.12 16.68 9.60
0100000000011111111 5343 505773367346604 111000000000111111 505773367146604 19.12 16.68 9.60
0100000000011111111 5343 505773367346604 110000000001111111 505773367246604 19.12 16.68 9.60
0100000000011111111 5343 505773367346604 100000000111111111 505773367446604 19.12 14.59 9.60
0100000000011111111 5343 505773367346604 100000000111111111 505773367546604 19.12 14.59 9.60
0100000000011111111 5343 505773367346604 100000001111111111 505773367646604 19.12 14.59 9.60
0100000000011111111 5343 505773367346604 100000001111111111 505773367746604 19.12 14.59 9.60
0100000000011111111 5343 505773367346604 100000000000011111 505773367306604 19.12 14.59 12.20
0100000000011111111 5343 505773367346604 100000000001111111 505773367316604 19.12 14.59 9.60
0100000000011111111 5343 505773367346604 100000000011111111 505773367326604 19.12 14.59 6.90
0100000000011111111 5343 505773367346604 100000000011111111 505773367336604 19.12 14.59 6.90
0100000000011111111 5343 505773367346604 100000000111111111 505773367356604 19.12 14.59 9.60
0100000000011111111 5343 505773367346604 100000000111111111 505773367366604 19.12 14.59 9.60
0100000000011111111 5343 505773367346604 100000000111111111 505773367376604 19.12 14.59 9.60
0100000000011111111 5343 505773367346604 111000000000000000 505773367340604 19.12 12.51 6.90
0100000000011111111 5343 505773367346604 110000000000000000 505773367341604 19.12 12.51 6.90
0100000000011111111 5343 505773367346604 110000000000000001 505773367342604 19.12 14.59 9.60
0100000000011111111 5343 505773367346604 110000000000001111 505773367343604 19.12 16.68 12.20
0100000000011111111 5343 505773367346604 110000000000111111 505773367344604 19.12 16.68 9.60
0100000000011111111 5343 505773367346604 100000000001111111 505773367345604 19.12 14.59 9.60
0100000000011111111 5343 505773367346604 100000000111111111 505773367347604 19.12 14.59 9.60
0100000000011111111 5343 505773367346604 100000000000011111 505773367346004 19.12 14.59 12.20
0100000000011111111 5343 505773367346604 100000000000111111 505773367346104 19.12 14.59 12.20
0100000000011111111 5343 505773367346604 100000000001111111 505773367346204 19.12 14.59 9.60
0100000000011111111 5343 505773367346604 100000000001111111 505773367346304 19.12 14.59 9.60
0100000000011111111 5343 505773367346604 100000000011111111 505773367346404 19.12 14.59 6.90
0100000000011111111 5343 505773367346604 100000000011111111 505773367346504 19.12 14.59 6.90
0100000000011111111 5343 505773367346604 100000000111111111 505773367346704 19.12 14.59 9.60
0100000000011111111 5343 505773367346604 111000000000111111 505773367346614 19.12 16.68 9.60
0100000000011111111 5343 505773367346604 111000000000011111 505773367346624 19.12 16.68 9.60
0100000000011111111 5343 505773367346604 111100000000001111 505773367346634 19.12 16.68 9.60
0100000000011111111 5343 505773367346604 111110000000000111 505773367346644 19.12 16.68 9.60
0100000000011111111 5343 505773367346604 111111000000000111 505773367346654 19.12 16.68 9.60
0100000000011111111 5343 505773367346604 111111100000000011 505773367346664 19.12 16.68 9.60
0100000000011111111 5343 505773367346604 111111100000000001 505773367346674 19.12 14.59 9.60
0100000000011111111 5343 505773367346604 111110000000001111 505773367346600 19.12 16.68 9.60
0100000000011111111 5343 505773367346604 111000000000111111 505773367346601 19.12 16.68 9.60
0100000000011111111 5343 505773367346604 110000000001111111 505773367346602 19.12 16.68 9.60
0100000000011111111 5343 505773367346604 110000000011111111 505773367346603 19.12 16.68 9.60
0100000000011111111 5343 505773367346604 100000000111111111 505773367346605 19.12 14.59 9.60
0100000000011111111 5343 505773367346604 100000000111111111 505773367346606 19.12 14.59 9.60
0100000000011111111 5343 505773367346604 100000000111111111 505773367346607 19.12 14.59 9.60
0100000000011111111 6281 611454467676217 110000000000111111 011454467676217 19.12 16.68 9.60
0100000000011111111 6281 611454467676217 110000000000111111 111454467676217 19.12 16.68 9.60
0100000000011111111 6281 611454467676217 110000000001111111 211454467676217 19.12 16.68 9.60
0100000000011111111 6281 611454467676217 100000000001111111 311454467676217 19.12 14.59 9.60
0100000000011111111 6281 611454467676217 100000000011111111 411454467676217 19.12 14.59 6.90
0100000000011111111 6281 611454467676217 100000000011111111 511454467676217 19.12 14.59 6.90
0100000000011111111 6281 611454467676217 100000000011111111 711454467676217 19.12 14.59 6.90
0100000000011111111 6281 611454467676217 100000000111111111 601454467676217 19.12 14.59 9.60
0100000000011111111 6281 611454467676217 100000000011111111 621454467676217 19.12 14.59 6.90
0100000000011111111 6281 611454467676217 110000000001111111 631454467676217 19.12 16.68 9.60
0100000000011111111 6281 611454467676217 110000000001111111 641454467676217 19.12 16.68 9.60
0100000000011111111 6281 611454467676217 110000000001111111 651454467676217 19.12 16.68 9.60
0100000000011111111 6281 611454467676217 110000000000111111 661454467676217 19.12 16.68 9.60
0100000000011111111 6281 611454467676217 110000000000111111 671454467676217 19.12 16.68 9.60
0100000000011111111 6281 611454467676217 110000000011111111 610454467676217 19.12 16.68 9.60
0100000000011111111 6281 611454467676217 100000000011111111 612454467676217 19.12 14.59 6.90
0100000000011111111 6281 611454467676217 100000000001111111 613454467676217 19.12 14.59 9.60
0100000000011111111 6281 611454467676217 110000000001111111 614454467676217 19.12 16.68 9.60
0100000000011111111 6281 611454467676217 110000000001111111 615454467676217 19.12 16.68 9.60
0100000000011111111 6281 611454467676217 110000000000111111 616454467676217 19.12 16.68 9.60
0100000000011111111 6281 611454467676217 110000000000111111 617454467676217 19.12 16.68 9.60
0100000000011111111 6281 611454467676217 110000000000111111 611054467676217 19.12 16.68 9.60
0100000000011111111 6281 611454467676217 110000000001111111 611154467676217 19.12 16.68 9.60
0100000000011111111 6281 611454467676217 110000000011111111 611254467676217 19.12 16.68 9.60
0100000000011111111 6281 611454467676217 100000000011111111 611354467676217 19.12 14.59 6.90
0100000000011111111 6281 611454467676217 100000000011111111 611554467676217 19.12 14.59 6.90
0100000000011111111 6281 611454467676217 100000000111111111 611654467676217 19.12 14.59 9.60
0100000000011111111 6281 611454467676217 100000000111111111 611754467676217 19.12 14.59 9.60
0100000000011111111 6281 611454467676217 100000000011111111 611404467676217 19.12 14.59 6.90
0100000000011111111 6281 611454467676217 100000000011111111 611414467676217 19.12 14.59 6.90
0100000000011111111 6281 611454467676217 100000000011111111 611424467676217 19.12 14.59 6.90
0100000000011111111 6281 611454467676217 100000000011111111 611434467676217 19.12 14.59 6.90
0100000000011111111 6281 611454467676217 100000000011111111 611444467676217 19.12 14.59 6.90
0100000000011111111 6281 611454467676217 100000000011111111 611464467676217 19.12 14.59 6.90
0100000000011111111 6281 611454467676217 100000000011111111 611474467676217 19.12 14.59 6.90
0100000000011111111 6281 611454467676217 100000000111111111 611450467676217 19.12 14.59 9.60
0100000000011111111 6281 611454467676217 100000000111111111 611451467676217 19.12 14.59 9.60
0100000000011111111 6281 611454467676217 100000000011111111 611452467676217 19.12 14.59 6.90
0100000000011111111 6281 611454467676217 100000000011111111 611453467676217 19.12 14.59 6.90
0100000000011111111 6281 611454467676217 100000000011111111 611455467676217 19.12 14.59 6.90
0100000000011111111 6281 611454467676217 100000000011111111 611456467676217 19.12 14.59 6.90
0100000000011111111 6281 611454467676217 100000000011111111 611457467676217 19.12 14.59 6.90
0100000000011111111 6281 611454467676217 111111111000000000 611454067676217 19.12 12.51 6.90
0100000000011111111 6281 611454467676217 111111110000000000 611454167676217 19.12 12.51 6.90
0100000000011111111 6281 611454467676217 100000000011111111 611454267676217 19.12 14.59 6.90
0100000000011111111 6281 611454467676217 100000000011111111 611454367676217 19.12 14.59 6.90
0100000000011111111 6281 611454467676217 100000000011111111 611454567676217 19.12 14.59 6.90
0100000000011111111 6281 611454467676217 100000000001111111 611454667676217 19.12 14.59 9.60
0100000000011111111 6281 611454467676217 100000000001111111 611454767676217 19.12 14.59 9.60
0100000000011111111 6281 611454467676217 100000000011111111 611454407676217 19.12 14.59 6.90
0100000000011111111 6281 611454467676217 100000000011111111 611454417676217 19.12 14.59 6.90
0100000000011111111 6281 611454467676217 100000000011111111 611454427676217 19.12 14.59 6.90
0100000000011111111 6281 611454467676217 100000000011111111 611454437676217 19.12 14.59 6.90
0100000000011111111 6281 611454467676217 100000000011111111 611454447676217 19.12 14.59 6.90
0100000000011111111 6281 611454467676217 100000000011111111 611454457676217 19.12 14.59 6.90
0100000000011111111 6281 611454467676217 100000000011111111 611454477676217 19.12 14.59 6.90
0100000000011111111 6281 611454467676217 111111000000000011 611454460676217 19.12 16.68 9.60
0100000000011111111 6281 611454467676217 111000000000011111 611454461676217 19.12 16.68 9.60
0100000000011111111 6281 611454467676217 110000000000111111 611454462676217 19.12 16.68 9.60
0100000000011111111 6281 611454467676217 110000000001111111 611454463676217 19.12 16.68 9.60
0100000000011111111 6281 611454467676217 110000000001111111 611454464676217 19.12 16.68 9.60
0100000000011111111 6281 611454467676217 100000000011111111 611454465676217 19.12 14.59 6.90
0100000000011111111 6281 611454467676217 100000000011111111 611454466676217 19.12 14.59 6.90
0100000000011111111 6281 611454467676217 111111110000000000 611454467076217 19.12 12.51 6.90
0100000000011111111 6281 611454467676217 111100000000000111 611454467176217 19.12 16.68 12.20
0100000000011111111 6281 611454467676217 111000000000011111 611454467276217 19.12 16.68 9.60
0100000000011111111 6281 611454467676217 110000000000111111 611454467376217 19.12 16.68 9.60
0100000000011111111 6281 611454467676217 100000000001111111 611454467476217 19.12 14.59 9.60
0100000000011111111 6281 611454467676217 100000000011111111 611454467576217 19.12 14.59 6.90
0100000000011111111 6281 611454467676217 100000000011111111 611454467776217 19.12 14.59 6.90
0100000000011111111 6281 611454467676217 100000000000000000 611454467606217 19.12 10.42 6.90
0100000000011111111 6281 611454467676217 100000000000001111 611454467616217 19.12 14.59 12.20
0100000000011111111 6281 611454467676217 100000000000111111 611454467626217 19.12 14.59 12.20
0100000000011111111 6281 611454467676217 100000000001111111 611454467636217 19.12 14.59 9.60
0100000000011111111 6281 611454467676217 100000000001111111 611454467646217 19.12 14.59 9.60
0100000000011111111 6281 611454467676217 100000000011111111 611454467656217 19.12 14.59 6.90
0100000000011111111 6281 611454467676217 100000000011111111 611454467666217 19.12 14.59 6.90
0100000000011111111 6281 611454467676217 111111111111111111 611454467670217 19.12 4.17 4.30
0100000000011111111 6281 611454467676217 110000000000000000 611454467671217 19.12 12.51 6.90
0100000000011111111 6281 611454467676217 110000000000000011 611454467672217 19.12 16.68 12.20
0100000000011111111 6281 611454467676217 110000000000001111 611454467673217 19.12 16.68 12.20
0100000000011111111 6281 611454467676217 100000000000111111 611454467674217 19.12 14.59 12.20
0100000000011111111 6281 611454467676217 100000000001111111 611454467675217 19.12 14.59 9.60
0100000000011111111 6281 611454467676217 100000000111111111 611454467677217 19.12 14.59 9.60
0100000000011111111 6281 611454467676217 100000000000111111 611454467676017 19.12 14.59 12.20
0100000000011111111 6281 611454467676217 100000000011111111 611454467676117 19.12 14.59 6.90
0100000000011111111 6281 611454467676217 100000000111111111 611454467676317 19.12 14.59 9.60
0100000000011111111 6281 611454467676217 100000000111111111 611454467676417 19.12 14.59 9.60
0100000000011111111 6281 611454467676217 100000000111111111 611454467676517 19.12 14.59 9.60
0100000000011111111 6281 611454467676217 100000001111111111 611454467676617 19.12 14.59 9.60
0100000000011111111 6281 611454467676217 100000001111111111 611454467676717 19.12 14.59 9.60
0100000000011111111 6281 611454467676217 110000000011111111 611454467676207 19.12 16.68 9.60
0100000000011111111 6281 611454467676217 110000000001111111 611454467676227 19.12 16.68 9.60
0100000000011111111 6281 611454467676217 110000000000011111 611454467676237 19.12 16.68 12.20
0100000000011111111 6281 611454467676217 111000000000001111 611454467676247 19.12 16.68 12.20
0100000000011111111 6281 611454467676217 111000000000001111 611454467676257 19.12 16.68 12.20
0100000000011111111 6281 611454467676217 111100000000000111 611454467676267 19.12 16.68 12.20
0100000000011111111 6281 611454467676217 111100000000000011 611454467676277 19.12 16.68 12.20
0100000000011111111 6281 611454467676217 111111000000000011 611454467676210 19.12 16.68 9.60
0100000000011111111 6281 611454467676217 111000000000011111 611454467676211 19.12 16.68 9.60
0100000000011111111 6281 611454467676217 110000000000111111 611454467676212 19.12 16.68 9.60
0100000000011111111 6281 611454467676217 110000000001111111 611454467676213 19.12 16.68 9.60
0100000000011111111 6281 611454467676217 110000000001111111 611454467676214 19.12 16.68 9.60
0100000000011111111 6281 611454467676217 100000000011111111 611454467676215 19.12 14.59 6.90
0100000000011111111 6281 611454467676217 100000000011111111 611454467676216 19.12 14.59 6.90
0100000000011111111 18463 305645336766203 110000000011111111 005645336766203 19.12 16.68 9.60
0100000000011111111 18463 305645336766203 110000000011111111 105645336766203 19.12 16.68 9.60
0100000000011111111 18463 305645336766203 100000000011111111 205645336766203 19.12 14.59 6.90
0100000000011111111 18463 305645336766203 100000000011111111 405645336766203 19.12 14.59 6.90
0100000000011111111 18463 305645336766203 100000000011111111 505645336766203 19.12 14.59 6.90
0100000000011111111 18463 305645336766203 100000000011111111 605645336766203 19.12 14.59 6.90
0100000000011111111 18463 305645336766203 100000000011111111 705645336766203 19.12 14.59 6.90
0100000000011111111 18463 305645336766203 110000000011111111 315645336766203 19.12 16.68 9.60
0100000000011111111 18463 305645336766203 110000000001111111 325645336766203 19.12 16.68 9.60
0100000000011111111 18463 305645336766203 110000000001111111 335645336766203 19.12 16.68 9.60
0100000000011111111 18463 305645336766203 110000000001111111 345645336766203 19.12 16.68 9.60
0100000000011111111 18463 305645336766203 111000000001111111 355645336766203 19.12 16.68 9.60
0100000000011111111 18463 305645336766203 111000000000111111 365645336766203 19.12 16.68 9.60
0100000000011111111 18463 305645336766203 111000000000111111 375645336766203 19.12 16.68 9.60
0100000000011111111 18463 305645336766203 111111100000000000 300645336766203 19.12 12.51 6.90
0100000000011111111 18463 305645336766203 100000000011111111 301645336766203 19.12 14.59 6.90
0100000000011111111 18463 305645336766203 100000000011111111 302645336766203 19.12 14.59 6.90
0100000000011111111 18463 305645336766203 100000000011111111 303645336766203 19.12 14.59 6.90
0100000000011111111 18463 305645336766203 100000000011111111 304645336766203 19.12 14.59 6.90
0100000000011111111 18463 305645336766203 100000000011111111 306645336766203 19.12 14.59 6.90
0100000000011111111 18463 305645336766203 100000000011111111 307645336766203 19.12 14.59 6.90
0100000000011111111 18463 305645336766203 111000000000111111 305045336766203 19.12 16.68 9.60
0100000000011111111 18463 305645336766203 110000000001111111 305145336766203 19.12 16.68 9.60
0100000000011111111 18463 305645336766203 110000000001111111 305245336766203 19.12 16.68 9.60
0100000000011111111 18463 305645336766203 110000000011111111 305345336766203 19.12 16.68 9.60
0100000000011111111 18463 305645336766203 110000000011111111 305445336766203 19.12 16.68 9.60
0100000000011111111 18463 305645336766203 100000000011111111 305545336766203 19.12 14.59 6.90
0100000000011111111 18463 305645336766203 100000000011111111 305745336766203 19.12 14.59 6.90
0100000000011111111 18463 305645336766203 110000000011111111 305605336766203 19.12 16.68 9.60
0100000000011111111 18463 305645336766203 100000000011111111 305615336766203 19.12 14.59 6.90
0100000000011111111 18463 305645336766203 100000000011111111 305625336766203 19.12 14.59 6.90
0100000000011111111 18463 305645336766203 100000000011111111 305635336766203 19.12 14.59 6.90
0100000000011111111 18463 305645336766203 100000000011111111 305655336766203 19.12 14.59 6.90
0100000000011111111 18463 305645336766203 100000000011111111 305665336766203 19.12 14.59 6.90
0100000000011111111 18463 305645336766203 100000000011111111 305675336766203 19.12 14.59 6.90
0100000000011111111 18463 305645336766203 100000000011111111 305640336766203 19.12 14.59 6.90
0100000000011111111 18463 305645336766203 100000000011111111 305641336766203 19.12 14.59 6.90
0100000000011111111 18463 305645336766203 100000000011111111 305642336766203 19.12 14.59 6.90
0100000000011111111 18463 305645336766203 100000000011111111 305643336766203 19.12 14.59 6.90
0100000000011111111 18463 305645336766203 100000000011111111 305644336766203 19.12 14.59 6.90
0100000000011111111 18463 305645336766203 100000000011111111 305646336766203 19.12 14.59 6.90
0100000000011111111 18463 305645336766203 100000000011111111 305647336766203 19.12 14.59 6.90
0100000000011111111 18463 305645336766203 111111110000000000 305645036766203 19.12 12.51 6.90
0100000000011111111 18463 305645336766203 100000000011111111 305645136766203 19.12 14.59 6.90
0100000000011111111 18463 305645336766203 100000000011111111 305645236766203 19.12 14.59 6.90
0100000000011111111 18463 305645336766203 110000000011111111 305645436766203 19.12 16.68 9.60
0100000000011111111 18463 305645336766203 110000000001111111 305645536766203 19.12 16.68 9.60
0100000000011111111 18463 305645336766203 110000000000111111 305645636766203 19.12 16.68 9.60
0100000000011111111 18463 305645336766203 110000000000111111 305645736766203 19.12 16.68 9.60
0100000000011111111 18463 305645336766203 100000000011111111 305645306766203 19.12 14.59 6.90
0100000000011111111 18463 305645336766203 100000000011111111 305645316766203 19.12 14.59 6.90
0100000000011111111 18463 305645336766203 100000000011111111 305645326766203 19.12 14.59 6.90
0100000000011111111 18463 305645336766203 100000000011111111 305645346766203 19.12 14.59 6.90
0100000000011111111 18463 305645336766203 100000000011111111 305645356766203 19.12 14.59 6.90
0100000000011111111 18463 305645336766203 100000000011111111 305645366766203 19.12 14.59 6.90
0100000000011111111 18463 305645336766203 100000000011111111 305645376766203 19.12 14.59 6.90
0100000000011111111 18463 305645336766203 111110000000001111 305645330766203 19.12 16.68 9.60
0100000000011111111 18463 305645336766203 111000000000111111 305645331766203 19.12 16.68 9.60
0100000000011111111 18463 305645336766203 110000000001111111 305645332766203 19.12 16.68 9.60
0100000000011111111 18463 305645336766203 110000000001111111 305645333766203 19.12 16.68 9.60
0100000000011111111 18463 305645336766203 110000000001111111 305645334766203 19.12 16.68 9.60
0100000000011111111 18463 305645336766203 110000000011111111 305645335766203 19.12 16.68 9.60
0100000000011111111 18463 305645336766203 100000000011111111 305645337766203 19.12 14.59 6.90
0100000000011111111 18463 305645336766203 111111100000000000 305645336066203 19.12 12.51 6.90
0100000000011111111 18463 305645336766203 111100000000001111 305645336166203 19.12 16.68 9.60
0100000000011111111 18463 305645336766203 111000000000111111 305645336266203 19.12 16.68 9.60
0100000000011111111 18463 305645336766203 110000000000111111 305645336366203 19.12 16.68 9.60
0100000000011111111 18463 305645336766203 110000000001111111 305645336466203 19.12 16.68 9.60
0100000000011111111 18463 305645336766203 110000000001111111 305645336566203 19.12 16.68 9.60
0100000000011111111 18463 305645336766203 100000000011111111 305645336666203 19.12 14.59 6.90
0100000000011111111 18463 305645336766203 100000000000000000 305645336706203 19.12 10.42 6.90
0100000000011111111 18463 305645336766203 100000000000011111 305645336716203 19.12 14.59 12.20
0100000000011111111 18463 305645336766203 100000000000111111 305645336726203 19.12 14.59 12.20
0100000000011111111 18463 305645336766203 100000000001111111 305645336736203 19.12 14.59 9.60
0100000000011111111 18463 305645336766203 100000000001111111 305645336746203 19.12 14.59 9.60
0100000000011111111 18463 305645336766203 100000000011111111 305645336756203 19.12 14.59 6.90
0100000000011111111 18463 305645336766203 100000000011111111 305645336776203 19.12 14.59 6.90
0100000000011111111 18463 305645336766203 111000000000000000 305645336760203 19.12 12.51 6.90
0100000000011111111 18463 305645336766203 110000000000000000 305645336761203 19.12 12.51 6.90
0100000000011111111 18463 305645336766203 110000000000000000 305645336762203 19.12 12.51 6.90
0100000000011111111 18463 305645336766203 110000000000000111 305645336763203 19.12 16.68 12.20
0100000000011111111 18463 305645336766203 110000000000111111 305645336764203 19.12 16.68 9.60
0100000000011111111 18463 305645336766203 100000000001111111 305645336765203 19.12 14.59 9.60
0100000000011111111 18463 305645336766203 100000000111111111 305645336767203 19.12 14.59 9.60
0100000000011111111 18463 305645336766203 100000000000111111 305645336766003 19.12 14.59 12.20
0100000000011111111 18463 305645336766203 100000000001111111 305645336766103 19.12 14.59 9.60
0100000000011111111 18463 305645336766203 100000000111111111 305645336766303 19.12 14.59 9.60
0100000000011111111 18463 305645336766203 100000000111111111 305645336766403 19.12 14.59 9.60
0100000000011111111 18463 305645336766203 100000000111111111 305645336766503 19.12 14.59 9.60
0100000000011111111 18463 305645336766203 100000000111111111 305645336766603 19.12 14.59 9.60
0100000000011111111 18463 305645336766203 100000001111111111 305645336766703 19.12 14.59 9.60
0100000000011111111 18463 305645336766203 110000000001111111 305645336766213 19.12 16.68 9.60
0100000000011111111 18463 305645336766203 111000000000111111 305645336766223 19.12 16.68 9.60
0100000000011111111 18463 305645336766203 111100000000011111 305645336766233 19.12 16.68 9.60
0100000000011111111 18463 305645336766203 111100000000001111 305645336766243 19.12 16.68 9.60
0100000000011111111 18463 305645336766203 111110000000000111 305645336766253 19.12 16.68 9.60
0100000000011111111 18463 305645336766203 111111000000000111 305645336766263 19.12 16.68 9.60
0100000000011111111 18463 305645336766203 111111000000000011 305645336766273 19.12 16.68 9.60
0100000000011111111 18463 305645336766203 111100000000011111 305645336766200 19.12 16.68 9.60
0100000000011111111 18463 305645336766203 110000000001111111 305645336766201 19.12 16.68 9.60
0100000000011111111 18463 305645336766203 110000000011111111 305645336766202 19.12 16.68 9.60
0100000000011111111 18463 305645336766203 100000000011111111 305645336766204 19.12 14.59 6.90
0100000000011111111 18463 305645336766203 100000000111111111 305645336766205 19.12 14.59 9.60
0100000000011111111 18463 305645336766203 100000000111111111 305645336766206 19.12 14.59 9.60
0100000000011111111 18463 305645336766203 100000000111111111 305645336766207 19.12 14.59 9.60
0100000000011111111 21978 105654127626502 100000000011111111 005654127626502 19.12 14.59 6.90
0100000000011111111 21978 105654127626502 100000000011111111 205654127626502 19.12 14.59 6.90
0100000000011111111 21978 105654127626502 100000000011111111 305654127626502 19.12 14.59 6.90
0100000000011111111 21978 105654127626502 100000000001111111 405654127626502 19.12 14.59 9.60
0100000000011111111 21978 105654127626502 100000000001111111 505654127626502 19.12 14.59 9.60
0100000000011111111 21978 105654127626502 110000000000111111 605654127626502 19.12 16.68 9.60
0100000000011111111 21978 105654127626502 110000000000001111 705654127626502 19.12 16.68 12.20
0100000000011111111 21978 105654127626502 110000000011111111 115654127626502 19.12 16.68 9.60
0100000000011111111 21978 105654127626502 110000000001111111 125654127626502 19.12 16.68 9.60
0100000000011111111 21978 105654127626502 110000000001111111 135654127626502 19.12 16.68 9.60
0100000000011111111 21978 105654127626502 110000000001111111 145654127626502 19.12 16.68 9.60
0100000000011111111 21978 105654127626502 110000000001111111 155654127626502 19.12 16.68 9.60
0100000000011111111 21978 105654127626502 111000000001111111 165654127626502 19.12 16.68 9.60
0100000000011111111 21978 105654127626502 111000000001111111 175654127626502 19.12 16.68 9.60
0100000000011111111 21978 105654127626502 111111100000000000 100654127626502 19.12 12.51 6.90
0100000000011111111 21978 105654127626502 110000000001111111 101654127626502 19.12 16.68 9.60
0100000000011111111 21978 105654127626502 100000000011111111 102654127626502 19.12 14.59 6.90
0100000000011111111 21978 105654127626502 100000000011111111 103654127626502 19.12 14.59 6.90
0100000000011111111 21978 105654127626502 100000000011111111 104654127626502 19.12 14.59 6.90
0100000000011111111 21978 105654127626502 100000000011111111 106654127626502 19.12 14.59 6.90
0100000000011111111 21978 105654127626502 100000000011111111 107654127626502 19.12 14.59 6.90
0100000000011111111 21978 105654127626502 111000000001111111 105054127626502 19.12 16.68 9.60
0100000000011111111 21978 105654127626502 110000000001111111 105154127626502 19.12 16.68 9.60
0100000000011111111 21978 105654127626502 110000000011111111 105254127626502 19.12 16.68 9.60
0100000000011111111 21978 105654127626502 110000000011111111 105354127626502 19.12 16.68 9.60
0100000000011111111 21978 105654127626502 100000000011111111 105454127626502 19.12 14.59 6.90
0100000000011111111 21978 105654127626502 100000000011111111 105554127626502 19.12 14.59 6.90
0100000000011111111 21978 105654127626502 100000000011111111 105754127626502 19.12 14.59 6.90
0100000000011111111 21978 105654127626502 110000000011111111 105604127626502 19.12 16.68 9.60
0100000000011111111 21978 105654127626502 110000000011111111 105614127626502 19.12 16.68 9.60
0100000000011111111 21978 105654127626502 100000000011111111 105624127626502 19.12 14.59 6.90
0100000000011111111 21978 105654127626502 100000000011111111 105634127626502 19.12 14.59 6.90
0100000000011111111 21978 105654127626502 100000000011111111 105644127626502 19.12 14.59 6.90
0100000000011111111 21978 105654127626502 100000000011111111 105664127626502 19.12 14.59 6.90
0100000000011111111 21978 105654127626502 100000000011111111 105674127626502 19.12 14.59 6.90
0100000000011111111 21978 105654127626502 100000000011111111 105650127626502 19.12 14.59 6.90
0100000000011111111 21978 105654127626502 100000000011111111 105651127626502 19.12 14.59 6.90
0100000000011111111 21978 105654127626502 100000000011111111 105652127626502 19.12 14.59 6.90
0100000000011111111 21978 105654127626502 100000000011111111 105653127626502 19.12 14.59 6.90
0100000000011111111 21978 105654127626502 100000000011111111 105655127626502 19.12 14.59 6.90
0100000000011111111 21978 105654127626502 100000000011111111 105656127626502 19.12 14.59 6.90
0100000000011111111 21978 105654127626502 100000000011111111 105657127626502 19.12 14.59 6.90
0100000000011111111 21978 105654127626502 110000000001111111 105654027626502 19.12 16.68 9.60
0100000000011111111 21978 105654127626502 100000000001111111 105654227626502 19.12 14.59 9.60
0100000000011111111 21978 105654127626502 110000000001111111 105654327626502 19.12 16.68 9.60
0100000000011111111 21978 105654127626502 110000000000111111 105654427626502 19.12 16.68 9.60
0100000000011111111 21978 105654127626502 110000000000111111 105654527626502 19.12 16.68 9.60
0100000000011111111 21978 105654127626502 110000000000111111 105654627626502 19.12 16.68 9.60
0100000000011111111 21978 105654127626502 111000000000011111 105654727626502 19.12 16.68 9.60
0100000000011111111 21978 105654127626502 100000000011111111 105654107626502 19.12 14.59 6.90
0100000000011111111 21978 105654127626502 100000000011111111 105654117626502 19.12 14.59 6.90
0100000000011111111 21978 105654127626502 100000000011111111 105654137626502 19.12 14.59 6.90
0100000000011111111 21978 105654127626502 100000000011111111 105654147626502 19.12 14.59 6.90
0100000000011111111 21978 105654127626502 100000000011111111 105654157626502 19.12 14.59 6.90
0100000000011111111 21978 105654127626502 100000000011111111 105654167626502 19.12 14.59 6.90
0100000000011111111 21978 105654127626502 100000000011111111 105654177626502 19.12 14.59 6.90
0100000000011111111 21978 105654127626502 111100000000011111 105654120626502 19.12 16.68 9.60
0100000000011111111 21978 105654127626502 111000000000111111 105654121626502 19.12 16.68 9.60
0100000000011111111 21978 105654127626502 110000000001111111 105654122626502 19.12 16.68 9.60
0100000000011111111 21978 105654127626502 110000000001111111 105654123626502 19.12 16.68 9.60
0100000000011111111 21978 105654127626502 110000000001111111 105654124626502 19.12 16.68 9.60
0100000000011111111 21978 105654127626502 110000000011111111 105654125626502 19.12 16.68 9.60
0100000000011111111 21978 105654127626502 100000000011111111 105654126626502 19.12 14.59 6.90
0100000000011111111 21978 105654127626502 111100000000001111 105654127026502 19.12 16.68 9.60
0100000000011111111 21978 105654127626502 111000000000111111 105654127126502 19.12 16.68 9.60
0100000000011111111 21978 105654127626502 110000000001111111 105654127226502 19.12 16.68 9.60
0100000000011111111 21978 105654127626502 110000000001111111 105654127326502 19.12 16.68 9.60
0100000000011111111 21978 105654127626502 110000000011111111 105654127426502 19.12 16.68 9.60
0100000000011111111 21978 105654127626502 100000000011111111 105654127526502 19.12 14.59 6.90
0100000000011111111 21978 105654127626502 100000000011111111 105654127726502 19.12 14.59 6.90
0100000000011111111 21978 105654127626502 100000000000011111 105654127606502 19.12 14.59 12.20
0100000000011111111 21978 105654127626502 100000000001111111 105654127616502 19.12 14.59 9.60
0100000000011111111 21978 105654127626502 100000000111111111 105654127636502 19.12 14.59 9.60
0100000000011111111 21978 105654127626502 100000000111111111 105654127646502 19.12 14.59 9.60
0100000000011111111 21978 105654127626502 100000000111111111 105654127656502 19.12 14.59 9.60
0100000000011111111 21978 105654127626502 100000000111111111 105654127666502 19.12 14.59 9.60
0100000000011111111 21978 105654127626502 100000001111111111 105654127676502 19.12 14.59 9.60
0100000000011111111 21978 105654127626502 111111111111111111 105654127620502 19.12 4.17 4.30
0100000000011111111 21978 105654127626502 110000000000000011 105654127621502 19.12 16.68 12.20
0100000000011111111 21978 105654127626502 110000000000000111 105654127622502 19.12 16.68 12.20
0100000000011111111 21978 105654127626502 110000000000011111 105654127623502 19.12 16.68 12.20
0100000000011111111 21978 105654127626502 110000000000111111 105654127624502 19.12 16.68 9.60
0100000000011111111 21978 105654127626502 100000000001111111 105654127625502 19.12 14.59 9.60
0100000000011111111 21978 105654127626502 100000000111111111 105654127627502 19.12 14.59 9.60
0100000000011111111 21978 105654127626502 100000000000000011 105654127626002 19.12 14.59 12.20
0100000000011111111 21978 105654127626502 100000000000011111 105654127626102 19.12 14.59 12.20
0100000000011111111 21978 105654127626502 100000000000111111 105654127626202 19.12 14.59 12.20
0100000000011111111 21978 105654127626502 100000000001111111 105654127626302 19.12 14.59 9.60
0100000000011111111 21978 105654127626502 100000000001111111 105654127626402 19.12 14.59 9.60
0100000000011111111 21978 105654127626502 100000000011111111 105654127626602 19.12 14.59 6.90
0100000000011111111 21978 105654127626502 100000000111111111 105654127626702 19.12 14.59 9.60
0100000000011111111 21978 105654127626502 110000000001111111 105654127626512 19.12 16.68 9.60
0100000000011111111 21978 105654127626502 110000000001111111 105654127626522 19.12 16.68 9.60
0100000000011111111 21978 105654127626502 111000000001111111 105654127626532 19.12 16.68 9.60
0100000000011111111 21978 105654127626502 111000000000111111 105654127626542 19.12 16.68 9.60
0100000000011111111 21978 105654127626502 111000000000111111 105654127626552 19.12 16.68 9.60
0100000000011111111 21978 105654127626502 111100000000111111 105654127626562 19.12 16.68 9.60
0100000000011111111 21978 105654127626502 111100000000011111 105654127626572 19.12 16.68 9.60
0100000000011111111 21978 105654127626502 110000000001111111 105654127626500 19.12 16.68 9.60
0100000000011111111 21978 105654127626502 110000000011111111 105654127626501 19.12 16.68 9.60
0100000000011111111 21978 105654127626502 100000000011111111 105654127626503 19.12 14.59 6.90
0100000000011111111 21978 105654127626502 100000000011111111 105654127626504 19.12 14.59 6.90
0100000000011111111 21978 105654127626502 100000000011111111 105654127626505 19.12 14.59 6.90
0100000000011111111 21978 105654127626502 100000000111111111 105654127626506 19.12 14.59 9.60
0100000000011111111 21978 105654127626502 100000000111111111 105654127626507 19.12 14.59 9.60
0100000000011111111 24267 100710404765416 110000000000111111 000710404765416 19.12 16.68 9.60
0100000000011111111 24267 100710404765416 100000000111111111 200710404765416 19.12 14.59 9.60
0100000000011111111 24267 100710404765416 100000000111111111 300710404765416 19.12 14.59 9.60
0100000000011111111 24267 100710404765416 100000000011111111 400710404765416 19.12 14.59 6.90
0100000000011111111 24267 100710404765416 110000000011111111 500710404765416 19.12 16.68 9.60
0100000000011111111 24267 100710404765416 110000000011111111 600710404765416 19.12 16.68 9.60
0100000000011111111 24267 100710404765416 111000000001111111 700710404765416 19.12 16.68 9.60
0100000000011111111 24267 100710404765416 110000000001111111 110710404765416 19.12 16.68 9.60
0100000000011111111 24267 100710404765416 110000000000111111 120710404765416 19.12 16.68 9.60
0100000000011111111 24267 100710404765416 111000000000111111 130710404765416 19.12 16.68 9.60
0100000000011111111 24267 100710404765416 111000000000011111 140710404765416 19.12 16.68 9.60
0100000000011111111 24267 100710404765416 111000000000001111 150710404765416 19.12 16.68 12.20
0100000000011111111 24267 100710404765416 111000000000001111 160710404765416 19.12 16.68 12.20
0100000000011111111 24267 100710404765416 111100000000001111 170710404765416 19.12 16.68 9.60
0100000000011111111 24267 100710404765416 110000000000011111 101710404765416 19.12 16.68 12.20
0100000000011111111 24267 100710404765416 111000000000011111 102710404765416 19.12 16.68 9.60
0100000000011111111 24267 100710404765416 111000000000011111 103710404765416 19.12 16.68 9.60
0100000000011111111 24267 100710404765416 111000000000011111 104710404765416 19.12 16.68 9.60
0100000000011111111 24267 100710404765416 111000000000011111 105710404765416 19.12 16.68 9.60
0100000000011111111 24267 100710404765416 111000000000011111 106710404765416 19.12 16.68 9.60
0100000000011111111 24267 100710404765416 111000000000011111 107710404765416 19.12 16.68 9.60
0100000000011111111 24267 100710404765416 111100000000000111 100010404765416 19.12 16.68 12.20
0100000000011111111 24267 100710404765416 111000000000011111 100110404765416 19.12 16.68 9.60
0100000000011111111 24267 100710404765416 110000000000111111 100210404765416 19.12 16.68 9.60
0100000000011111111 24267 100710404765416 110000000001111111 100310404765416 19.12 16.68 9.60
0100000000011111111 24267 100710404765416 110000000011111111 100410404765416 19.12 16.68 9.60
0100000000011111111 24267 100710404765416 110000000011111111 100510404765416 19.12 16.68 9.60
0100000000011111111 24267 100710404765416 100000000011111111 100610404765416 19.12 14.59 6.90
0100000000011111111 24267 100710404765416 110000000011111111 100700404765416 19.12 16.68 9.60
0100000000011111111 24267 100710404765416 100000000011111111 100720404765416 19.12 14.59 6.90
0100000000011111111 24267 100710404765416 100000000011111111 100730404765416 19.12 14.59 6.90
0100000000011111111 24267 100710404765416 100000000011111111 100740404765416 19.12 14.59 6.90
0100000000011111111 24267 100710404765416 100000000011111111 100750404765416 19.12 14.59 6.90
0100000000011111111 24267 100710404765416 100000000011111111 100760404765416 19.12 14.59 6.90
0100000000011111111 24267 100710404765416 100000000011111111 100770404765416 19.12 14.59 6.90
0100000000011111111 24267 100710404765416 100000000011111111 100711404765416 19.12 14.59 6.90
0100000000011111111 24267 100710404765416 100000000011111111 100712404765416 19.12 14.59 6.90
0100000000011111111 24267 100710404765416 110000000011111111 100713404765416 19.12 16.68 9.60
0100000000011111111 24267 100710404765416 110000000011111111 100714404765416 19.12 16.68 9.60
0100000000011111111 24267 100710404765416 110000000001111111 100715404765416 19.12 16.68 9.60
0100000000011111111 24267 100710404765416 110000000001111111 100716404765416 19.12 16.68 9.60
0100000000011111111 24267 100710404765416 110000000001111111 100717404765416 19.12 16.68 9.60
0100000000011111111 24267 100710404765416 111110000000011111 100710004765416 19.12 16.68 9.60
0100000000011111111 24267 100710404765416 110000000011111111 100710104765416 19.12 16.68 9.60
0100000000011111111 24267 100710404765416 100000000111111111 100710204765416 19.12 14.59 9.60
0100000000011111111 24267 100710404765416 100000000111111111 100710304765416 19.12 14.59 9.60
0100000000011111111 24267 100710404765416 110000000011111111 100710504765416 19.12 16.68 9.60
0100000000011111111 24267 100710404765416 110000000001111111 100710604765416 19.12 16.68 9.60
0100000000011111111 24267 100710404765416 110000000000011111 100710704765416 19.12 16.68 12.20
0100000000011111111 24267 100710404765416 100000000011111111 100710414765416 19.12 14.59 6.90
0100000000011111111 24267 100710404765416 100000000011111111 100710424765416 19.12 14.59 6.90
0100000000011111111 24267 100710404765416 100000000011111111 100710434765416 19.12 14.59 6.90
0100000000011111111 24267 100710404765416 100000000011111111 100710444765416 19.12 14.59 6.90
0100000000011111111 24267 100710404765416 100000000011111111 100710454765416 19.12 14.59 6.90
0100000000011111111 24267 100710404765416 100000000011111111 100710464765416 19.12 14.59 6.90
0100000000011111111 24267 100710404765416 100000000011111111 100710474765416 19.12 14.59 6.90
0100000000011111111 24267 100710404765416 111111100000000000 100710400765416 19.12 12.51 6.90
0100000000011111111 24267 100710404765416 111000000000011111 100710401765416 19.12 16.68 9.60
0100000000011111111 24267 100710404765416 110000000001111111 100710402765416 19.12 16.68 9.60
0100000000011111111 24267 100710404765416 110000000011111111 100710403765416 19.12 16.68 9.60
0100000000011111111 24267 100710404765416 100000000111111111 100710405765416 19.12 14.59 9.60
0100000000011111111 24267 100710404765416 100000000111111111 100710406765416 19.12 14.59 9.60
0100000000011111111 24267 100710404765416 100000000111111111 100710407765416 19.12 14.59 9.60
0100000000011111111 24267 100710404765416 111111111111110000 100710404065416 19.12 12.51 9.60
0100000000011111111 24267 100710404765416 111111100000000000 100710404165416 19.12 12.51 6.90
0100000000011111111 24267 100710404765416 111110000000000001 100710404265416 19.12 14.59 9.60
0100000000011111111 24267 100710404765416 111100000000000111 100710404365416 19.12 16.68 12.20
0100000000011111111 24267 100710404765416 110000000000111111 100710404465416 19.12 16.68 9.60
0100000000011111111 24267 100710404765416 110000000001111111 100710404565416 19.12 16.68 9.60
0100000000011111111 24267 100710404765416 100000000011111111 100710404665416 19.12 14.59 6.90
0100000000011111111 24267 100710404765416 100000000000000111 100710404705416 19.12 14.59 12.20
0100000000011111111 24267 100710404765416 100000000000011111 100710404715416 19.12 14.59 12.20
0100000000011111111 24267 100710404765416 100000000001111111 100710404725416 19.12 14.59 9.60
0100000000011111111 24267 100710404765416 100000000001111111 100710404735416 19.12 14.59 9.60
0100000000011111111 24267 100710404765416 100000000011111111 100710404745416 19.12 14.59 6.90
0100000000011111111 24267 100710404765416 100000000011111111 100710404755416 19.12 14.59 6.90
0100000000011111111 24267 100710404765416 100000000011111111 100710404775416 19.12 14.59 6.90
0100000000011111111 24267 100710404765416 110000000000000000 100710404760416 19.12 12.51 6.90
0100000000011111111 24267 100710404765416 110000000000000000 100710404761416 19.12 12.51 6.90
0100000000011111111 24267 100710404765416 110000000000000111 100710404762416 19.12 16.68 12.20
0100000000011111111 24267 100710404765416 110000000000111111 100710404763416 19.12 16.68 9.60
0100000000011111111 24267 100710404765416 100000000001111111 100710404764416 19.12 14.59 9.60
0100000000011111111 24267 100710404765416 100000000111111111 100710404766416 19.12 14.59 9.60
0100000000011111111 24267 100710404765416 100000001111111111 100710404767416 19.12 14.59 9.60
0100000000011111111 24267 100710404765416 100000000000011111 100710404765016 19.12 14.59 12.20
0100000000011111111 24267 100710404765416 100000000000111111 100710404765116 19.12 14.59 12.20
0100000000011111111 24267 100710404765416 100000000001111111 100710404765216 19.12 14.59 9.60
0100000000011111111 24267 100710404765416 100000000011111111 100710404765316 19.12 14.59 6.90
0100000000011111111 24267 100710404765416 100000000111111111 100710404765516 19.12 14.59 9.60
0100000000011111111 24267 100710404765416 100000000111111111 100710404765616 19.12 14.59 9.60
0100000000011111111 24267 100710404765416 100000000111111111 100710404765716 19.12 14.59 9.60
0100000000011111111 24267 100710404765416 110000000011111111 100710404765406 19.12 16.68 9.60
0100000000011111111 24267 100710404765416 110000000000111111 100710404765426 19.12 16.68 9.60
0100000000011111111 24267 100710404765416 111100000000000111 100710404765436 19.12 16.68 12.20
0100000000011111111 24267 100710404765416 111110000000000001 100710404765446 19.12 14.59 9.60
0100000000011111111 24267 100710404765416 111110000000000001 100710404765456 19.12 14.59 9.60
0100000000011111111 24267 100710404765416 111111000000000000 100710404765466 19.12 12.51 6.90
0100000000011111111 24267 100710404765416 111111100000000000 100710404765476 19.12 12.51 6.90
0100000000011111111 24267 100710404765416 111111110000000000 100710404765410 19.12 12.51 6.90
0100000000011111111 24267 100710404765416 111110000000000011 100710404765411 19.12 16.68 12.20
0100000000011111111 24267 100710404765416 111000000000011111 100710404765412 19.12 16.68 9.60
0100000000011111111 24267 100710404765416 110000000001111111 100710404765413 19.12 16.68 9.60
0100000000011111111 24267 100710404765416 110000000011111111 100710404765414 19.12 16.68 9.60
0100000000011111111 24267 100710404765416 110000000011111111 100710404765415 19.12 16.68 9.60
0100000000011111111 24267 100710404765416 100000000011111111 100710404765417 19.12 14.59 6.90
0100000000011111111 24850 200620655375307 111000000000001111 000620655375307 19.12 16.68 12.20
0100000000011111111 24850 200620655375307 100000000011111111 100620655375307 19.12 14.59 6.90
0100000000011111111 24850 200620655375307 100000000111111111 300620655375307 19.12 14.59 9.60
0100000000011111111 24850 200620655375307 100000000111111111 400620655375307 19.12 14.59 9.60
0100000000011111111 24850 200620655375307 110000000011111111 500620655375307 19.12 16.68 9.60
0100000000011111111 24850 200620655375307 110000000011111111 600620655375307 19.12 16.68 9.60
0100000000011111111 24850 200620655375307 110000000011111111 700620655375307 19.12 16.68 9.60
0100000000011111111 24850 200620655375307 110000000011111111 210620655375307 19.12 16.68 9.60
0100000000011111111 24850 200620655375307 110000000001111111 220620655375307 19.12 16.68 9.60
0100000000011111111 24850 200620655375307 110000000000111111 230620655375307 19.12 16.68 9.60
0100000000011111111 24850 200620655375307 111000000000011111 240620655375307 19.12 16.68 9.60
0100000000011111111 24850 200620655375307 111000000000011111 250620655375307 19.12 16.68 9.60
0100000000011111111 24850 200620655375307 111000000000001111 260620655375307 19.12 16.68 12.20
0100000000011111111 24850 200620655375307 111000000000000111 270620655375307 19.12 16.68 12.20
0100000000011111111 24850 200620655375307 110000000000111111 201620655375307 19.12 16.68 9.60
0100000000011111111 24850 200620655375307 111000000000000111 202620655375307 19.12 16.68 12.20
0100000000011111111 24850 200620655375307 111000000000000111 203620655375307 19.12 16.68 12.20
0100000000011111111 24850 200620655375307 111000000000000111 204620655375307 19.12 16.68 12.20
0100000000011111111 24850 200620655375307 111000000000000111 205620655375307 19.12 16.68 12.20
0100000000011111111 24850 200620655375307 111000000000000111 206620655375307 19.12 16.68 12.20
0100000000011111111 24850 200620655375307 111000000000000111 207620655375307 19.12 16.68 12.20
0100000000011111111 24850 200620655375307 111000000000000111 200020655375307 19.12 16.68 12.20
0100000000011111111 24850 200620655375307 110000000000111111 200120655375307 19.12 16.68 9.60
0100000000011111111 24850 200620655375307 110000000001111111 200220655375307 19.12 16.68 9.60
0100000000011111111 24850 200620655375307 110000000011111111 200320655375307 19.12 16.68 9.60
0100000000011111111 24850 200620655375307 100000000011111111 200420655375307 19.12 14.59 6.90
0100000000011111111 24850 200620655375307 100000000011111111 200520655375307 19.12 14.59 6.90
0100000000011111111 24850 200620655375307 100000000111111111 200720655375307 19.12 14.59 9.60
0100000000011111111 24850 200620655375307 110000000011111111 200600655375307 19.12 16.68 9.60
0100000000011111111 24850 200620655375307 100000000011111111 200610655375307 19.12 14.59 6.90
0100000000011111111 24850 200620655375307 100000000111111111 200630655375307 19.12 14.59 9.60
0100000000011111111 24850 200620655375307 100000000111111111 200640655375307 19.12 14.59 9.60
0100000000011111111 24850 200620655375307 100000000111111111 200650655375307 19.12 14.59 9.60
0100000000011111111 24850 200620655375307 100000000111111111 200660655375307 19.12 14.59 9.60
0100000000011111111 24850 200620655375307 100000000111111111 200670655375307 19.12 14.59 9.60
0100000000011111111 24850 200620655375307 100000000011111111 200621655375307 19.12 14.59 6.90
0100000000011111111 24850 200620655375307 100000000011111111 200622655375307 19.12 14.59 6.90
0100000000011111111 24850 200620655375307 100000000011111111 200623655375307 19.12 14.59 6.90
0100000000011111111 24850 200620655375307 100000000011111111 200624655375307 19.12 14.59 6.90
0100000000011111111 24850 200620655375307 100000000011111111 200625655375307 19.12 14.59 6.90
0100000000011111111 24850 200620655375307 100000000011111111 200626655375307 19.12 14.59 6.90
0100000000011111111 24850 200620655375307 110000000001111111 200627655375307 19.12 16.68 9.60
0100000000011111111 24850 200620655375307 111111111000000000 200620055375307 19.12 12.51 6.90
0100000000011111111 24850 200620655375307 111110000011111111 200620155375307 19.12 16.68 12.20
0100000000011111111 24850 200620655375307 110000000011111111 200620255375307 19.12 16.68 9.60
0100000000011111111 24850 200620655375307 100000000011111111 200620355375307 19.12 14.59 6.90
0100000000011111111 24850 200620655375307 100000000111111111 200620455375307 19.12 14.59 9.60
0100000000011111111 24850 200620655375307 100000000111111111 200620555375307 19.12 14.59 9.60
0100000000011111111 24850 200620655375307 100000000011111111 200620755375307 19.12 14.59 6.90
0100000000011111111 24850 200620655375307 100000000011111111 200620605375307 19.12 14.59 6.90
0100000000011111111 24850 200620655375307 100000000011111111 200620615375307 19.12 14.59 6.90
0100000000011111111 24850 200620655375307 100000000011111111 200620625375307 19.12 14.59 6.90
0100000000011111111 24850 200620655375307 100000000011111111 200620635375307 19.12 14.59 6.90
0100000000011111111 24850 200620655375307 100000000011111111 200620645375307 19.12 14.59 6.90
0100000000011111111 24850 200620655375307 100000000011111111 200620665375307 19.12 14.59 6.90
0100000000011111111 24850 200620655375307 100000000011111111 200620675375307 19.12 14.59 6.90
0100000000011111111 24850 200620655375307 111111110000000000 200620650375307 19.12 12.51 6.90
0100000000011111111 24850 200620655375307 111000000000011111 200620651375307 19.12 16.68 9.60
0100000000011111111 24850 200620655375307 110000000001111111 200620652375307 19.12 16.68 9.60
0100000000011111111 24850 200620655375307 110000000011111111 200620653375307 19.12 16.68 9.60
0100000000011111111 24850 200620655375307 100000000011111111 200620654375307 19.12 14.59 6.90
0100000000011111111 24850 200620655375307 100000000111111111 200620656375307 19.12 14.59 9.60
0100000000011111111 24850 200620655375307 100000000111111111 200620657375307 19.12 14.59 9.60
0100000000011111111 24850 200620655375307 111111110000000000 200620655075307 19.12 12.51 6.90
0100000000011111111 24850 200620655375307 110000000001111111 200620655175307 19.12 16.68 9.60
0100000000011111111 24850 200620655375307 100000000011111111 200620655275307 19.12 14.59 6.90
0100000000011111111 24850 200620655375307 100000000111111111 200620655475307 19.12 14.59 9.60
0100000000011111111 24850 200620655375307 100000000111111111 200620655575307 19.12 14.59 9.60
0100000000011111111 24850 200620655375307 100000000111111111 200620655675307 19.12 14.59 9.60
0100000000011111111 24850 200620655375307 100000000111111111 200620655775307 19.12 14.59 9.60
0100000000011111111 24850 200620655375307 100000000000000001 200620655305307 19.12 12.51 9.60
0100000000011111111 24850 200620655375307 100000000000011111 200620655315307 19.12 14.59 12.20
0100000000011111111 24850 200620655375307 100000000000111111 200620655325307 19.12 14.59 12.20
0100000000011111111 24850 200620655375307 100000000001111111 200620655335307 19.12 14.59 9.60
0100000000011111111 24850 200620655375307 100000000011111111 200620655345307 19.12 14.59 6.90
0100000000011111111 24850 200620655375307 100000000011111111 200620655355307 19.12 14.59 6.90
0100000000011111111 24850 200620655375307 100000000011111111 200620655365307 19.12 14.59 6.90
0100000000011111111 24850 200620655375307 111111111111111111 200620655370307 19.12 4.17 4.30
0100000000011111111 24850 200620655375307 110000000000000111 200620655371307 19.12 16.68 12.20
0100000000011111111 24850 200620655375307 110000000000011111 200620655372307 19.12 16.68 12.20
0100000000011111111 24850 200620655375307 100000000000111111 200620655373307 19.12 14.59 12.20
0100000000011111111 24850 200620655375307 100000000001111111 200620655374307 19.12 14.59 9.60
0100000000011111111 24850 200620655375307 100000000111111111 200620655376307 19.12 14.59 9.60
0100000000011111111 24850 200620655375307 100000001111111111 200620655377307 19.12 14.59 9.60
0100000000011111111 24850 200620655375307 100000000000011111 200620655375007 19.12 14.59 12.20
0100000000011111111 24850 200620655375307 100000000001111111 200620655375107 19.12 14.59 9.60
0100000000011111111 24850 200620655375307 100000000011111111 200620655375207 19.12 14.59 6.90
0100000000011111111 24850 200620655375307 100000000111111111 200620655375407 19.12 14.59 9.60
0100000000011111111 24850 200620655375307 100000000111111111 200620655375507 19.12 14.59 9.60
0100000000011111111 24850 200620655375307 100000001111111111 200620655375607 19.12 14.59 9.60
0100000000011111111 24850 200620655375307 100000001111111111 200620655375707 19.12 14.59 9.60
0100000000011111111 24850 200620655375307 111000000000000111 200620655375317 19.12 16.68 12.20
0100000000011111111 24850 200620655375307 111111000000000000 200620655375327 19.12 12.51 6.90
0100000000011111111 24850 200620655375307 111111110000000000 200620655375337 19.12 12.51 6.90
0100000000011111111 24850 200620655375307 111111111000000000 200620655375347 19.12 12.51 6.90
0100000000011111111 24850 200620655375307 111111111110000000 200620655375357 19.12 12.51 9.60
0100000000011111111 24850 200620655375307 111111111111000000 200620655375367 19.12 12.51 9.60
0100000000011111111 24850 200620655375307 111111111111110000 200620655375377 19.12 12.51 9.60
0100000000011111111 24850 200620655375307 111111111100000000 200620655375300 19.12 12.51 6.90
0100000000011111111 24850 200620655375307 111100000000000011 200620655375301 19.12 16.68 12.20
0100000000011111111 24850 200620655375307 110000000000111111 200620655375302 19.12 16.68 9.60
0100000000011111111 24850 200620655375307 110000000001111111 200620655375303 19.12 16.68 9.60
0100000000011111111 24850 200620655375307 110000000011111111 200620655375304 19.12 16.68 9.60
0100000000011111111 24850 200620655375307 100000000011111111 200620655375305 19.12 14.59 6.90
0100000000011111111 24850 200620655375307 100000000011111111 200620655375306 19.12 14.59 6.90
0100000000011111111 35337 404453426647617 110000000011111111 004453426647617 19.12 16.68 9.60
0100000000011111111 35337 404453426647617 110000000011111111 104453426647617 19.12 16.68 9.60
0100000000011111111 35337 404453426647617 110000000011111111 204453426647617 19.12 16.68 9.60
0100000000011111111 35337 404453426647617 100000000011111111 304453426647617 19.12 14.59 6.90
0100000000011111111 35337 404453426647617 100000000111111111 504453426647617 19.12 14.59 9.60
0100000000011111111 35337 404453426647617 100000000111111111 604453426647617 19.12 14.59 9.60
0100000000011111111 35337 404453426647617 100000000111111111 704453426647617 19.12 14.59 9.60
0100000000011111111 35337 404453426647617 110000000011111111 414453426647617 19.12 16.68 9.60
0100000000011111111 35337 404453426647617 110000000011111111 424453426647617 19.12 16.68 9.60
0100000000011111111 35337 404453426647617 110000000011111111 434453426647617 19.12 16.68 9.60
0100000000011111111 35337 404453426647617 110000000001111111 444453426647617 19.12 16.68 9.60
0100000000011111111 35337 404453426647617 110000000001111111 454453426647617 19.12 16.68 9.60
0100000000011111111 35337 404453426647617 110000000001111111 464453426647617 19.12 16.68 9.60
0100000000011111111 35337 404453426647617 110000000001111111 474453426647617 19.12 16.68 9.60
0100000000011111111 35337 404453426647617 100000001111111111 400453426647617 19.12 14.59 9.60
0100000000011111111 35337 404453426647617 100000001111111111 401453426647617 19.12 14.59 9.60
0100000000011111111 35337 404453426647617 100000000111111111 402453426647617 19.12 14.59 9.60
0100000000011111111 35337 404453426647617 100000000111111111 403453426647617 19.12 14.59 9.60
0100000000011111111 35337 404453426647617 100000000011111111 405453426647617 19.12 14.59 6.90
0100000000011111111 35337 404453426647617 100000000011111111 406453426647617 19.12 14.59 6.90
0100000000011111111 35337 404453426647617 110000000011111111 407453426647617 19.12 16.68 9.60
0100000000011111111 35337 404453426647617 110000000001111111 404053426647617 19.12 16.68 9.60
0100000000011111111 35337 404453426647617 110000000011111111 404153426647617 19.12 16.68 9.60
0100000000011111111 35337 404453426647617 110000000011111111 404253426647617 19.12 16.68 9.60
0100000000011111111 35337 404453426647617 100000000011111111 404353426647617 19.12 14.59 6.90
0100000000011111111 35337 404453426647617 100000000111111111 404553426647617 19.12 14.59 9.60
0100000000011111111 35337 404453426647617 100000000111111111 404653426647617 19.12 14.59 9.60
0100000000011111111 35337 404453426647617 100000000111111111 404753426647617 19.12 14.59 9.60
0100000000011111111 35337 404453426647617 110000000111111111 404403426647617 19.12 16.68 9.60
0100000000011111111 35337 404453426647617 100000000111111111 404413426647617 19.12 14.59 9.60
0100000000011111111 35337 404453426647617 100000000111111111 404423426647617 19.12 14.59 9.60
0100000000011111111 35337 404453426647617 100000000111111111 404433426647617 19.12 14.59 9.60
0100000000011111111 35337 404453426647617 100000000111111111 404443426647617 19.12 14.59 9.60
0100000000011111111 35337 404453426647617 100000000011111111 404463426647617 19.12 14.59 6.90
0100000000011111111 35337 404453426647617 100000000011111111 404473426647617 19.12 14.59 6.90
0100000000011111111 35337 404453426647617 100000000011111111 404450426647617 19.12 14.59 6.90
0100000000011111111 35337 404453426647617 100000000011111111 404451426647617 19.12 14.59 6.90
0100000000011111111 35337 404453426647617 100000000011111111 404452426647617 19.12 14.59 6.90
0100000000011111111 35337 404453426647617 100000000111111111 404454426647617 19.12 14.59 9.60
0100000000011111111 35337 404453426647617 100000000111111111 404455426647617 19.12 14.59 9.60
0100000000011111111 35337 404453426647617 100000000111111111 404456426647617 19.12 14.59 9.60
0100000000011111111 35337 404453426647617 100000000111111111 404457426647617 19.12 14.59 9.60
0100000000011111111 35337 404453426647617 111111000000111111 404453026647617 19.12 16.68 12.20
0100000000011111111 35337 404453426647617 100000001111111111 404453126647617 19.12 14.59 9.60
0100000000011111111 35337 404453426647617 100000001111111111 404453226647617 19.12 14.59 9.60
0100000000011111111 35337 404453426647617 100000000111111111 404453326647617 19.12 14.59 9.60
0100000000011111111 35337 404453426647617 110000000011111111 404453526647617 19.12 16.68 9.60
0100000000011111111 35337 404453426647617 110000000001111111 404453626647617 19.12 16.68 9.60
0100000000011111111 35337 404453426647617 110000000001111111 404453726647617 19.12 16.68 9.60
0100000000011111111 35337 404453426647617 100000000011111111 404453406647617 19.12 14.59 6.90
0100000000011111111 35337 404453426647617 100000000011111111 404453416647617 19.12 14.59 6.90
0100000000011111111 35337 404453426647617 100000000011111111 404453436647617 19.12 14.59 6.90
0100000000011111111 35337 404453426647617 100000000011111111 404453446647617 19.12 14.59 6.90
0100000000011111111 35337 404453426647617 100000000011111111 404453456647617 19.12 14.59 6.90
0100000000011111111 35337 404453426647617 100000000011111111 404453466647617 19.12 14.59 6.90
0100000000011111111 35337 404453426647617 100000000011111111 404453476647617 19.12 14.59 6.90
0100000000011111111 35337 404453426647617 111110000000001111 404453420647617 19.12 16.68 9.60
0100000000011111111 35337 404453426647617 111000000000111111 404453421647617 19.12 16.68 9.60
0100000000011111111 35337 404453426647617 111000000001111111 404453422647617 19.12 16.68 9.60
0100000000011111111 35337 404453426647617 110000000001111111 404453423647617 19.12 16.68 9.60
0100000000011111111 35337 404453426647617 110000000011111111 404453424647617 19.12 16.68 9.60
0100000000011111111 35337 404453426647617 110000000011111111 404453425647617 19.12 16.68 9.60
0100000000011111111 35337 404453426647617 100000000111111111 404453427647617 19.12 14.59 9.60
0100000000011111111 35337 404453426647617 111111100000000011 404453426047617 19.12 16.68 9.60
0100000000011111111 35337 404453426647617 111100000000011111 404453426147617 19.12 16.68 9.60
0100000000011111111 35337 404453426647617 111000000000111111 404453426247617 19.12 16.68 9.60
0100000000011111111 35337 404453426647617 110000000001111111 404453426347617 19.12 16.68 9.60
0100000000011111111 35337 404453426647617 110000000011111111 404453426447617 19.12 16.68 9.60
0100000000011111111 35337 404453426647617 110000000011111111 404453426547617 19.12 16.68 9.60
0100000000011111111 35337 404453426647617 100000000111111111 404453426747617 19.12 14.59 9.60
0100000000011111111 35337 404453426647617 100000000000111111 404453426607617 19.12 14.59 12.20
0100000000011111111 35337 404453426647617 100000000001111111 404453426617617 19.12 14.59 9.60
0100000000011111111 35337 404453426647617 100000000011111111 404453426627617 19.12 14.59 6.90
0100000000011111111 35337 404453426647617 100000000011111111 404453426637617 19.12 14.59 6.90
0100000000011111111 35337 404453426647617 100000000111111111 404453426657617 19.12 14.59 9.60
0100000000011111111 35337 404453426647617 100000000111111111 404453426667617 19.12 14.59 9.60
0100000000011111111 35337 404453426647617 100000000111111111 404453426677617 19.12 14.59 9.60
0100000000011111111 35337 404453426647617 111100000000000000 404453426640617 19.12 12.51 6.90
0100000000011111111 35337 404453426647617 111000000000000000 404453426641617 19.12 12.51 6.90
0100000000011111111 35337 404453426647617 110000000000000000 404453426642617 19.12 12.51 6.90
0100000000011111111 35337 404453426647617 110000000000000011 404453426643617 19.12 16.68 12.20
0100000000011111111 35337 404453426647617 110000000000001111 404453426644617 19.12 16.68 12.20
0100000000011111111 35337 404453426647617 110000000000111111 404453426645617 19.12 16.68 9.60
0100000000011111111 35337 404453426647617 100000000001111111 404453426646617 19.12 14.59 9.60
0100000000011111111 35337 404453426647617 100000000000011111 404453426647017 19.12 14.59 12.20
0100000000011111111 35337 404453426647617 100000000000111111 404453426647117 19.12 14.59 12.20
0100000000011111111 35337 404453426647617 100000000001111111 404453426647217 19.12 14.59 9.60
0100000000011111111 35337 404453426647617 100000000011111111 404453426647317 19.12 14.59 6.90
0100000000011111111 35337 404453426647617 100000000011111111 404453426647417 19.12 14.59 6.90
0100000000011111111 35337 404453426647617 100000000011111111 404453426647517 19.12 14.59 6.90
0100000000011111111 35337 404453426647617 100000000111111111 404453426647717 19.12 14.59 9.60
0100000000011111111 35337 404453426647617 100000001111111111 404453426647607 19.12 14.59 9.60
0100000000011111111 35337 404453426647617 110000000001111111 404453426647627 19.12 16.68 9.60
0100000000011111111 35337 404453426647617 110000000001111111 404453426647637 19.12 16.68 9.60
0100000000011111111 35337 404453426647617 111000000000111111 404453426647647 19.12 16.68 9.60
0100000000011111111 35337 404453426647617 111000000000111111 404453426647657 19.12 16.68 9.60
0100000000011111111 35337 404453426647617 111100000000111111 404453426647667 19.12 16.68 9.60
0100000000011111111 35337 404453426647617 111100000000011111 404453426647677 19.12 16.68 9.60
0100000000011111111 35337 404453426647617 111111000000001111 404453426647610 19.12 16.68 9.60
0100000000011111111 35337 404453426647617 111100000000111111 404453426647611 19.12 16.68 9.60
0100000000011111111 35337 404453426647617 111000000001111111 404453426647612 19.12 16.68 9.60
0100000000011111111 35337 404453426647617 110000000001111111 404453426647613 19.12 16.68 9.60
0100000000011111111 35337 404453426647617 110000000011111111 404453426647614 19.12 16.68 9.60
0100000000011111111 35337 404453426647617 110000000011111111 404453426647615 19.12 16.68 9.60
0100000000011111111 35337 404453426647617 110000000011111111 404453426647616 19.12 16.68 9.60
0100000000011111111 39483 716660025527426 100000000011111111 016660025527426 19.12 14.59 6.90
0100000000011111111 39483 716660025527426 100000000011111111 116660025527426 19.12 14.59 6.90
0100000000011111111 39483 716660025527426 100000000011111111 216660025527426 19.12 14.59 6.90
0100000000011111111 39483 716660025527426 100000000011111111 316660025527426 19.12 14.59 6.90
0100000000011111111 39483 716660025527426 100000000011111111 416660025527426 19.12 14.59 6.90
0100000000011111111 39483 716660025527426 100000000011111111 516660025527426 19.12 14.59 6.90
0100000000011111111 39483 716660025527426 100000000011111111 616660025527426 19.12 14.59 6.90
0100000000011111111 39483 716660025527426 100000000011111111 706660025527426 19.12 14.59 6.90
0100000000011111111 39483 716660025527426 100000000011111111 726660025527426 19.12 14.59 6.90
0100000000011111111 39483 716660025527426 100000000011111111 736660025527426 19.12 14.59 6.90
0100000000011111111 39483 716660025527426 110000000001111111 746660025527426 19.12 16.68 9.60
0100000000011111111 39483 716660025527426 110000000001111111 756660025527426 19.12 16.68 9.60
0100000000011111111 39483 716660025527426 110000000001111111 766660025527426 19.12 16.68 9.60
0100000000011111111 39483 716660025527426 110000000001111111 776660025527426 19.12 16.68 9.60
0100000000011111111 39483 716660025527426 111111110000000000 710660025527426 19.12 12.51 6.90
0100000000011111111 39483 716660025527426 111110000000000000 711660025527426 19.12 12.51 6.90
0100000000011111111 39483 716660025527426 110000000000000001 712660025527426 19.12 14.59 9.60
0100000000011111111 39483 716660025527426 100000000001111111 713660025527426 19.12 14.59 9.60
0100000000011111111 39483 716660025527426 100000000001111111 714660025527426 19.12 14.59 9.60
0100000000011111111 39483 716660025527426 100000000011111111 715660025527426 19.12 14.59 6.90
0100000000011111111 39483 716660025527426 100000000011111111 717660025527426 19.12 14.59 6.90
0100000000011111111 39483 716660025527426 110000000000111111 716060025527426 19.12 16.68 9.60
0100000000011111111 39483 716660025527426 110000000001111111 716160025527426 19.12 16.68 9.60
0100000000011111111 39483 716660025527426 110000000001111111 716260025527426 19.12 16.68 9.60
0100000000011111111 39483 716660025527426 100000000011111111 716360025527426 19.12 14.59 6.90
0100000000011111111 39483 716660025527426 100000000011111111 716460025527426 19.12 14.59 6.90
0100000000011111111 39483 716660025527426 100000000011111111 716560025527426 19.12 14.59 6.90
0100000000011111111 39483 716660025527426 100000000011111111 716760025527426 19.12 14.59 6.90
0100000000011111111 39483 716660025527426 110000000001111111 716600025527426 19.12 16.68 9.60
0100000000011111111 39483 716660025527426 100000000011111111 716610025527426 19.12 14.59 6.90
0100000000011111111 39483 716660025527426 100000000011111111 716620025527426 19.12 14.59 6.90
0100000000011111111 39483 716660025527426 100000000011111111 716630025527426 19.12 14.59 6.90
0100000000011111111 39483 716660025527426 100000000011111111 716640025527426 19.12 14.59 6.90
0100000000011111111 39483 716660025527426 100000000011111111 716650025527426 19.12 14.59 6.90
0100000000011111111 39483 716660025527426 100000000011111111 716670025527426 19.12 14.59 6.90
0100000000011111111 39483 716660025527426 100000000011111111 716661025527426 19.12 14.59 6.90
0100000000011111111 39483 716660025527426 100000000011111111 716662025527426 19.12 14.59 6.90
0100000000011111111 39483 716660025527426 100000000001111111 716663025527426 19.12 14.59 9.60
0100000000011111111 39483 716660025527426 100000000000111111 716664025527426 19.12 14.59 12.20
0100000000011111111 39483 716660025527426 110000000000000000 716665025527426 19.12 12.51 6.90
0100000000011111111 39483 716660025527426 111111000000000000 716666025527426 19.12 12.51 6.90
0100000000011111111 39483 716660025527426 111111111000000000 716667025527426 19.12 12.51 6.90
0100000000011111111 39483 716660025527426 100000000001111111 716660125527426 19.12 14.59 9.60
0100000000011111111 39483 716660025527426 110000000000111111 716660225527426 19.12 16.68 9.60
0100000000011111111 39483 716660025527426 110000000000011111 716660325527426 19.12 16.68 12.20
0100000000011111111 39483 716660025527426 111000000000001111 716660425527426 19.12 16.68 12.20
0100000000011111111 39483 716660025527426 111000000000001111 716660525527426 19.12 16.68 12.20
0100000000011111111 39483 716660025527426 111000000000000111 716660625527426 19.12 16.68 12.20
0100000000011111111 39483 716660025527426 111100000000000111 716660725527426 19.12 16.68 12.20
0100000000011111111 39483 716660025527426 100000000011111111 716660005527426 19.12 14.59 6.90
0100000000011111111 39483 716660025527426 100000000011111111 716660015527426 19.12 14.59 6.90
0100000000011111111 39483 716660025527426 100000000011111111 716660035527426 19.12 14.59 6.90
0100000000011111111 39483 716660025527426 100000000011111111 716660045527426 19.12 14.59 6.90
0100000000011111111 39483 716660025527426 100000000011111111 716660055527426 19.12 14.59 6.90
0100000000011111111 39483 716660025527426 100000000011111111 716660065527426 19.12 14.59 6.90
0100000000011111111 39483 716660025527426 100000000011111111 716660075527426 19.12 14.59 6.90
0100000000011111111 39483 716660025527426 111000000000111111 716660020527426 19.12 16.68 9.60
0100000000011111111 39483 716660025527426 110000000001111111 716660021527426 19.12 16.68 9.60
0100000000011111111 39483 716660025527426 110000000001111111 716660022527426 19.12 16.68 9.60
0100000000011111111 39483 716660025527426 100000000011111111 716660023527426 19.12 14.59 6.90
0100000000011111111 39483 716660025527426 100000000011111111 716660024527426 19.12 14.59 6.90
0100000000011111111 39483 716660025527426 100000000011111111 716660026527426 19.12 14.59 6.90
0100000000011111111 39483 716660025527426 100000000011111111 716660027527426 19.12 14.59 6.90
0100000000011111111 39483 716660025527426 111000000000001111 716660025027426 19.12 16.68 12.20
0100000000011111111 39483 716660025527426 110000000000111111 716660025127426 19.12 16.68 9.60
0100000000011111111 39483 716660025527426 100000000001111111 716660025227426 19.12 14.59 9.60
0100000000011111111 39483 716660025527426 100000000011111111 716660025327426 19.12 14.59 6.90
0100000000011111111 39483 716660025527426 100000000011111111 716660025427426 19.12 14.59 6.90
0100000000011111111 39483 716660025527426 100000000011111111 716660025627426 19.12 14.59 6.90
0100000000011111111 39483 716660025527426 100000000011111111 716660025727426 19.12 14.59 6.90
0100000000011111111 39483 716660025527426 100000000000001111 716660025507426 19.12 14.59 12.20
0100000000011111111 39483 716660025527426 100000000001111111 716660025517426 19.12 14.59 9.60
0100000000011111111 39483 716660025527426 100000000111111111 716660025537426 19.12 14.59 9.60
0100000000011111111 39483 716660025527426 100000000111111111 716660025547426 19.12 14.59 9.60
0100000000011111111 39483 716660025527426 100000000111111111 716660025557426 19.12 14.59 9.60
0100000000011111111 39483 716660025527426 100000001111111111 716660025567426 19.12 14.59 9.60
0100000000011111111 39483 716660025527426 100000001111111111 716660025577426 19.12 14.59 9.60
0100000000011111111 39483 716660025527426 111111111111111111 716660025520426 19.12 4.17 4.30
0100000000011111111 39483 716660025527426 111111111111111111 716660025521426 19.12 4.17 4.30
0100000000011111111 39483 716660025527426 110000000000000111 716660025522426 19.12 16.68 12.20
0100000000011111111 39483 716660025527426 100000000000001111 716660025523426 19.12 14.59 12.20
0100000000011111111 39483 716660025527426 100000000000111111 716660025524426 19.12 14.59 12.20
0100000000011111111 39483 716660025527426 100000000001111111 716660025525426 19.12 14.59 9.60
0100000000011111111 39483 716660025527426 100000000001111111 716660025526426 19.12 14.59 9.60
0100000000011111111 39483 716660025527426 100000000000000011 716660025527026 19.12 14.59 12.20
0100000000011111111 39483 716660025527426 100000000000011111 716660025527126 19.12 14.59 12.20
0100000000011111111 39483 716660025527426 100000000000111111 716660025527226 19.12 14.59 12.20
0100000000011111111 39483 716660025527426 100000000001111111 716660025527326 19.12 14.59 9.60
0100000000011111111 39483 716660025527426 100000000011111111 716660025527526 19.12 14.59 6.90
0100000000011111111 39483 716660025527426 100000000111111111 716660025527626 19.12 14.59 9.60
0100000000011111111 39483 716660025527426 100000000111111111 716660025527726 19.12 14.59 9.60
0100000000011111111 39483 716660025527426 110000000000000000 716660025527406 19.12 12.51 6.90
0100000000011111111 39483 716660025527426 100000000001111111 716660025527416 19.12 14.59 9.60
0100000000011111111 39483 716660025527426 100000000011111111 716660025527436 19.12 14.59 6.90
0100000000011111111 39483 716660025527426 100000000011111111 716660025527446 19.12 14.59 6.90
0100000000011111111 39483 716660025527426 100000000001111111 716660025527456 19.12 14.59 9.60
0100000000011111111 39483 716660025527426 100000000001111111 716660025527466 19.12 14.59 9.60
0100000000011111111 39483 716660025527426 110000000001111111 716660025527476 19.12 16.68 9.60
0100000000011111111 39483 716660025527426 111000000000111111 716660025527420 19.12 16.68 9.60
0100000000011111111 39483 716660025527426 110000000001111111 716660025527421 19.12 16.68 9.60
0100000000011111111 39483 716660025527426 110000000001111111 716660025527422 19.12 16.68 9.60
0100000000011111111 39483 716660025527426 100000000011111111 716660025527423 19.12 14.59 6.90
0100000000011111111 39483 716660025527426 100000000011111111 716660025527424 19.12 14.59 6.90
0100000000011111111 39483 716660025527426 100000000011111111 716660025527425 19.12 14.59 6.90
0100000000011111111 39483 716660025527426 100000000011111111 716660025527427 19.12 14.59 6.90
0100000000011111111 48545 202751113446417 110000000001111111 002751113446417 19.12 16.68 9.60
0100000000011111111 48545 202751113446417 110000000011111111 102751113446417 19.12 16.68 9.60
0100000000011111111 48545 202751113446417 100000000011111111 302751113446417 19.12 14.59 6.90
0100000000011111111 48545 202751113446417 100000000111111111 402751113446417 19.12 14.59 9.60
0100000000011111111 48545 202751113446417 100000000111111111 502751113446417 19.12 14.59 9.60
0100000000011111111 48545 202751113446417 100000000111111111 602751113446417 19.12 14.59 9.60
0100000000011111111 48545 202751113446417 100000000011111111 702751113446417 19.12 14.59 6.90
0100000000011111111 48545 202751113446417 110000000001111111 212751113446417 19.12 16.68 9.60
0100000000011111111 48545 202751113446417 110000000001111111 222751113446417 19.12 16.68 9.60
0100000000011111111 48545 202751113446417 110000000001111111 232751113446417 19.12 16.68 9.60
0100000000011111111 48545 202751113446417 110000000000111111 242751113446417 19.12 16.68 9.60
0100000000011111111 48545 202751113446417 110000000000111111 252751113446417 19.12 16.68 9.60
0100000000011111111 48545 202751113446417 111000000000111111 262751113446417 19.12 16.68 9.60
0100000000011111111 48545 202751113446417 111000000000111111 272751113446417 19.12 16.68 9.60
0100000000011111111 48545 202751113446417 100000000011111111 200751113446417 19.12 14.59 6.90
0100000000011111111 48545 202751113446417 100000000011111111 201751113446417 19.12 14.59 6.90
0100000000011111111 48545 202751113446417 100000000011111111 203751113446417 19.12 14.59 6.90
0100000000011111111 48545 202751113446417 110000000001111111 204751113446417 19.12 16.68 9.60
0100000000011111111 48545 202751113446417 110000000001111111 205751113446417 19.12 16.68 9.60
0100000000011111111 48545 202751113446417 110000000001111111 206751113446417 19.12 16.68 9.60
0100000000011111111 48545 202751113446417 110000000001111111 207751113446417 19.12 16.68 9.60
0100000000011111111 48545 202751113446417 111000000000111111 202051113446417 19.12 16.68 9.60
0100000000011111111 48545 202751113446417 110000000001111111 202151113446417 19.12 16.68 9.60
0100000000011111111 48545 202751113446417 110000000001111111 202251113446417 19.12 16.68 9.60
0100000000011111111 48545 202751113446417 110000000001111111 202351113446417 19.12 16.68 9.60
0100000000011111111 48545 202751113446417 110000000011111111 202451113446417 19.12 16.68 9.60
0100000000011111111 48545 202751113446417 100000000011111111 202551113446417 19.12 14.59 6.90
0100000000011111111 48545 202751113446417 100000000011111111 202651113446417 19.12 14.59 6.90
0100000000011111111 48545 202751113446417 110000000011111111 202701113446417 19.12 16.68 9.60
0100000000011111111 48545 202751113446417 100000000011111111 202711113446417 19.12 14.59 6.90
0100000000011111111 48545 202751113446417 100000000011111111 202721113446417 19.12 14.59 6.90
0100000000011111111 48545 202751113446417 100000000011111111 202731113446417 19.12 14.59 6.90
0100000000011111111 48545 202751113446417 100000000011111111 202741113446417 19.12 14.59 6.90
0100000000011111111 48545 202751113446417 100000000011111111 202761113446417 19.12 14.59 6.90
0100000000011111111 48545 202751113446417 100000000011111111 202771113446417 19.12 14.59 6.90
0100000000011111111 48545 202751113446417 100000000011111111 202750113446417 19.12 14.59 6.90
0100000000011111111 48545 202751113446417 100000000011111111 202752113446417 19.12 14.59 6.90
0100000000011111111 48545 202751113446417 100000000011111111 202753113446417 19.12 14.59 6.90
0100000000011111111 48545 202751113446417 110000000011111111 202754113446417 19.12 16.68 9.60
0100000000011111111 48545 202751113446417 110000000011111111 202755113446417 19.12 16.68 9.60
0100000000011111111 48545 202751113446417 110000000011111111 202756113446417 19.12 16.68 9.60
0100000000011111111 48545 202751113446417 110000000011111111 202757113446417 19.12 16.68 9.60
0100000000011111111 48545 202751113446417 100000000111111111 202751013446417 19.12 14.59 9.60
0100000000011111111 48545 202751113446417 110000000001111111 202751213446417 19.12 16.68 9.60
0100000000011111111 48545 202751113446417 110000000000011111 202751313446417 19.12 16.68 12.20
0100000000011111111 48545 202751113446417 111000000000001111 202751413446417 19.12 16.68 12.20
0100000000011111111 48545 202751113446417 111000000000000111 202751513446417 19.12 16.68 12.20
0100000000011111111 48545 202751113446417 111100000000000111 202751613446417 19.12 16.68 12.20
0100000000011111111 48545 202751113446417 111100000000000011 202751713446417 19.12 16.68 12.20
0100000000011111111 48545 202751113446417 100000000011111111 202751103446417 19.12 14.59 6.90
0100000000011111111 48545 202751113446417 100000000011111111 202751123446417 19.12 14.59 6.90
0100000000011111111 48545 202751113446417 100000000011111111 202751133446417 19.12 14.59 6.90
0100000000011111111 48545 202751113446417 100000000011111111 202751143446417 19.12 14.59 6.90
0100000000011111111 48545 202751113446417 100000000011111111 202751153446417 19.12 14.59 6.90
0100000000011111111 48545 202751113446417 100000000011111111 202751163446417 19.12 14.59 6.90
0100000000011111111 48545 202751113446417 100000000011111111 202751173446417 19.12 14.59 6.90
0100000000011111111 48545 202751113446417 111100000000011111 202751110446417 19.12 16.68 9.60
0100000000011111111 48545 202751113446417 110000000000111111 202751111446417 19.12 16.68 9.60
0100000000011111111 48545 202751113446417 110000000001111111 202751112446417 19.12 16.68 9.60
0100000000011111111 48545 202751113446417 100000000011111111 202751114446417 19.12 14.59 6.90
0100000000011111111 48545 202751113446417 100000000111111111 202751115446417 19.12 14.59 9.60
0100000000011111111 48545 202751113446417 100000000111111111 202751116446417 19.12 14.59 9.60
0100000000011111111 48545 202751113446417 100000000111111111 202751117446417 19.12 14.59 9.60
0100000000011111111 48545 202751113446417 111110000000000011 202751113046417 19.12 16.68 12.20
0100000000011111111 48545 202751113446417 111000000000011111 202751113146417 19.12 16.68 9.60
0100000000011111111 48545 202751113446417 110000000000111111 202751113246417 19.12 16.68 9.60
0100000000011111111 48545 202751113446417 110000000001111111 202751113346417 19.12 16.68 9.60
0100000000011111111 48545 202751113446417 100000000011111111 202751113546417 19.12 14.59 6.90
0100000000011111111 48545 202751113446417 100000000111111111 202751113646417 19.12 14.59 9.60
0100000000011111111 48545 202751113446417 100000000111111111 202751113746417 19.12 14.59 9.60
0100000000011111111 48545 202751113446417 100000000000001111 202751113406417 19.12 14.59 12.20
0100000000011111111 48545 202751113446417 100000000000111111 202751113416417 19.12 14.59 12.20
0100000000011111111 48545 202751113446417 100000000001111111 202751113426417 19.12 14.59 9.60
0100000000011111111 48545 202751113446417 100000000011111111 202751113436417 19.12 14.59 6.90
0100000000011111111 48545 202751113446417 100000000011111111 202751113456417 19.12 14.59 6.90
0100000000011111111 48545 202751113446417 100000000111111111 202751113466417 19.12 14.59 9.60
0100000000011111111 48545 202751113446417 100000000111111111 202751113476417 19.12 14.59 9.60
0100000000011111111 48545 202751113446417 111000000000000000 202751113440417 19.12 12.51 6.90
0100000000011111111 48545 202751113446417 110000000000000000 202751113441417 19.12 12.51 6.90
0100000000011111111 48545 202751113446417 110000000000000001 202751113442417 19.12 14.59 9.60
0100000000011111111 48545 202751113446417 110000000000001111 202751113443417 19.12 16.68 12.20
0100000000011111111 48545 202751113446417 110000000000111111 202751113444417 19.12 16.68 9.60
0100000000011111111 48545 202751113446417 100000000001111111 202751113445417 19.12 14.59 9.60
0100000000011111111 48545 202751113446417 100000000111111111 202751113447417 19.12 14.59 9.60
0100000000011111111 48545 202751113446417 100000000000011111 202751113446017 19.12 14.59 12.20
0100000000011111111 48545 202751113446417 100000000000111111 202751113446117 19.12 14.59 12.20
0100000000011111111 48545 202751113446417 100000000001111111 202751113446217 19.12 14.59 9.60
0100000000011111111 48545 202751113446417 100000000011111111 202751113446317 19.12 14.59 6.90
0100000000011111111 48545 202751113446417 100000000011111111 202751113446517 19.12 14.59 6.90
0100000000011111111 48545 202751113446417 100000000111111111 202751113446617 19.12 14.59 9.60
0100000000011111111 48545 202751113446417 100000000111111111 202751113446717 19.12 14.59 9.60
0100000000011111111 48545 202751113446417 100000000111111111 202751113446407 19.12 14.59 9.60
0100000000011111111 48545 202751113446417 110000000001111111 202751113446427 19.12 16.68 9.60
0100000000011111111 48545 202751113446417 110000000000111111 202751113446437 19.12 16.68 9.60
0100000000011111111 48545 202751113446417 111000000000011111 202751113446447 19.12 16.68 9.60
0100000000011111111 48545 202751113446417 111000000000011111 202751113446457 19.12 16.68 9.60
0100000000011111111 48545 202751113446417 111100000000001111 202751113446467 19.12 16.68 9.60
0100000000011111111 48545 202751113446417 111100000000001111 202751113446477 19.12 16.68 9.60
0100000000011111111 48545 202751113446417 111111000000000111 202751113446410 19.12 16.68 9.60
0100000000011111111 48545 202751113446417 111100000000011111 202751113446411 19.12 16.68 9.60
0100000000011111111 48545 202751113446417 111000000000111111 202751113446412 19.12 16.68 9.60
0100000000011111111 48545 202751113446417 110000000000111111 202751113446413 19.12 16.68 9.60
0100000000011111111 48545 202751113446417 110000000001111111 202751113446414 19.12 16.68 9.60
0100000000011111111 48545 202751113446417 110000000001111111 202751113446415 19.12 16.68 9.60
0100000000011111111 48545 202751113446417 100000000011111111 202751113446416 19.12 14.59 6.90
