ParentPhenotype line ParentGenotype MutantPhenotype MutantGenotype KC_col1 KC_col4 Conditional_Complexity
0110000000000000011 7 115636235504403 110000000000000011 015636235504403 19.12 16.68 9.60
0110000000000000011 7 115636235504403 110000000000000001 215636235504403 19.12 14.59 9.60
0110000000000000011 7 115636235504403 110000000000000001 315636235504403 19.12 14.59 9.60
0110000000000000011 7 115636235504403 110000000000000001 415636235504403 19.12 14.59 9.60
0110000000000000011 7 115636235504403 110000000000000001 515636235504403 19.12 14.59 9.60
0110000000000000011 7 115636235504403 110000000000000001 615636235504403 19.12 14.59 9.60
0110000000000000011 7 115636235504403 110000000000000001 715636235504403 19.12 14.59 9.60
0110000000000000011 7 115636235504403 110000000000000011 105636235504403 19.12 16.68 9.60
0110000000000000011 7 115636235504403 110000000000000001 125636235504403 19.12 14.59 9.60
0110000000000000011 7 115636235504403 111000000000000001 135636235504403 19.12 14.59 9.60
0110000000000000011 7 115636235504403 111000000000000001 145636235504403 19.12 14.59 9.60
0110000000000000011 7 115636235504403 111000000000000001 155636235504403 19.12 14.59 9.60
0110000000000000011 7 115636235504403 111000000000000001 165636235504403 19.12 14.59 9.60
0110000000000000011 7 115636235504403 111000000000000001 175636235504403 19.12 14.59 9.60
0110000000000000011 7 115636235504403 110000000000000001 110636235504403 19.12 14.59 9.60
0110000000000000011 7 115636235504403 110000000000000001 111636235504403 19.12 14.59 9.60
0110000000000000011 7 115636235504403 110000000000000001 112636235504403 19.12 14.59 9.60
0110000000000000011 7 115636235504403 110000000000000001 113636235504403 19.12 14.59 9.60
0110000000000000011 7 115636235504403 110000000000000011 114636235504403 19.12 16.68 9.60
0110000000000000011 7 115636235504403 110000000000000011 116636235504403 19.12 16.68 9.60
0110000000000000011 7 115636235504403 110000000000000011 117636235504403 19.12 16.68 9.60
0110000000000000011 7 115636235504403 111100000000000000 115036235504403 19.12 12.51 6.90
0110000000000000011 7 115636235504403 111000000000000001 115136235504403 19.12 14.59 9.60
0110000000000000011 7 115636235504403 111000000000000001 115236235504403 19.12 14.59 9.60
0110000000000000011 7 115636235504403 110000000000000001 115336235504403 19.12 14.59 9.60
0110000000000000011 7 115636235504403 110000000000000001 115436235504403 19.12 14.59 9.60
0110000000000000011 7 115636235504403 110000000000000011 115536235504403 19.12 16.68 9.60
0110000000000000011 7 115636235504403 110000000000000011 115736235504403 19.12 16.68 9.60
0110000000000000011 7 115636235504403 110000000000000011 115606235504403 19.12 16.68 9.60
0110000000000000011 7 115636235504403 110000000000000011 115616235504403 19.12 16.68 9.60
0110000000000000011 7 115636235504403 110000000000000011 115626235504403 19.12 16.68 9.60
0110000000000000011 7 115636235504403 110000000000000001 115646235504403 19.12 14.59 9.60
0110000000000000011 7 115636235504403 110000000000000001 115656235504403 19.12 14.59 9.60
0110000000000000011 7 115636235504403 110000000000000001 115666235504403 19.12 14.59 9.60
0110000000000000011 7 115636235504403 110000000000000001 115676235504403 19.12 14.59 9.60
0110000000000000011 7 115636235504403 110000000000000000 115630235504403 19.12 12.51 6.90
0110000000000000011 7 115636235504403 110000000000000000 115631235504403 19.12 12.51 6.90
0110000000000000011 7 115636235504403 110000000000000001 115632235504403 19.12 14.59 9.60
0110000000000000011 7 115636235504403 110000000000000001 115633235504403 19.12 14.59 9.60
0110000000000000011 7 115636235504403 110000000000000001 115634235504403 19.12 14.59 9.60
0110000000000000011 7 115636235504403 110000000000000001 115635235504403 19.12 14.59 9.60
0110000000000000011 7 115636235504403 110000000000000011 115637235504403 19.12 16.68 9.60
0110000000000000011 7 115636235504403 111111111100000000 115636035504403 19.12 12.51 9.60
0110000000000000011 7 115636235504403 110000000000000011 115636135504403 19.12 16.68 9.60
0110000000000000011 7 115636235504403 110000000000000001 115636335504403 19.12 14.59 9.60
0110000000000000011 7 115636235504403 111000000000000001 115636435504403 19.12 14.59 9.60
0110000000000000011 7 115636235504403 111000000000000000 115636535504403 19.12 12.51 6.90
0110000000000000011 7 115636235504403 111000000000000000 115636635504403 19.12 12.51 6.90
0110000000000000011 7 115636235504403 111000000000000000 115636735504403 19.12 12.51 6.90
0110000000000000011 7 115636235504403 110000000000000011 115636205504403 19.12 16.68 9.60
0110000000000000011 7 115636235504403 110000000000000011 115636215504403 19.12 16.68 9.60
0110000000000000011 7 115636235504403 110000000000000011 115636225504403 19.12 16.68 9.60
0110000000000000011 7 115636235504403 110000000000000011 115636245504403 19.12 16.68 9.60
0110000000000000011 7 115636235504403 110000000000000011 115636255504403 19.12 16.68 9.60
0110000000000000011 7 115636235504403 110000000000000011 115636265504403 19.12 16.68 9.60
0110000000000000011 7 115636235504403 110000000000000011 115636275504403 19.12 16.68 9.60
0110000000000000011 7 115636235504403 111111000000000000 115636230504403 19.12 12.51 9.60
0110000000000000011 7 115636235504403 111100000000000000 115636231504403 19.12 12.51 6.90
0110000000000000011 7 115636235504403 111000000000000001 115636232504403 19.12 14.59 9.60
0110000000000000011 7 115636235504403 111000000000000001 115636233504403 19.12 14.59 9.60
0110000000000000011 7 115636235504403 110000000000000001 115636234504403 19.12 14.59 9.60
0110000000000000011 7 115636235504403 110000000000000011 115636236504403 19.12 16.68 9.60
0110000000000000011 7 115636235504403 110000000000000011 115636237504403 19.12 16.68 9.60
0110000000000000011 7 115636235504403 111111000000000000 115636235004403 19.12 12.51 9.60
0110000000000000011 7 115636235504403 111100000000000000 115636235104403 19.12 12.51 6.90
0110000000000000011 7 115636235504403 111000000000000001 115636235204403 19.12 14.59 9.60
0110000000000000011 7 115636235504403 111000000000000001 115636235304403 19.12 14.59 9.60
0110000000000000011 7 115636235504403 110000000000000001 115636235404403 19.12 14.59 9.60
0110000000000000011 7 115636235504403 110000000000000011 115636235604403 19.12 16.68 9.60
0110000000000000011 7 115636235504403 110000000000000011 115636235704403 19.12 16.68 9.60
0110000000000000011 7 115636235504403 110000000000001111 115636235514403 19.12 16.68 9.60
0110000000000000011 7 115636235504403 110000000000011111 115636235524403 19.12 16.68 9.60
0110000000000000011 7 115636235504403 110000000000011111 115636235534403 19.12 16.68 9.60
0110000000000000011 7 115636235504403 110000000000111111 115636235544403 19.12 16.68 12.20
0110000000000000011 7 115636235504403 111000000000111111 115636235554403 19.12 16.68 9.60
0110000000000000011 7 115636235504403 111000000000111111 115636235564403 19.12 16.68 9.60
0110000000000000011 7 115636235504403 111000000000111111 115636235574403 19.12 16.68 9.60
0110000000000000011 7 115636235504403 111100000000000000 115636235500403 19.12 12.51 6.90
0110000000000000011 7 115636235504403 111000000000000000 115636235501403 19.12 12.51 6.90
0110000000000000011 7 115636235504403 111000000000000000 115636235502403 19.12 12.51 6.90
0110000000000000011 7 115636235504403 110000000000000000 115636235503403 19.12 12.51 6.90
0110000000000000011 7 115636235504403 110000000000000111 115636235505403 19.12 16.68 9.60
0110000000000000011 7 115636235504403 110000000000001111 115636235506403 19.12 16.68 9.60
0110000000000000011 7 115636235504403 110000000000001111 115636235507403 19.12 16.68 9.60
0110000000000000011 7 115636235504403 110000000000000000 115636235504003 19.12 12.51 6.90
0110000000000000011 7 115636235504403 110000000000000000 115636235504103 19.12 12.51 6.90
0110000000000000011 7 115636235504403 110000000000000000 115636235504203 19.12 12.51 6.90
0110000000000000011 7 115636235504403 110000000000000001 115636235504303 19.12 14.59 9.60
0110000000000000011 7 115636235504403 110000000000000011 115636235504503 19.12 16.68 9.60
0110000000000000011 7 115636235504403 110000000000000111 115636235504603 19.12 16.68 9.60
0110000000000000011 7 115636235504403 110000000000000111 115636235504703 19.12 16.68 9.60
0110000000000000011 7 115636235504403 111000000000000001 115636235504413 19.12 14.59 9.60
0110000000000000011 7 115636235504403 111100000000000000 115636235504423 19.12 12.51 6.90
0110000000000000011 7 115636235504403 111100000000000000 115636235504433 19.12 12.51 6.90
0110000000000000011 7 115636235504403 111110000000000000 115636235504443 19.12 12.51 6.90
0110000000000000011 7 115636235504403 111110000000000000 115636235504453 19.12 12.51 6.90
0110000000000000011 7 115636235504403 111111000000000000 115636235504463 19.12 12.51 9.60
0110000000000000011 7 115636235504403 111111000000000000 115636235504473 19.12 12.51 9.60
0110000000000000011 7 115636235504403 111110000000000000 115636235504400 19.12 12.51 6.90
0110000000000000011 7 115636235504403 111000000000000001 115636235504401 19.12 14.59 9.60
0110000000000000011 7 115636235504403 111000000000000001 115636235504402 19.12 14.59 9.60
0110000000000000011 7 115636235504403 110000000000000011 115636235504404 19.12 16.68 9.60
0110000000000000011 7 115636235504403 110000000000000011 115636235504405 19.12 16.68 9.60
0110000000000000011 7 115636235504403 110000000000000011 115636235504406 19.12 16.68 9.60
0110000000000000011 7 115636235504403 100000000000000011 115636235504407 19.12 14.59 9.60
0110000000000000011 1659 622522166733445 111000000000000011 022522166733445 19.12 16.68 9.60
0110000000000000011 1659 622522166733445 111000000000000011 122522166733445 19.12 16.68 9.60
0110000000000000011 1659 622522166733445 111000000000000001 222522166733445 19.12 14.59 9.60
0110000000000000011 1659 622522166733445 111000000000000001 322522166733445 19.12 14.59 9.60
0110000000000000011 1659 622522166733445 111000000000000011 422522166733445 19.12 16.68 9.60
0110000000000000011 1659 622522166733445 110000000000000011 522522166733445 19.12 16.68 9.60
0110000000000000011 1659 622522166733445 110000000000000011 722522166733445 19.12 16.68 9.60
0110000000000000011 1659 622522166733445 110000000000001111 602522166733445 19.12 16.68 9.60
0110000000000000011 1659 622522166733445 110000000000000111 612522166733445 19.12 16.68 9.60
0110000000000000011 1659 622522166733445 111000000000000011 632522166733445 19.12 16.68 9.60
0110000000000000011 1659 622522166733445 111000000000000001 642522166733445 19.12 14.59 9.60
0110000000000000011 1659 622522166733445 111000000000000001 652522166733445 19.12 14.59 9.60
0110000000000000011 1659 622522166733445 111000000000000001 662522166733445 19.12 14.59 9.60
0110000000000000011 1659 622522166733445 111000000000000001 672522166733445 19.12 14.59 9.60
0110000000000000011 1659 622522166733445 111000000000011111 620522166733445 19.12 16.68 9.60
0110000000000000011 1659 622522166733445 110000000000000111 621522166733445 19.12 16.68 9.60
0110000000000000011 1659 622522166733445 111000000000000011 623522166733445 19.12 16.68 9.60
0110000000000000011 1659 622522166733445 111000000000000001 624522166733445 19.12 14.59 9.60
0110000000000000011 1659 622522166733445 111000000000000001 625522166733445 19.12 14.59 9.60
0110000000000000011 1659 622522166733445 111000000000000001 626522166733445 19.12 14.59 9.60
0110000000000000011 1659 622522166733445 111000000000000011 627522166733445 19.12 16.68 9.60
0110000000000000011 1659 622522166733445 111100000000000000 622022166733445 19.12 12.51 6.90
0110000000000000011 1659 622522166733445 111000000000000000 622122166733445 19.12 12.51 6.90
0110000000000000011 1659 622522166733445 111000000000000001 622222166733445 19.12 14.59 9.60
0110000000000000011 1659 622522166733445 111000000000000001 622322166733445 19.12 14.59 9.60
0110000000000000011 1659 622522166733445 111000000000000011 622422166733445 19.12 16.68 9.60
0110000000000000011 1659 622522166733445 110000000000000011 622622166733445 19.12 16.68 9.60
0110000000000000011 1659 622522166733445 110000000000000111 622722166733445 19.12 16.68 9.60
0110000000000000011 1659 622522166733445 110000000000000111 622502166733445 19.12 16.68 9.60
0110000000000000011 1659 622522166733445 110000000000000111 622512166733445 19.12 16.68 9.60
0110000000000000011 1659 622522166733445 110000000000000011 622532166733445 19.12 16.68 9.60
0110000000000000011 1659 622522166733445 110000000000000001 622542166733445 19.12 14.59 9.60
0110000000000000011 1659 622522166733445 110000000000000001 622552166733445 19.12 14.59 9.60
0110000000000000011 1659 622522166733445 110000000000000001 622562166733445 19.12 14.59 9.60
0110000000000000011 1659 622522166733445 110000000000000001 622572166733445 19.12 14.59 9.60
0110000000000000011 1659 622522166733445 110000000000000011 622520166733445 19.12 16.68 9.60
0110000000000000011 1659 622522166733445 110000000000000011 622521166733445 19.12 16.68 9.60
0110000000000000011 1659 622522166733445 110000000000000011 622523166733445 19.12 16.68 9.60
0110000000000000011 1659 622522166733445 111000000000000011 622524166733445 19.12 16.68 9.60
0110000000000000011 1659 622522166733445 111000000000000011 622525166733445 19.12 16.68 9.60
0110000000000000011 1659 622522166733445 111000000000000011 622526166733445 19.12 16.68 9.60
0110000000000000011 1659 622522166733445 111000000000000011 622527166733445 19.12 16.68 9.60
0110000000000000011 1659 622522166733445 110000000000011111 622522066733445 19.12 16.68 9.60
0110000000000000011 1659 622522166733445 111000000000000000 622522266733445 19.12 12.51 6.90
0110000000000000011 1659 622522166733445 111100000000000000 622522366733445 19.12 12.51 6.90
0110000000000000011 1659 622522166733445 111110000000000000 622522466733445 19.12 12.51 6.90
0110000000000000011 1659 622522166733445 111111000000000000 622522566733445 19.12 12.51 9.60
0110000000000000011 1659 622522166733445 111111000000000000 622522666733445 19.12 12.51 9.60
0110000000000000011 1659 622522166733445 111111100000000000 622522766733445 19.12 12.51 9.60
0110000000000000011 1659 622522166733445 110000000000000011 622522106733445 19.12 16.68 9.60
0110000000000000011 1659 622522166733445 110000000000000011 622522116733445 19.12 16.68 9.60
0110000000000000011 1659 622522166733445 110000000000000011 622522126733445 19.12 16.68 9.60
0110000000000000011 1659 622522166733445 110000000000000011 622522136733445 19.12 16.68 9.60
0110000000000000011 1659 622522166733445 110000000000000011 622522146733445 19.12 16.68 9.60
0110000000000000011 1659 622522166733445 110000000000000011 622522156733445 19.12 16.68 9.60
0110000000000000011 1659 622522166733445 110000000000000011 622522176733445 19.12 16.68 9.60
0110000000000000011 1659 622522166733445 111111111000000000 622522160733445 19.12 12.51 9.60
0110000000000000011 1659 622522166733445 111111000000000000 622522161733445 19.12 12.51 9.60
0110000000000000011 1659 622522166733445 111100000000000000 622522162733445 19.12 12.51 6.90
0110000000000000011 1659 622522166733445 111100000000000000 622522163733445 19.12 12.51 6.90
0110000000000000011 1659 622522166733445 111000000000000001 622522164733445 19.12 14.59 9.60
0110000000000000011 1659 622522166733445 111000000000000011 622522165733445 19.12 16.68 9.60
0110000000000000011 1659 622522166733445 110000000000000111 622522167733445 19.12 16.68 9.60
0110000000000000011 1659 622522166733445 111111111111000000 622522166033445 19.12 12.51 9.60
0110000000000000011 1659 622522166733445 111111100000000000 622522166133445 19.12 12.51 9.60
0110000000000000011 1659 622522166733445 111110000000000000 622522166233445 19.12 12.51 6.90
0110000000000000011 1659 622522166733445 111100000000000000 622522166333445 19.12 12.51 6.90
0110000000000000011 1659 622522166733445 111000000000000000 622522166433445 19.12 12.51 6.90
0110000000000000011 1659 622522166733445 111000000000000001 622522166533445 19.12 14.59 9.60
0110000000000000011 1659 622522166733445 111000000000000001 622522166633445 19.12 14.59 9.60
0110000000000000011 1659 622522166733445 110000000000000000 622522166703445 19.12 12.51 6.90
0110000000000000011 1659 622522166733445 110000000000000000 622522166713445 19.12 12.51 6.90
0110000000000000011 1659 622522166733445 110000000000000001 622522166723445 19.12 14.59 9.60
0110000000000000011 1659 622522166733445 110000000000000011 622522166743445 19.12 16.68 9.60
0110000000000000011 1659 622522166733445 111000000000000111 622522166753445 19.12 16.68 12.20
0110000000000000011 1659 622522166733445 111000000000000111 622522166763445 19.12 16.68 12.20
0110000000000000011 1659 622522166733445 111000000000000111 622522166773445 19.12 16.68 12.20
0110000000000000011 1659 622522166733445 111100000000000000 622522166730445 19.12 12.51 6.90
0110000000000000011 1659 622522166733445 111000000000000000 622522166731445 19.12 12.51 6.90
0110000000000000011 1659 622522166733445 111000000000000000 622522166732445 19.12 12.51 6.90
0110000000000000011 1659 622522166733445 110000000000001111 622522166734445 19.12 16.68 9.60
0110000000000000011 1659 622522166733445 110000000000111111 622522166735445 19.12 16.68 12.20
0110000000000000011 1659 622522166733445 110000000001111111 622522166736445 19.12 16.68 12.20
0110000000000000011 1659 622522166733445 110000000011111111 622522166737445 19.12 16.68 12.20
0110000000000000011 1659 622522166733445 110000000000000000 622522166733045 19.12 12.51 6.90
0110000000000000011 1659 622522166733445 110000000000000000 622522166733145 19.12 12.51 6.90
0110000000000000011 1659 622522166733445 110000000000000001 622522166733245 19.12 14.59 9.60
0110000000000000011 1659 622522166733445 110000000000000001 622522166733345 19.12 14.59 9.60
0110000000000000011 1659 622522166733445 110000000000000111 622522166733545 19.12 16.68 9.60
0110000000000000011 1659 622522166733445 110000000000000111 622522166733645 19.12 16.68 9.60
0110000000000000011 1659 622522166733445 110000000000000111 622522166733745 19.12 16.68 9.60
0110000000000000011 1659 622522166733445 111111111111111111 622522166733405 19.12 4.17 4.30
0110000000000000011 1659 622522166733445 110000000000111111 622522166733415 19.12 16.68 12.20
0110000000000000011 1659 622522166733445 110000000000001111 622522166733425 19.12 16.68 9.60
0110000000000000011 1659 622522166733445 110000000000000111 622522166733435 19.12 16.68 9.60
0110000000000000011 1659 622522166733445 111000000000000001 622522166733455 19.12 14.59 9.60
0110000000000000011 1659 622522166733445 111000000000000000 622522166733465 19.12 12.51 6.90
0110000000000000011 1659 622522166733445 111000000000000000 622522166733475 19.12 12.51 6.90
0110000000000000011 1659 622522166733445 111111111000000000 622522166733440 19.12 12.51 9.60
0110000000000000011 1659 622522166733445 111110000000000000 622522166733441 19.12 12.51 6.90
0110000000000000011 1659 622522166733445 111100000000000000 622522166733442 19.12 12.51 6.90
0110000000000000011 1659 622522166733445 111000000000000001 622522166733443 19.12 14.59 9.60
0110000000000000011 1659 622522166733445 111000000000000001 622522166733444 19.12 14.59 9.60
0110000000000000011 1659 622522166733445 110000000000000111 622522166733446 19.12 16.68 9.60
0110000000000000011 1659 622522166733445 110000000000000111 622522166733447 19.12 16.68 9.60
0110000000000000011 2167 737510113606327 111000000000000111 037510113606327 19.12 16.68 12.20
0110000000000000011 2167 737510113606327 110000000000000011 137510113606327 19.12 16.68 9.60
0110000000000000011 2167 737510113606327 110000000000000011 237510113606327 19.12 16.68 9.60
0110000000000000011 2167 737510113606327 110000000000000011 337510113606327 19.12 16.68 9.60
0110000000000000011 2167 737510113606327 110000000000000011 437510113606327 19.12 16.68 9.60
0110000000000000011 2167 737510113606327 110000000000000011 537510113606327 19.12 16.68 9.60
0110000000000000011 2167 737510113606327 110000000000000011 637510113606327 19.12 16.68 9.60
0110000000000000011 2167 737510113606327 100000000000000111 707510113606327 19.12 14.59 4.30
0110000000000000011 2167 737510113606327 110000000000000011 717510113606327 19.12 16.68 9.60
0110000000000000011 2167 737510113606327 110000000000000011 727510113606327 19.12 16.68 9.60
0110000000000000011 2167 737510113606327 110000000000000011 747510113606327 19.12 16.68 9.60
0110000000000000011 2167 737510113606327 111000000000000011 757510113606327 19.12 16.68 9.60
0110000000000000011 2167 737510113606327 111000000000000011 767510113606327 19.12 16.68 9.60
0110000000000000011 2167 737510113606327 111000000000000011 777510113606327 19.12 16.68 9.60
0110000000000000011 2167 737510113606327 110000000000000000 730510113606327 19.12 12.51 6.90
0110000000000000011 2167 737510113606327 110000000000000000 731510113606327 19.12 12.51 6.90
0110000000000000011 2167 737510113606327 110000000000000001 732510113606327 19.12 14.59 9.60
0110000000000000011 2167 737510113606327 110000000000000011 733510113606327 19.12 16.68 9.60
0110000000000000011 2167 737510113606327 110000000000000011 734510113606327 19.12 16.68 9.60
0110000000000000011 2167 737510113606327 110000000000000011 735510113606327 19.12 16.68 9.60
0110000000000000011 2167 737510113606327 110000000000000011 736510113606327 19.12 16.68 9.60
0110000000000000011 2167 737510113606327 111100000000000001 737010113606327 19.12 14.59 9.60
0110000000000000011 2167 737510113606327 111000000000000001 737110113606327 19.12 14.59 9.60
0110000000000000011 2167 737510113606327 111000000000000011 737210113606327 19.12 16.68 9.60
0110000000000000011 2167 737510113606327 111000000000000011 737310113606327 19.12 16.68 9.60
0110000000000000011 2167 737510113606327 110000000000000011 737410113606327 19.12 16.68 9.60
0110000000000000011 2167 737510113606327 110000000000000011 737610113606327 19.12 16.68 9.60
0110000000000000011 2167 737510113606327 110000000000000011 737710113606327 19.12 16.68 9.60
0110000000000000011 2167 737510113606327 110000000000000011 737500113606327 19.12 16.68 9.60
0110000000000000011 2167 737510113606327 110000000000000011 737520113606327 19.12 16.68 9.60
0110000000000000011 2167 737510113606327 110000000000000011 737530113606327 19.12 16.68 9.60
0110000000000000011 2167 737510113606327 110000000000000011 737540113606327 19.12 16.68 9.60
0110000000000000011 2167 737510113606327 110000000000000011 737550113606327 19.12 16.68 9.60
0110000000000000011 2167 737510113606327 110000000000000011 737560113606327 19.12 16.68 9.60
0110000000000000011 2167 737510113606327 110000000000000011 737570113606327 19.12 16.68 9.60
0110000000000000011 2167 737510113606327 110000000000000011 737511113606327 19.12 16.68 9.60
0110000000000000011 2167 737510113606327 110000000000000011 737512113606327 19.12 16.68 9.60
0110000000000000011 2167 737510113606327 110000000000000011 737513113606327 19.12 16.68 9.60
0110000000000000011 2167 737510113606327 110000000000000011 737514113606327 19.12 16.68 9.60
0110000000000000011 2167 737510113606327 110000000000000011 737515113606327 19.12 16.68 9.60
0110000000000000011 2167 737510113606327 110000000000000011 737516113606327 19.12 16.68 9.60
0110000000000000011 2167 737510113606327 110000000000000011 737517113606327 19.12 16.68 9.60
0110000000000000011 2167 737510113606327 110000000000000011 737510013606327 19.12 16.68 9.60
0110000000000000011 2167 737510113606327 111000000000000011 737510213606327 19.12 16.68 9.60
0110000000000000011 2167 737510113606327 111000000000000001 737510313606327 19.12 14.59 9.60
0110000000000000011 2167 737510113606327 111000000000000001 737510413606327 19.12 14.59 9.60
0110000000000000011 2167 737510113606327 111100000000000000 737510513606327 19.12 12.51 6.90
0110000000000000011 2167 737510113606327 111100000000000000 737510613606327 19.12 12.51 6.90
0110000000000000011 2167 737510113606327 111100000000000000 737510713606327 19.12 12.51 6.90
0110000000000000011 2167 737510113606327 110000000000000011 737510103606327 19.12 16.68 9.60
0110000000000000011 2167 737510113606327 110000000000000011 737510123606327 19.12 16.68 9.60
0110000000000000011 2167 737510113606327 110000000000000011 737510133606327 19.12 16.68 9.60
0110000000000000011 2167 737510113606327 110000000000000011 737510143606327 19.12 16.68 9.60
0110000000000000011 2167 737510113606327 110000000000000011 737510153606327 19.12 16.68 9.60
0110000000000000011 2167 737510113606327 110000000000000011 737510163606327 19.12 16.68 9.60
0110000000000000011 2167 737510113606327 110000000000000011 737510173606327 19.12 16.68 9.60
0110000000000000011 2167 737510113606327 111110000000000001 737510110606327 19.12 14.59 12.20
0110000000000000011 2167 737510113606327 111000000000000001 737510111606327 19.12 14.59 9.60
0110000000000000011 2167 737510113606327 111000000000000011 737510112606327 19.12 16.68 9.60
0110000000000000011 2167 737510113606327 110000000000000011 737510114606327 19.12 16.68 9.60
0110000000000000011 2167 737510113606327 110000000000000011 737510115606327 19.12 16.68 9.60
0110000000000000011 2167 737510113606327 110000000000000111 737510116606327 19.12 16.68 9.60
0110000000000000011 2167 737510113606327 110000000000000111 737510117606327 19.12 16.68 9.60
0110000000000000011 2167 737510113606327 111111000000000000 737510113006327 19.12 12.51 9.60
0110000000000000011 2167 737510113606327 111100000000000000 737510113106327 19.12 12.51 6.90
0110000000000000011 2167 737510113606327 111000000000000001 737510113206327 19.12 14.59 9.60
0110000000000000011 2167 737510113606327 111000000000000011 737510113306327 19.12 16.68 9.60
0110000000000000011 2167 737510113606327 111000000000000011 737510113406327 19.12 16.68 9.60
0110000000000000011 2167 737510113606327 110000000000000011 737510113506327 19.12 16.68 9.60
0110000000000000011 2167 737510113606327 110000000000000011 737510113706327 19.12 16.68 9.60
0110000000000000011 2167 737510113606327 110000000000001111 737510113616327 19.12 16.68 9.60
0110000000000000011 2167 737510113606327 110000000000011111 737510113626327 19.12 16.68 9.60
0110000000000000011 2167 737510113606327 110000000000111111 737510113636327 19.12 16.68 12.20
0110000000000000011 2167 737510113606327 111000000000111111 737510113646327 19.12 16.68 9.60
0110000000000000011 2167 737510113606327 111000000000111111 737510113656327 19.12 16.68 9.60
0110000000000000011 2167 737510113606327 111000000000111111 737510113666327 19.12 16.68 9.60
0110000000000000011 2167 737510113606327 111000000001111111 737510113676327 19.12 16.68 12.20
0110000000000000011 2167 737510113606327 111100000000000000 737510113600327 19.12 12.51 6.90
0110000000000000011 2167 737510113606327 111100000000000000 737510113601327 19.12 12.51 6.90
0110000000000000011 2167 737510113606327 111000000000000000 737510113602327 19.12 12.51 6.90
0110000000000000011 2167 737510113606327 111000000000000000 737510113603327 19.12 12.51 6.90
0110000000000000011 2167 737510113606327 111000000000000000 737510113604327 19.12 12.51 6.90
0110000000000000011 2167 737510113606327 110000000000000001 737510113605327 19.12 14.59 9.60
0110000000000000011 2167 737510113606327 110000000000000111 737510113607327 19.12 16.68 9.60
0110000000000000011 2167 737510113606327 110000000000000000 737510113606027 19.12 12.51 6.90
0110000000000000011 2167 737510113606327 110000000000000000 737510113606127 19.12 12.51 6.90
0110000000000000011 2167 737510113606327 110000000000000000 737510113606227 19.12 12.51 6.90
0110000000000000011 2167 737510113606327 110000000000000111 737510113606427 19.12 16.68 9.60
0110000000000000011 2167 737510113606327 110000000000001111 737510113606527 19.12 16.68 9.60
0110000000000000011 2167 737510113606327 110000000000001111 737510113606627 19.12 16.68 9.60
0110000000000000011 2167 737510113606327 110000000000011111 737510113606727 19.12 16.68 9.60
0110000000000000011 2167 737510113606327 110000000000000000 737510113606307 19.12 12.51 6.90
0110000000000000011 2167 737510113606327 110000000000000011 737510113606317 19.12 16.68 9.60
0110000000000000011 2167 737510113606327 110000000000000011 737510113606337 19.12 16.68 9.60
0110000000000000011 2167 737510113606327 111000000000000011 737510113606347 19.12 16.68 9.60
0110000000000000011 2167 737510113606327 111000000000000011 737510113606357 19.12 16.68 9.60
0110000000000000011 2167 737510113606327 111000000000000001 737510113606367 19.12 14.59 9.60
0110000000000000011 2167 737510113606327 111000000000000001 737510113606377 19.12 14.59 9.60
0110000000000000011 2167 737510113606327 111111000000000000 737510113606320 19.12 12.51 9.60
0110000000000000011 2167 737510113606327 111110000000000001 737510113606321 19.12 14.59 12.20
0110000000000000011 2167 737510113606327 111100000000000001 737510113606322 19.12 14.59 9.60
0110000000000000011 2167 737510113606327 111000000000000001 737510113606323 19.12 14.59 9.60
0110000000000000011 2167 737510113606327 111000000000000011 737510113606324 19.12 16.68 9.60
0110000000000000011 2167 737510113606327 111000000000000011 737510113606325 19.12 16.68 9.60
0110000000000000011 2167 737510113606327 110000000000000011 737510113606326 19.12 16.68 9.60
0110000000000000011 2492 517772446714617 110000000000000111 017772446714617 19.12 16.68 9.60
0110000000000000011 2492 517772446714617 110000000000000011 117772446714617 19.12 16.68 9.60
0110000000000000011 2492 517772446714617 110000000000000011 217772446714617 19.12 16.68 9.60
0110000000000000011 2492 517772446714617 110000000000000011 317772446714617 19.12 16.68 9.60
0110000000000000011 2492 517772446714617 110000000000000011 417772446714617 19.12 16.68 9.60
0110000000000000011 2492 517772446714617 110000000000000011 617772446714617 19.12 16.68 9.60
0110000000000000011 2492 517772446714617 110000000000000011 717772446714617 19.12 16.68 9.60
0110000000000000011 2492 517772446714617 100000000000000111 507772446714617 19.12 14.59 4.30
0110000000000000011 2492 517772446714617 110000000000000011 527772446714617 19.12 16.68 9.60
0110000000000000011 2492 517772446714617 110000000000000011 537772446714617 19.12 16.68 9.60
0110000000000000011 2492 517772446714617 110000000000000001 547772446714617 19.12 14.59 9.60
0110000000000000011 2492 517772446714617 110000000000000001 557772446714617 19.12 14.59 9.60
0110000000000000011 2492 517772446714617 110000000000000001 567772446714617 19.12 14.59 9.60
0110000000000000011 2492 517772446714617 110000000000000001 577772446714617 19.12 14.59 9.60
0110000000000000011 2492 517772446714617 111111111111111111 510772446714617 19.12 4.17 4.30
0110000000000000011 2492 517772446714617 100000000000111111 511772446714617 19.12 14.59 9.60
0110000000000000011 2492 517772446714617 100000000000011111 512772446714617 19.12 14.59 9.60
0110000000000000011 2492 517772446714617 100000000000001111 513772446714617 19.12 14.59 9.60
0110000000000000011 2492 517772446714617 100000000000000111 514772446714617 19.12 14.59 4.30
0110000000000000011 2492 517772446714617 110000000000000011 515772446714617 19.12 16.68 9.60
0110000000000000011 2492 517772446714617 110000000000000011 516772446714617 19.12 16.68 9.60
0110000000000000011 2492 517772446714617 111000000000000000 517072446714617 19.12 12.51 6.90
0110000000000000011 2492 517772446714617 110000000000000001 517172446714617 19.12 14.59 9.60
0110000000000000011 2492 517772446714617 110000000000000001 517272446714617 19.12 14.59 9.60
0110000000000000011 2492 517772446714617 110000000000000011 517372446714617 19.12 16.68 9.60
0110000000000000011 2492 517772446714617 110000000000000011 517472446714617 19.12 16.68 9.60
0110000000000000011 2492 517772446714617 110000000000000011 517572446714617 19.12 16.68 9.60
0110000000000000011 2492 517772446714617 110000000000000011 517672446714617 19.12 16.68 9.60
0110000000000000011 2492 517772446714617 110000000000001111 517702446714617 19.12 16.68 9.60
0110000000000000011 2492 517772446714617 110000000000001111 517712446714617 19.12 16.68 9.60
0110000000000000011 2492 517772446714617 110000000000000111 517722446714617 19.12 16.68 9.60
0110000000000000011 2492 517772446714617 110000000000000111 517732446714617 19.12 16.68 9.60
0110000000000000011 2492 517772446714617 110000000000000111 517742446714617 19.12 16.68 9.60
0110000000000000011 2492 517772446714617 110000000000000011 517752446714617 19.12 16.68 9.60
0110000000000000011 2492 517772446714617 110000000000000011 517762446714617 19.12 16.68 9.60
0110000000000000011 2492 517772446714617 110000000000000001 517770446714617 19.12 14.59 9.60
0110000000000000011 2492 517772446714617 110000000000000011 517771446714617 19.12 16.68 9.60
0110000000000000011 2492 517772446714617 110000000000000011 517773446714617 19.12 16.68 9.60
0110000000000000011 2492 517772446714617 110000000000000111 517774446714617 19.12 16.68 9.60
0110000000000000011 2492 517772446714617 110000000000000111 517775446714617 19.12 16.68 9.60
0110000000000000011 2492 517772446714617 110000000000000111 517776446714617 19.12 16.68 9.60
0110000000000000011 2492 517772446714617 110000000000000111 517777446714617 19.12 16.68 9.60
0110000000000000011 2492 517772446714617 111111111111111111 517772046714617 19.12 4.17 4.30
0110000000000000011 2492 517772446714617 100000000000111111 517772146714617 19.12 14.59 9.60
0110000000000000011 2492 517772446714617 100000000000001111 517772246714617 19.12 14.59 9.60
0110000000000000011 2492 517772446714617 100000000000000111 517772346714617 19.12 14.59 4.30
0110000000000000011 2492 517772446714617 110000000000000001 517772546714617 19.12 14.59 9.60
0110000000000000011 2492 517772446714617 110000000000000001 517772646714617 19.12 14.59 9.60
0110000000000000011 2492 517772446714617 110000000000000000 517772746714617 19.12 12.51 6.90
0110000000000000011 2492 517772446714617 110000000000000011 517772406714617 19.12 16.68 9.60
0110000000000000011 2492 517772446714617 110000000000000011 517772416714617 19.12 16.68 9.60
0110000000000000011 2492 517772446714617 110000000000000011 517772426714617 19.12 16.68 9.60
0110000000000000011 2492 517772446714617 110000000000000011 517772436714617 19.12 16.68 9.60
0110000000000000011 2492 517772446714617 110000000000000011 517772456714617 19.12 16.68 9.60
0110000000000000011 2492 517772446714617 110000000000000011 517772466714617 19.12 16.68 9.60
0110000000000000011 2492 517772446714617 110000000000000011 517772476714617 19.12 16.68 9.60
0110000000000000011 2492 517772446714617 111111000000000000 517772440714617 19.12 12.51 9.60
0110000000000000011 2492 517772446714617 111100000000000000 517772441714617 19.12 12.51 6.90
0110000000000000011 2492 517772446714617 111000000000000000 517772442714617 19.12 12.51 6.90
0110000000000000011 2492 517772446714617 111000000000000001 517772443714617 19.12 14.59 9.60
0110000000000000011 2492 517772446714617 110000000000000001 517772444714617 19.12 14.59 9.60
0110000000000000011 2492 517772446714617 110000000000000011 517772445714617 19.12 16.68 9.60
0110000000000000011 2492 517772446714617 110000000000000011 517772447714617 19.12 16.68 9.60
0110000000000000011 2492 517772446714617 111111100000000000 517772446014617 19.12 12.51 9.60
0110000000000000011 2492 517772446714617 111110000000000000 517772446114617 19.12 12.51 6.90
0110000000000000011 2492 517772446714617 111100000000000000 517772446214617 19.12 12.51 6.90
0110000000000000011 2492 517772446714617 111000000000000000 517772446314617 19.12 12.51 6.90
0110000000000000011 2492 517772446714617 110000000000000001 517772446414617 19.12 14.59 9.60
0110000000000000011 2492 517772446714617 110000000000000001 517772446514617 19.12 14.59 9.60
0110000000000000011 2492 517772446714617 110000000000000011 517772446614617 19.12 16.68 9.60
0110000000000000011 2492 517772446714617 110000000000000000 517772446704617 19.12 12.51 6.90
0110000000000000011 2492 517772446714617 110000000000000111 517772446724617 19.12 16.68 9.60
0110000000000000011 2492 517772446714617 110000000000001111 517772446734617 19.12 16.68 9.60
0110000000000000011 2492 517772446714617 110000000000001111 517772446744617 19.12 16.68 9.60
0110000000000000011 2492 517772446714617 110000000000001111 517772446754617 19.12 16.68 9.60
0110000000000000011 2492 517772446714617 110000000000001111 517772446764617 19.12 16.68 9.60
0110000000000000011 2492 517772446714617 110000000000011111 517772446774617 19.12 16.68 9.60
0110000000000000011 2492 517772446714617 111000000000000000 517772446710617 19.12 12.51 6.90
0110000000000000011 2492 517772446714617 110000000000000000 517772446711617 19.12 12.51 6.90
0110000000000000011 2492 517772446714617 110000000000000000 517772446712617 19.12 12.51 6.90
0110000000000000011 2492 517772446714617 110000000000000000 517772446713617 19.12 12.51 6.90
0110000000000000011 2492 517772446714617 110000000000001111 517772446715617 19.12 16.68 9.60
0110000000000000011 2492 517772446714617 100000000000111111 517772446716617 19.12 14.59 9.60
0110000000000000011 2492 517772446714617 100000000001111111 517772446717617 19.12 14.59 9.60
0110000000000000011 2492 517772446714617 110000000000000000 517772446714017 19.12 12.51 6.90
0110000000000000011 2492 517772446714617 110000000000000000 517772446714117 19.12 12.51 6.90
0110000000000000011 2492 517772446714617 110000000000000000 517772446714217 19.12 12.51 6.90
0110000000000000011 2492 517772446714617 110000000000000001 517772446714317 19.12 14.59 9.60
0110000000000000011 2492 517772446714617 110000000000000001 517772446714417 19.12 14.59 9.60
0110000000000000011 2492 517772446714617 110000000000000011 517772446714517 19.12 16.68 9.60
0110000000000000011 2492 517772446714617 110000000000000011 517772446714717 19.12 16.68 9.60
0110000000000000011 2492 517772446714617 100000000000011111 517772446714607 19.12 14.59 9.60
0110000000000000011 2492 517772446714617 110000000000000001 517772446714627 19.12 14.59 9.60
0110000000000000011 2492 517772446714617 111000000000000000 517772446714637 19.12 12.51 6.90
0110000000000000011 2492 517772446714617 111000000000000000 517772446714647 19.12 12.51 6.90
0110000000000000011 2492 517772446714617 111100000000000000 517772446714657 19.12 12.51 6.90
0110000000000000011 2492 517772446714617 111100000000000000 517772446714667 19.12 12.51 6.90
0110000000000000011 2492 517772446714617 111100000000000000 517772446714677 19.12 12.51 6.90
0110000000000000011 2492 517772446714617 111111100000000000 517772446714610 19.12 12.51 9.60
0110000000000000011 2492 517772446714617 111100000000000000 517772446714611 19.12 12.51 6.90
0110000000000000011 2492 517772446714617 111000000000000000 517772446714612 19.12 12.51 6.90
0110000000000000011 2492 517772446714617 111000000000000001 517772446714613 19.12 14.59 9.60
0110000000000000011 2492 517772446714617 110000000000000001 517772446714614 19.12 14.59 9.60
0110000000000000011 2492 517772446714617 110000000000000001 517772446714615 19.12 14.59 9.60
0110000000000000011 2492 517772446714617 110000000000000011 517772446714616 19.12 16.68 9.60
0110000000000000011 3677 027653026725023 110000000000000011 127653026725023 19.12 16.68 9.60
0110000000000000011 3677 027653026725023 110000000000000001 227653026725023 19.12 14.59 9.60
0110000000000000011 3677 027653026725023 110000000000000001 327653026725023 19.12 14.59 9.60
0110000000000000011 3677 027653026725023 110000000000000001 427653026725023 19.12 14.59 9.60
0110000000000000011 3677 027653026725023 110000000000000001 527653026725023 19.12 14.59 9.60
0110000000000000011 3677 027653026725023 110000000000000000 627653026725023 19.12 12.51 6.90
0110000000000000011 3677 027653026725023 110000000000000000 727653026725023 19.12 12.51 6.90
0110000000000000011 3677 027653026725023 110000000000000011 007653026725023 19.12 16.68 9.60
0110000000000000011 3677 027653026725023 110000000000000011 017653026725023 19.12 16.68 9.60
0110000000000000011 3677 027653026725023 110000000000000011 037653026725023 19.12 16.68 9.60
0110000000000000011 3677 027653026725023 110000000000000011 047653026725023 19.12 16.68 9.60
0110000000000000011 3677 027653026725023 110000000000000011 057653026725023 19.12 16.68 9.60
0110000000000000011 3677 027653026725023 111000000000000001 067653026725023 19.12 14.59 9.60
0110000000000000011 3677 027653026725023 111000000000000001 077653026725023 19.12 14.59 9.60
0110000000000000011 3677 027653026725023 110000000000000000 020653026725023 19.12 12.51 6.90
0110000000000000011 3677 027653026725023 110000000000000001 021653026725023 19.12 14.59 9.60
0110000000000000011 3677 027653026725023 110000000000000001 022653026725023 19.12 14.59 9.60
0110000000000000011 3677 027653026725023 110000000000000011 023653026725023 19.12 16.68 9.60
0110000000000000011 3677 027653026725023 110000000000000011 024653026725023 19.12 16.68 9.60
0110000000000000011 3677 027653026725023 110000000000000011 025653026725023 19.12 16.68 9.60
0110000000000000011 3677 027653026725023 110000000000000011 026653026725023 19.12 16.68 9.60
0110000000000000011 3677 027653026725023 111100000000000001 027053026725023 19.12 14.59 9.60
0110000000000000011 3677 027653026725023 111000000000000001 027153026725023 19.12 14.59 9.60
0110000000000000011 3677 027653026725023 111000000000000001 027253026725023 19.12 14.59 9.60
0110000000000000011 3677 027653026725023 110000000000000011 027353026725023 19.12 16.68 9.60
0110000000000000011 3677 027653026725023 110000000000000011 027453026725023 19.12 16.68 9.60
0110000000000000011 3677 027653026725023 110000000000000011 027553026725023 19.12 16.68 9.60
0110000000000000011 3677 027653026725023 110000000000000011 027753026725023 19.12 16.68 9.60
0110000000000000011 3677 027653026725023 110000000000000000 027603026725023 19.12 12.51 6.90
0110000000000000011 3677 027653026725023 110000000000000001 027613026725023 19.12 14.59 9.60
0110000000000000011 3677 027653026725023 110000000000000011 027623026725023 19.12 16.68 9.60
0110000000000000011 3677 027653026725023 110000000000000011 027633026725023 19.12 16.68 9.60
0110000000000000011 3677 027653026725023 110000000000000011 027643026725023 19.12 16.68 9.60
0110000000000000011 3677 027653026725023 110000000000000011 027663026725023 19.12 16.68 9.60
0110000000000000011 3677 027653026725023 110000000000000011 027673026725023 19.12 16.68 9.60
0110000000000000011 3677 027653026725023 110000000000000011 027650026725023 19.12 16.68 9.60
0110000000000000011 3677 027653026725023 110000000000000011 027651026725023 19.12 16.68 9.60
0110000000000000011 3677 027653026725023 110000000000000011 027652026725023 19.12 16.68 9.60
0110000000000000011 3677 027653026725023 110000000000000011 027654026725023 19.12 16.68 9.60
0110000000000000011 3677 027653026725023 110000000000000001 027655026725023 19.12 14.59 9.60
0110000000000000011 3677 027653026725023 110000000000000001 027656026725023 19.12 14.59 9.60
0110000000000000011 3677 027653026725023 111000000000000001 027657026725023 19.12 14.59 9.60
0110000000000000011 3677 027653026725023 111000000000000011 027653126725023 19.12 16.68 9.60
0110000000000000011 3677 027653026725023 111000000000000001 027653226725023 19.12 14.59 9.60
0110000000000000011 3677 027653026725023 111000000000000001 027653326725023 19.12 14.59 9.60
0110000000000000011 3677 027653026725023 111100000000000000 027653426725023 19.12 12.51 6.90
0110000000000000011 3677 027653026725023 111100000000000000 027653526725023 19.12 12.51 6.90
0110000000000000011 3677 027653026725023 111110000000000000 027653626725023 19.12 12.51 6.90
0110000000000000011 3677 027653026725023 111110000000000000 027653726725023 19.12 12.51 6.90
0110000000000000011 3677 027653026725023 110000000000000011 027653006725023 19.12 16.68 9.60
0110000000000000011 3677 027653026725023 110000000000000011 027653016725023 19.12 16.68 9.60
0110000000000000011 3677 027653026725023 110000000000000011 027653036725023 19.12 16.68 9.60
0110000000000000011 3677 027653026725023 110000000000000011 027653046725023 19.12 16.68 9.60
0110000000000000011 3677 027653026725023 110000000000000011 027653056725023 19.12 16.68 9.60
0110000000000000011 3677 027653026725023 110000000000000011 027653066725023 19.12 16.68 9.60
0110000000000000011 3677 027653026725023 110000000000000011 027653076725023 19.12 16.68 9.60
0110000000000000011 3677 027653026725023 111111000000000000 027653020725023 19.12 12.51 9.60
0110000000000000011 3677 027653026725023 111100000000000000 027653021725023 19.12 12.51 6.90
0110000000000000011 3677 027653026725023 111000000000000001 027653022725023 19.12 14.59 9.60
0110000000000000011 3677 027653026725023 111000000000000001 027653023725023 19.12 14.59 9.60
0110000000000000011 3677 027653026725023 110000000000000011 027653024725023 19.12 16.68 9.60
0110000000000000011 3677 027653026725023 110000000000000011 027653025725023 19.12 16.68 9.60
0110000000000000011 3677 027653026725023 110000000000000011 027653027725023 19.12 16.68 9.60
0110000000000000011 3677 027653026725023 111111000000000000 027653026025023 19.12 12.51 9.60
0110000000000000011 3677 027653026725023 111100000000000000 027653026125023 19.12 12.51 6.90
0110000000000000011 3677 027653026725023 111000000000000001 027653026225023 19.12 14.59 9.60
0110000000000000011 3677 027653026725023 111000000000000001 027653026325023 19.12 14.59 9.60
0110000000000000011 3677 027653026725023 110000000000000011 027653026425023 19.12 16.68 9.60
0110000000000000011 3677 027653026725023 110000000000000011 027653026525023 19.12 16.68 9.60
0110000000000000011 3677 027653026725023 110000000000000011 027653026625023 19.12 16.68 9.60
0110000000000000011 3677 027653026725023 110000000000000000 027653026705023 19.12 12.51 6.90
0110000000000000011 3677 027653026725023 110000000000000000 027653026715023 19.12 12.51 6.90
0110000000000000011 3677 027653026725023 110000000000000111 027653026735023 19.12 16.68 9.60
0110000000000000011 3677 027653026725023 110000000000001111 027653026745023 19.12 16.68 9.60
0110000000000000011 3677 027653026725023 110000000000011111 027653026755023 19.12 16.68 9.60
0110000000000000011 3677 027653026725023 110000000000011111 027653026765023 19.12 16.68 9.60
0110000000000000011 3677 027653026725023 110000000000111111 027653026775023 19.12 16.68 12.20
0110000000000000011 3677 027653026725023 111111111111111111 027653026720023 19.12 4.17 4.30
0110000000000000011 3677 027653026725023 111000000000000000 027653026721023 19.12 12.51 6.90
0110000000000000011 3677 027653026725023 111000000000000000 027653026722023 19.12 12.51 6.90
0110000000000000011 3677 027653026725023 110000000000000000 027653026723023 19.12 12.51 6.90
0110000000000000011 3677 027653026725023 110000000000000001 027653026724023 19.12 14.59 9.60
0110000000000000011 3677 027653026725023 110000000000000011 027653026726023 19.12 16.68 9.60
0110000000000000011 3677 027653026725023 110000000000000111 027653026727023 19.12 16.68 9.60
0110000000000000011 3677 027653026725023 110000000000001111 027653026725123 19.12 16.68 9.60
0110000000000000011 3677 027653026725023 110000000000011111 027653026725223 19.12 16.68 9.60
0110000000000000011 3677 027653026725023 110000000000111111 027653026725323 19.12 16.68 12.20
0110000000000000011 3677 027653026725023 110000000001111111 027653026725423 19.12 16.68 12.20
0110000000000000011 3677 027653026725023 110000000001111111 027653026725523 19.12 16.68 12.20
0110000000000000011 3677 027653026725023 110000000011111111 027653026725623 19.12 16.68 12.20
0110000000000000011 3677 027653026725023 110000000011111111 027653026725723 19.12 16.68 12.20
0110000000000000011 3677 027653026725023 110000000000000001 027653026725003 19.12 14.59 9.60
0110000000000000011 3677 027653026725023 110000000000000011 027653026725013 19.12 16.68 9.60
0110000000000000011 3677 027653026725023 110000000000000011 027653026725033 19.12 16.68 9.60
0110000000000000011 3677 027653026725023 110000000000000011 027653026725043 19.12 16.68 9.60
0110000000000000011 3677 027653026725023 111000000000000011 027653026725053 19.12 16.68 9.60
0110000000000000011 3677 027653026725023 111000000000000011 027653026725063 19.12 16.68 9.60
0110000000000000011 3677 027653026725023 111000000000000001 027653026725073 19.12 14.59 9.60
0110000000000000011 3677 027653026725023 111100000000000000 027653026725020 19.12 12.51 6.90
0110000000000000011 3677 027653026725023 111000000000000001 027653026725021 19.12 14.59 9.60
0110000000000000011 3677 027653026725023 110000000000000011 027653026725022 19.12 16.68 9.60
0110000000000000011 3677 027653026725023 110000000000000011 027653026725024 19.12 16.68 9.60
0110000000000000011 3677 027653026725023 110000000000000011 027653026725025 19.12 16.68 9.60
0110000000000000011 3677 027653026725023 110000000000000011 027653026725026 19.12 16.68 9.60
0110000000000000011 3677 027653026725023 100000000000000011 027653026725027 19.12 14.59 9.60
0110000000000000011 3981 506134225234107 111000000000000111 006134225234107 19.12 16.68 12.20
0110000000000000011 3981 506134225234107 111000000000000011 106134225234107 19.12 16.68 9.60
0110000000000000011 3981 506134225234107 110000000000000011 206134225234107 19.12 16.68 9.60
0110000000000000011 3981 506134225234107 110000000000000011 306134225234107 19.12 16.68 9.60
0110000000000000011 3981 506134225234107 110000000000000011 406134225234107 19.12 16.68 9.60
0110000000000000011 3981 506134225234107 110000000000000011 606134225234107 19.12 16.68 9.60
0110000000000000011 3981 506134225234107 110000000000000011 706134225234107 19.12 16.68 9.60
0110000000000000011 3981 506134225234107 111000000000000001 516134225234107 19.12 14.59 9.60
0110000000000000011 3981 506134225234107 111000000000000001 526134225234107 19.12 14.59 9.60
0110000000000000011 3981 506134225234107 111000000000000001 536134225234107 19.12 14.59 9.60
0110000000000000011 3981 506134225234107 111100000000000000 546134225234107 19.12 12.51 6.90
0110000000000000011 3981 506134225234107 111100000000000000 556134225234107 19.12 12.51 6.90
0110000000000000011 3981 506134225234107 111100000000000000 566134225234107 19.12 12.51 6.90
0110000000000000011 3981 506134225234107 111100000000000000 576134225234107 19.12 12.51 6.90
0110000000000000011 3981 506134225234107 111110000000000011 500134225234107 19.12 16.68 12.20
0110000000000000011 3981 506134225234107 110000000000000111 501134225234107 19.12 16.68 9.60
0110000000000000011 3981 506134225234107 110000000000000111 502134225234107 19.12 16.68 9.60
0110000000000000011 3981 506134225234107 110000000000000011 503134225234107 19.12 16.68 9.60
0110000000000000011 3981 506134225234107 110000000000000011 504134225234107 19.12 16.68 9.60
0110000000000000011 3981 506134225234107 110000000000000011 505134225234107 19.12 16.68 9.60
0110000000000000011 3981 506134225234107 110000000000000011 507134225234107 19.12 16.68 9.60
0110000000000000011 3981 506134225234107 111000000000000001 506034225234107 19.12 14.59 9.60
0110000000000000011 3981 506134225234107 110000000000000011 506234225234107 19.12 16.68 9.60
0110000000000000011 3981 506134225234107 110000000000000111 506334225234107 19.12 16.68 9.60
0110000000000000011 3981 506134225234107 110000000000000111 506434225234107 19.12 16.68 9.60
0110000000000000011 3981 506134225234107 110000000000000111 506534225234107 19.12 16.68 9.60
0110000000000000011 3981 506134225234107 110000000000000111 506634225234107 19.12 16.68 9.60
0110000000000000011 3981 506134225234107 110000000000000111 506734225234107 19.12 16.68 9.60
0110000000000000011 3981 506134225234107 110000000000000111 506104225234107 19.12 16.68 9.60
0110000000000000011 3981 506134225234107 110000000000000111 506114225234107 19.12 16.68 9.60
0110000000000000011 3981 506134225234107 110000000000000011 506124225234107 19.12 16.68 9.60
0110000000000000011 3981 506134225234107 110000000000000011 506144225234107 19.12 16.68 9.60
0110000000000000011 3981 506134225234107 110000000000000001 506154225234107 19.12 14.59 9.60
0110000000000000011 3981 506134225234107 110000000000000001 506164225234107 19.12 14.59 9.60
0110000000000000011 3981 506134225234107 110000000000000001 506174225234107 19.12 14.59 9.60
0110000000000000011 3981 506134225234107 111000000000000000 506130225234107 19.12 12.51 6.90
0110000000000000011 3981 506134225234107 110000000000000001 506131225234107 19.12 14.59 9.60
0110000000000000011 3981 506134225234107 110000000000000001 506132225234107 19.12 14.59 9.60
0110000000000000011 3981 506134225234107 110000000000000011 506133225234107 19.12 16.68 9.60
0110000000000000011 3981 506134225234107 110000000000000011 506135225234107 19.12 16.68 9.60
0110000000000000011 3981 506134225234107 110000000000000011 506136225234107 19.12 16.68 9.60
0110000000000000011 3981 506134225234107 110000000000000011 506137225234107 19.12 16.68 9.60
0110000000000000011 3981 506134225234107 111100000000001111 506134025234107 19.12 16.68 12.20
0110000000000000011 3981 506134225234107 110000000000000111 506134125234107 19.12 16.68 9.60
0110000000000000011 3981 506134225234107 111000000000000001 506134325234107 19.12 14.59 9.60
0110000000000000011 3981 506134225234107 111000000000000000 506134425234107 19.12 12.51 6.90
0110000000000000011 3981 506134225234107 111000000000000000 506134525234107 19.12 12.51 6.90
0110000000000000011 3981 506134225234107 111100000000000000 506134625234107 19.12 12.51 6.90
0110000000000000011 3981 506134225234107 111100000000000000 506134725234107 19.12 12.51 6.90
0110000000000000011 3981 506134225234107 110000000000000011 506134205234107 19.12 16.68 9.60
0110000000000000011 3981 506134225234107 110000000000000011 506134215234107 19.12 16.68 9.60
0110000000000000011 3981 506134225234107 110000000000000011 506134235234107 19.12 16.68 9.60
0110000000000000011 3981 506134225234107 110000000000000011 506134245234107 19.12 16.68 9.60
0110000000000000011 3981 506134225234107 110000000000000011 506134255234107 19.12 16.68 9.60
0110000000000000011 3981 506134225234107 110000000000000011 506134265234107 19.12 16.68 9.60
0110000000000000011 3981 506134225234107 110000000000000011 506134275234107 19.12 16.68 9.60
0110000000000000011 3981 506134225234107 111111100000000000 506134220234107 19.12 12.51 9.60
0110000000000000011 3981 506134225234107 111110000000000000 506134221234107 19.12 12.51 6.90
0110000000000000011 3981 506134225234107 111100000000000000 506134222234107 19.12 12.51 6.90
0110000000000000011 3981 506134225234107 111000000000000001 506134223234107 19.12 14.59 9.60
0110000000000000011 3981 506134225234107 111000000000000011 506134224234107 19.12 16.68 9.60
0110000000000000011 3981 506134225234107 110000000000000011 506134226234107 19.12 16.68 9.60
0110000000000000011 3981 506134225234107 110000000000000111 506134227234107 19.12 16.68 9.60
0110000000000000011 3981 506134225234107 111110000000000000 506134225034107 19.12 12.51 6.90
0110000000000000011 3981 506134225234107 111000000000000001 506134225134107 19.12 14.59 9.60
0110000000000000011 3981 506134225234107 110000000000000111 506134225334107 19.12 16.68 9.60
0110000000000000011 3981 506134225234107 110000000000000111 506134225434107 19.12 16.68 9.60
0110000000000000011 3981 506134225234107 110000000000000111 506134225534107 19.12 16.68 9.60
0110000000000000011 3981 506134225234107 110000000000001111 506134225634107 19.12 16.68 9.60
0110000000000000011 3981 506134225234107 110000000000001111 506134225734107 19.12 16.68 9.60
0110000000000000011 3981 506134225234107 110000000000000000 506134225204107 19.12 12.51 6.90
0110000000000000011 3981 506134225234107 110000000000000000 506134225214107 19.12 12.51 6.90
0110000000000000011 3981 506134225234107 110000000000000001 506134225224107 19.12 14.59 9.60
0110000000000000011 3981 506134225234107 110000000000000011 506134225244107 19.12 16.68 9.60
0110000000000000011 3981 506134225234107 110000000000000111 506134225254107 19.12 16.68 9.60
0110000000000000011 3981 506134225234107 111000000000000111 506134225264107 19.12 16.68 12.20
0110000000000000011 3981 506134225234107 111000000000000111 506134225274107 19.12 16.68 12.20
0110000000000000011 3981 506134225234107 111100000000000000 506134225230107 19.12 12.51 6.90
0110000000000000011 3981 506134225234107 111000000000000000 506134225231107 19.12 12.51 6.90
0110000000000000011 3981 506134225234107 111000000000000000 506134225232107 19.12 12.51 6.90
0110000000000000011 3981 506134225234107 111000000000000000 506134225233107 19.12 12.51 6.90
0110000000000000011 3981 506134225234107 110000000000001111 506134225235107 19.12 16.68 9.60
0110000000000000011 3981 506134225234107 110000000000011111 506134225236107 19.12 16.68 9.60
0110000000000000011 3981 506134225234107 110000000000111111 506134225237107 19.12 16.68 12.20
0110000000000000011 3981 506134225234107 110000000000000000 506134225234007 19.12 12.51 6.90
0110000000000000011 3981 506134225234107 110000000000000111 506134225234207 19.12 16.68 9.60
0110000000000000011 3981 506134225234107 110000000000001111 506134225234307 19.12 16.68 9.60
0110000000000000011 3981 506134225234107 110000000000001111 506134225234407 19.12 16.68 9.60
0110000000000000011 3981 506134225234107 110000000000011111 506134225234507 19.12 16.68 9.60
0110000000000000011 3981 506134225234107 110000000000011111 506134225234607 19.12 16.68 9.60
0110000000000000011 3981 506134225234107 110000000000011111 506134225234707 19.12 16.68 9.60
0110000000000000011 3981 506134225234107 111000000000000000 506134225234117 19.12 12.51 6.90
0110000000000000011 3981 506134225234107 111100000000000000 506134225234127 19.12 12.51 6.90
0110000000000000011 3981 506134225234107 111110000000000000 506134225234137 19.12 12.51 6.90
0110000000000000011 3981 506134225234107 111111000000000000 506134225234147 19.12 12.51 9.60
0110000000000000011 3981 506134225234107 111111100000000000 506134225234157 19.12 12.51 9.60
0110000000000000011 3981 506134225234107 111111100000000000 506134225234167 19.12 12.51 9.60
0110000000000000011 3981 506134225234107 111111110000000000 506134225234177 19.12 12.51 9.60
0110000000000000011 3981 506134225234107 111111110000000000 506134225234100 19.12 12.51 9.60
0110000000000000011 3981 506134225234107 111110000000000000 506134225234101 19.12 12.51 6.90
0110000000000000011 3981 506134225234107 111100000000000000 506134225234102 19.12 12.51 6.90
0110000000000000011 3981 506134225234107 111100000000000000 506134225234103 19.12 12.51 6.90
0110000000000000011 3981 506134225234107 111000000000000001 506134225234104 19.12 14.59 9.60
0110000000000000011 3981 506134225234107 111000000000000001 506134225234105 19.12 14.59 9.60
0110000000000000011 3981 506134225234107 111000000000000011 506134225234106 19.12 16.68 9.60
0110000000000000011 7149 260640063724257 111000000000000001 060640063724257 19.12 14.59 9.60
0110000000000000011 7149 260640063724257 111000000000000011 160640063724257 19.12 16.68 9.60
0110000000000000011 7149 260640063724257 110000000000000011 360640063724257 19.12 16.68 9.60
0110000000000000011 7149 260640063724257 110000000000000001 460640063724257 19.12 14.59 9.60
0110000000000000011 7149 260640063724257 111000000000000000 560640063724257 19.12 12.51 6.90
0110000000000000011 7149 260640063724257 111000000000000000 660640063724257 19.12 12.51 6.90
0110000000000000011 7149 260640063724257 111000000000000000 760640063724257 19.12 12.51 6.90
0110000000000000011 7149 260640063724257 111110000000011111 200640063724257 19.12 16.68 12.20
0110000000000000011 7149 260640063724257 110000000000001111 210640063724257 19.12 16.68 9.60
0110000000000000011 7149 260640063724257 110000000000000111 220640063724257 19.12 16.68 9.60
0110000000000000011 7149 260640063724257 110000000000000111 230640063724257 19.12 16.68 9.60
0110000000000000011 7149 260640063724257 110000000000000111 240640063724257 19.12 16.68 9.60
0110000000000000011 7149 260640063724257 110000000000000011 250640063724257 19.12 16.68 9.60
0110000000000000011 7149 260640063724257 111000000000000011 270640063724257 19.12 16.68 9.60
0110000000000000011 7149 260640063724257 111000000000000001 261640063724257 19.12 14.59 9.60
0110000000000000011 7149 260640063724257 111000000000000001 262640063724257 19.12 14.59 9.60
0110000000000000011 7149 260640063724257 111000000000000001 263640063724257 19.12 14.59 9.60
0110000000000000011 7149 260640063724257 111000000000000001 264640063724257 19.12 14.59 9.60
0110000000000000011 7149 260640063724257 111000000000000001 265640063724257 19.12 14.59 9.60
0110000000000000011 7149 260640063724257 111000000000000001 266640063724257 19.12 14.59 9.60
0110000000000000011 7149 260640063724257 111000000000000001 267640063724257 19.12 14.59 9.60
0110000000000000011 7149 260640063724257 111111000000000000 260040063724257 19.12 12.51 9.60
0110000000000000011 7149 260640063724257 111100000000000000 260140063724257 19.12 12.51 6.90
0110000000000000011 7149 260640063724257 111000000000000000 260240063724257 19.12 12.51 6.90
0110000000000000011 7149 260640063724257 111000000000000001 260340063724257 19.12 14.59 9.60
0110000000000000011 7149 260640063724257 111000000000000001 260440063724257 19.12 14.59 9.60
0110000000000000011 7149 260640063724257 111000000000000011 260540063724257 19.12 16.68 9.60
0110000000000000011 7149 260640063724257 110000000000000011 260740063724257 19.12 16.68 9.60
0110000000000000011 7149 260640063724257 111000000000000111 260600063724257 19.12 16.68 12.20
0110000000000000011 7149 260640063724257 111000000000000111 260610063724257 19.12 16.68 12.20
0110000000000000011 7149 260640063724257 110000000000000011 260620063724257 19.12 16.68 9.60
0110000000000000011 7149 260640063724257 110000000000000011 260630063724257 19.12 16.68 9.60
0110000000000000011 7149 260640063724257 110000000000000011 260650063724257 19.12 16.68 9.60
0110000000000000011 7149 260640063724257 110000000000000011 260660063724257 19.12 16.68 9.60
0110000000000000011 7149 260640063724257 110000000000000011 260670063724257 19.12 16.68 9.60
0110000000000000011 7149 260640063724257 111000000000000011 260641063724257 19.12 16.68 9.60
0110000000000000011 7149 260640063724257 111000000000000001 260642063724257 19.12 14.59 9.60
0110000000000000011 7149 260640063724257 111000000000000001 260643063724257 19.12 14.59 9.60
0110000000000000011 7149 260640063724257 111000000000000000 260644063724257 19.12 12.51 6.90
0110000000000000011 7149 260640063724257 111000000000000000 260645063724257 19.12 12.51 6.90
0110000000000000011 7149 260640063724257 111000000000000000 260646063724257 19.12 12.51 6.90
0110000000000000011 7149 260640063724257 111111111111100000 260647063724257 19.12 12.51 9.60
0110000000000000011 7149 260640063724257 111000000000000000 260640163724257 19.12 12.51 6.90
0110000000000000011 7149 260640063724257 111100000000000000 260640263724257 19.12 12.51 6.90
0110000000000000011 7149 260640063724257 111110000000000000 260640363724257 19.12 12.51 6.90
0110000000000000011 7149 260640063724257 111111000000000000 260640463724257 19.12 12.51 9.60
0110000000000000011 7149 260640063724257 111111000000000000 260640563724257 19.12 12.51 9.60
0110000000000000011 7149 260640063724257 111111100000000000 260640663724257 19.12 12.51 9.60
0110000000000000011 7149 260640063724257 111111110000000000 260640763724257 19.12 12.51 9.60
0110000000000000011 7149 260640063724257 110000000000000011 260640003724257 19.12 16.68 9.60
0110000000000000011 7149 260640063724257 110000000000000011 260640013724257 19.12 16.68 9.60
0110000000000000011 7149 260640063724257 110000000000000011 260640023724257 19.12 16.68 9.60
0110000000000000011 7149 260640063724257 110000000000000011 260640033724257 19.12 16.68 9.60
0110000000000000011 7149 260640063724257 110000000000000011 260640043724257 19.12 16.68 9.60
0110000000000000011 7149 260640063724257 110000000000000011 260640053724257 19.12 16.68 9.60
0110000000000000011 7149 260640063724257 110000000000000011 260640073724257 19.12 16.68 9.60
0110000000000000011 7149 260640063724257 111110000000000000 260640060724257 19.12 12.51 6.90
0110000000000000011 7149 260640063724257 111100000000000000 260640061724257 19.12 12.51 6.90
0110000000000000011 7149 260640063724257 111000000000000001 260640062724257 19.12 14.59 9.60
0110000000000000011 7149 260640063724257 110000000000000111 260640064724257 19.12 16.68 9.60
0110000000000000011 7149 260640063724257 110000000000000111 260640065724257 19.12 16.68 9.60
0110000000000000011 7149 260640063724257 110000000000000111 260640066724257 19.12 16.68 9.60
0110000000000000011 7149 260640063724257 110000000000000111 260640067724257 19.12 16.68 9.60
0110000000000000011 7149 260640063724257 111111110000000000 260640063024257 19.12 12.51 9.60
0110000000000000011 7149 260640063724257 111110000000000000 260640063124257 19.12 12.51 6.90
0110000000000000011 7149 260640063724257 111100000000000000 260640063224257 19.12 12.51 6.90
0110000000000000011 7149 260640063724257 111000000000000000 260640063324257 19.12 12.51 6.90
0110000000000000011 7149 260640063724257 111000000000000001 260640063424257 19.12 14.59 9.60
0110000000000000011 7149 260640063724257 111000000000000001 260640063524257 19.12 14.59 9.60
0110000000000000011 7149 260640063724257 111000000000000011 260640063624257 19.12 16.68 9.60
0110000000000000011 7149 260640063724257 110000000000000000 260640063704257 19.12 12.51 6.90
0110000000000000011 7149 260640063724257 110000000000000001 260640063714257 19.12 14.59 9.60
0110000000000000011 7149 260640063724257 110000000000000111 260640063734257 19.12 16.68 9.60
0110000000000000011 7149 260640063724257 111000000000000111 260640063744257 19.12 16.68 12.20
0110000000000000011 7149 260640063724257 111000000000001111 260640063754257 19.12 16.68 9.60
0110000000000000011 7149 260640063724257 111000000000001111 260640063764257 19.12 16.68 9.60
0110000000000000011 7149 260640063724257 111000000000001111 260640063774257 19.12 16.68 9.60
0110000000000000011 7149 260640063724257 111100000000000000 260640063720257 19.12 12.51 6.90
0110000000000000011 7149 260640063724257 111000000000000000 260640063721257 19.12 12.51 6.90
0110000000000000011 7149 260640063724257 111000000000000000 260640063722257 19.12 12.51 6.90
0110000000000000011 7149 260640063724257 111000000000000000 260640063723257 19.12 12.51 6.90
0110000000000000011 7149 260640063724257 110000000000000111 260640063725257 19.12 16.68 9.60
0110000000000000011 7149 260640063724257 110000000000001111 260640063726257 19.12 16.68 9.60
0110000000000000011 7149 260640063724257 110000000000001111 260640063727257 19.12 16.68 9.60
0110000000000000011 7149 260640063724257 110000000000000000 260640063724057 19.12 12.51 6.90
0110000000000000011 7149 260640063724257 110000000000000001 260640063724157 19.12 14.59 9.60
0110000000000000011 7149 260640063724257 110000000000000111 260640063724357 19.12 16.68 9.60
0110000000000000011 7149 260640063724257 110000000000000111 260640063724457 19.12 16.68 9.60
0110000000000000011 7149 260640063724257 110000000000001111 260640063724557 19.12 16.68 9.60
0110000000000000011 7149 260640063724257 110000000000001111 260640063724657 19.12 16.68 9.60
0110000000000000011 7149 260640063724257 110000000000011111 260640063724757 19.12 16.68 9.60
0110000000000000011 7149 260640063724257 111111111110000000 260640063724207 19.12 12.51 9.60
0110000000000000011 7149 260640063724257 111000000000000000 260640063724217 19.12 12.51 6.90
0110000000000000011 7149 260640063724257 111000000000000000 260640063724227 19.12 12.51 6.90
0110000000000000011 7149 260640063724257 110000000000000011 260640063724237 19.12 16.68 9.60
0110000000000000011 7149 260640063724257 110000000000000011 260640063724247 19.12 16.68 9.60
0110000000000000011 7149 260640063724257 110000000000000011 260640063724267 19.12 16.68 9.60
0110000000000000011 7149 260640063724257 111000000000000001 260640063724277 19.12 14.59 9.60
0110000000000000011 7149 260640063724257 111111100000000000 260640063724250 19.12 12.51 9.60
0110000000000000011 7149 260640063724257 111110000000000000 260640063724251 19.12 12.51 6.90
0110000000000000011 7149 260640063724257 111100000000000000 260640063724252 19.12 12.51 6.90
0110000000000000011 7149 260640063724257 111100000000000000 260640063724253 19.12 12.51 6.90
0110000000000000011 7149 260640063724257 111000000000000001 260640063724254 19.12 14.59 9.60
0110000000000000011 7149 260640063724257 111000000000000001 260640063724255 19.12 14.59 9.60
0110000000000000011 7149 260640063724257 111000000000000011 260640063724256 19.12 16.68 9.60
0110000000000000011 9131 165570537725407 110000000000000111 065570537725407 19.12 16.68 9.60
0110000000000000011 9131 165570537725407 110000000000000011 265570537725407 19.12 16.68 9.60
0110000000000000011 9131 165570537725407 110000000000000011 365570537725407 19.12 16.68 9.60
0110000000000000011 9131 165570537725407 110000000000000111 465570537725407 19.12 16.68 9.60
0110000000000000011 9131 165570537725407 110000000000000111 565570537725407 19.12 16.68 9.60
0110000000000000011 9131 165570537725407 110000000000001111 665570537725407 19.12 16.68 9.60
0110000000000000011 9131 165570537725407 110000000000001111 765570537725407 19.12 16.68 9.60
0110000000000000011 9131 165570537725407 100000000000001111 105570537725407 19.12 14.59 9.60
0110000000000000011 9131 165570537725407 110000000000000111 115570537725407 19.12 16.68 9.60
0110000000000000011 9131 165570537725407 110000000000000111 125570537725407 19.12 16.68 9.60
0110000000000000011 9131 165570537725407 110000000000000111 135570537725407 19.12 16.68 9.60
0110000000000000011 9131 165570537725407 110000000000000111 145570537725407 19.12 16.68 9.60
0110000000000000011 9131 165570537725407 110000000000000111 155570537725407 19.12 16.68 9.60
0110000000000000011 9131 165570537725407 110000000000000011 175570537725407 19.12 16.68 9.60
0110000000000000011 9131 165570537725407 110000000000111111 160570537725407 19.12 16.68 12.20
0110000000000000011 9131 165570537725407 110000000000000111 161570537725407 19.12 16.68 9.60
0110000000000000011 9131 165570537725407 110000000000000011 162570537725407 19.12 16.68 9.60
0110000000000000011 9131 165570537725407 110000000000000011 163570537725407 19.12 16.68 9.60
0110000000000000011 9131 165570537725407 110000000000000011 164570537725407 19.12 16.68 9.60
0110000000000000011 9131 165570537725407 110000000000000111 166570537725407 19.12 16.68 9.60
0110000000000000011 9131 165570537725407 110000000000000111 167570537725407 19.12 16.68 9.60
0110000000000000011 9131 165570537725407 111100000000000001 165070537725407 19.12 14.59 9.60
0110000000000000011 9131 165570537725407 111000000000000011 165170537725407 19.12 16.68 9.60
0110000000000000011 9131 165570537725407 111000000000000011 165270537725407 19.12 16.68 9.60
0110000000000000011 9131 165570537725407 111000000000000011 165370537725407 19.12 16.68 9.60
0110000000000000011 9131 165570537725407 110000000000000011 165470537725407 19.12 16.68 9.60
0110000000000000011 9131 165570537725407 110000000000000111 165670537725407 19.12 16.68 9.60
0110000000000000011 9131 165570537725407 110000000000000111 165770537725407 19.12 16.68 9.60
0110000000000000011 9131 165570537725407 110000000000001111 165500537725407 19.12 16.68 9.60
0110000000000000011 9131 165570537725407 110000000000001111 165510537725407 19.12 16.68 9.60
0110000000000000011 9131 165570537725407 110000000000000111 165520537725407 19.12 16.68 9.60
0110000000000000011 9131 165570537725407 110000000000000111 165530537725407 19.12 16.68 9.60
0110000000000000011 9131 165570537725407 110000000000000111 165540537725407 19.12 16.68 9.60
0110000000000000011 9131 165570537725407 110000000000000111 165550537725407 19.12 16.68 9.60
0110000000000000011 9131 165570537725407 110000000000000111 165560537725407 19.12 16.68 9.60
0110000000000000011 9131 165570537725407 110000000000000111 165571537725407 19.12 16.68 9.60
0110000000000000011 9131 165570537725407 110000000000001111 165572537725407 19.12 16.68 9.60
0110000000000000011 9131 165570537725407 110000000000001111 165573537725407 19.12 16.68 9.60
0110000000000000011 9131 165570537725407 110000000000001111 165574537725407 19.12 16.68 9.60
0110000000000000011 9131 165570537725407 110000000000011111 165575537725407 19.12 16.68 9.60
0110000000000000011 9131 165570537725407 110000000000011111 165576537725407 19.12 16.68 9.60
0110000000000000011 9131 165570537725407 110000000000011111 165577537725407 19.12 16.68 9.60
0110000000000000011 9131 165570537725407 110000000000111111 165570037725407 19.12 16.68 12.20
0110000000000000011 9131 165570537725407 110000000000011111 165570137725407 19.12 16.68 9.60
0110000000000000011 9131 165570537725407 110000000000001111 165570237725407 19.12 16.68 9.60
0110000000000000011 9131 165570537725407 110000000000000111 165570337725407 19.12 16.68 9.60
0110000000000000011 9131 165570537725407 110000000000000111 165570437725407 19.12 16.68 9.60
0110000000000000011 9131 165570537725407 110000000000000011 165570637725407 19.12 16.68 9.60
0110000000000000011 9131 165570537725407 110000000000000011 165570737725407 19.12 16.68 9.60
0110000000000000011 9131 165570537725407 110000000000000011 165570507725407 19.12 16.68 9.60
0110000000000000011 9131 165570537725407 110000000000000011 165570517725407 19.12 16.68 9.60
0110000000000000011 9131 165570537725407 110000000000000011 165570527725407 19.12 16.68 9.60
0110000000000000011 9131 165570537725407 110000000000000011 165570547725407 19.12 16.68 9.60
0110000000000000011 9131 165570537725407 110000000000000011 165570557725407 19.12 16.68 9.60
0110000000000000011 9131 165570537725407 110000000000000011 165570567725407 19.12 16.68 9.60
0110000000000000011 9131 165570537725407 110000000000000011 165570577725407 19.12 16.68 9.60
0110000000000000011 9131 165570537725407 111111000000000000 165570530725407 19.12 12.51 9.60
0110000000000000011 9131 165570537725407 111100000000000000 165570531725407 19.12 12.51 6.90
0110000000000000011 9131 165570537725407 111100000000000001 165570532725407 19.12 14.59 9.60
0110000000000000011 9131 165570537725407 111000000000000011 165570533725407 19.12 16.68 9.60
0110000000000000011 9131 165570537725407 111000000000000011 165570534725407 19.12 16.68 9.60
0110000000000000011 9131 165570537725407 111000000000000011 165570535725407 19.12 16.68 9.60
0110000000000000011 9131 165570537725407 110000000000000011 165570536725407 19.12 16.68 9.60
0110000000000000011 9131 165570537725407 111110000000000000 165570537025407 19.12 12.51 6.90
0110000000000000011 9131 165570537725407 111100000000000000 165570537125407 19.12 12.51 6.90
0110000000000000011 9131 165570537725407 111000000000000001 165570537225407 19.12 14.59 9.60
0110000000000000011 9131 165570537725407 111000000000000011 165570537325407 19.12 16.68 9.60
0110000000000000011 9131 165570537725407 111000000000000011 165570537425407 19.12 16.68 9.60
0110000000000000011 9131 165570537725407 110000000000000011 165570537525407 19.12 16.68 9.60
0110000000000000011 9131 165570537725407 110000000000000011 165570537625407 19.12 16.68 9.60
0110000000000000011 9131 165570537725407 110000000000000000 165570537705407 19.12 12.51 6.90
0110000000000000011 9131 165570537725407 110000000000000011 165570537715407 19.12 16.68 9.60
0110000000000000011 9131 165570537725407 110000000000000111 165570537735407 19.12 16.68 9.60
0110000000000000011 9131 165570537725407 110000000000000111 165570537745407 19.12 16.68 9.60
0110000000000000011 9131 165570537725407 110000000000001111 165570537755407 19.12 16.68 9.60
0110000000000000011 9131 165570537725407 110000000000001111 165570537765407 19.12 16.68 9.60
0110000000000000011 9131 165570537725407 111000000000001111 165570537775407 19.12 16.68 9.60
0110000000000000011 9131 165570537725407 111100000000000000 165570537720407 19.12 12.51 6.90
0110000000000000011 9131 165570537725407 111000000000000000 165570537721407 19.12 12.51 6.90
0110000000000000011 9131 165570537725407 111000000000000000 165570537722407 19.12 12.51 6.90
0110000000000000011 9131 165570537725407 111000000000000000 165570537723407 19.12 12.51 6.90
0110000000000000011 9131 165570537725407 110000000000000000 165570537724407 19.12 12.51 6.90
0110000000000000011 9131 165570537725407 110000000000001111 165570537726407 19.12 16.68 9.60
0110000000000000011 9131 165570537725407 110000000000011111 165570537727407 19.12 16.68 9.60
0110000000000000011 9131 165570537725407 110000000000000000 165570537725007 19.12 12.51 6.90
0110000000000000011 9131 165570537725407 110000000000000000 165570537725107 19.12 12.51 6.90
0110000000000000011 9131 165570537725407 110000000000000001 165570537725207 19.12 14.59 9.60
0110000000000000011 9131 165570537725407 110000000000000011 165570537725307 19.12 16.68 9.60
0110000000000000011 9131 165570537725407 110000000000000111 165570537725507 19.12 16.68 9.60
0110000000000000011 9131 165570537725407 110000000000000111 165570537725607 19.12 16.68 9.60
0110000000000000011 9131 165570537725407 110000000000001111 165570537725707 19.12 16.68 9.60
0110000000000000011 9131 165570537725407 111000000000000011 165570537725417 19.12 16.68 9.60
0110000000000000011 9131 165570537725407 111000000000000011 165570537725427 19.12 16.68 9.60
0110000000000000011 9131 165570537725407 111000000000000001 165570537725437 19.12 14.59 9.60
0110000000000000011 9131 165570537725407 111100000000000001 165570537725447 19.12 14.59 9.60
0110000000000000011 9131 165570537725407 111100000000000001 165570537725457 19.12 14.59 9.60
0110000000000000011 9131 165570537725407 111100000000000000 165570537725467 19.12 12.51 6.90
0110000000000000011 9131 165570537725407 111110000000000000 165570537725477 19.12 12.51 6.90
0110000000000000011 9131 165570537725407 111111000000000000 165570537725400 19.12 12.51 9.60
0110000000000000011 9131 165570537725407 111100000000000000 165570537725401 19.12 12.51 6.90
0110000000000000011 9131 165570537725407 111100000000000001 165570537725402 19.12 14.59 9.60
0110000000000000011 9131 165570537725407 111000000000000011 165570537725403 19.12 16.68 9.60
0110000000000000011 9131 165570537725407 111000000000000011 165570537725404 19.12 16.68 9.60
0110000000000000011 9131 165570537725407 111000000000000011 165570537725405 19.12 16.68 9.60
0110000000000000011 9131 165570537725407 110000000000000011 165570537725406 19.12 16.68 9.60
0110000000000000011 13111 601533264123305 111100000000000000 001533264123305 19.12 12.51 6.90
0110000000000000011 13111 601533264123305 111100000000000000 101533264123305 19.12 12.51 6.90
0110000000000000011 13111 601533264123305 111000000000000000 201533264123305 19.12 12.51 6.90
0110000000000000011 13111 601533264123305 111000000000000000 301533264123305 19.12 12.51 6.90
0110000000000000011 13111 601533264123305 111000000000000000 401533264123305 19.12 12.51 6.90
0110000000000000011 13111 601533264123305 110000000000000001 501533264123305 19.12 14.59 9.60
0110000000000000011 13111 601533264123305 110000000000000011 701533264123305 19.12 16.68 9.60
0110000000000000011 13111 601533264123305 111000000000000000 611533264123305 19.12 12.51 6.90
0110000000000000011 13111 601533264123305 111000000000000000 621533264123305 19.12 12.51 6.90
0110000000000000011 13111 601533264123305 111000000000000000 631533264123305 19.12 12.51 6.90
0110000000000000011 13111 601533264123305 111100000000000000 641533264123305 19.12 12.51 6.90
0110000000000000011 13111 601533264123305 111100000000000000 651533264123305 19.12 12.51 6.90
0110000000000000011 13111 601533264123305 111100000000000000 661533264123305 19.12 12.51 6.90
0110000000000000011 13111 601533264123305 111100000000000000 671533264123305 19.12 12.51 6.90
0110000000000000011 13111 601533264123305 111111111111111111 600533264123305 19.12 4.17 4.30
0110000000000000011 13111 601533264123305 111000000000000000 602533264123305 19.12 12.51 6.90
0110000000000000011 13111 601533264123305 111000000000000000 603533264123305 19.12 12.51 6.90
0110000000000000011 13111 601533264123305 111000000000000000 604533264123305 19.12 12.51 6.90
0110000000000000011 13111 601533264123305 111000000000000000 605533264123305 19.12 12.51 6.90
0110000000000000011 13111 601533264123305 111100000000000000 606533264123305 19.12 12.51 6.90
0110000000000000011 13111 601533264123305 111100000000000000 607533264123305 19.12 12.51 6.90
0110000000000000011 13111 601533264123305 111100000000000000 601033264123305 19.12 12.51 6.90
0110000000000000011 13111 601533264123305 111000000000000000 601133264123305 19.12 12.51 6.90
0110000000000000011 13111 601533264123305 111000000000000000 601233264123305 19.12 12.51 6.90
0110000000000000011 13111 601533264123305 111000000000000001 601333264123305 19.12 14.59 9.60
0110000000000000011 13111 601533264123305 110000000000000001 601433264123305 19.12 14.59 9.60
0110000000000000011 13111 601533264123305 110000000000000011 601633264123305 19.12 16.68 9.60
0110000000000000011 13111 601533264123305 110000000000000011 601733264123305 19.12 16.68 9.60
0110000000000000011 13111 601533264123305 111000000000000011 601503264123305 19.12 16.68 9.60
0110000000000000011 13111 601533264123305 110000000000000011 601513264123305 19.12 16.68 9.60
0110000000000000011 13111 601533264123305 110000000000000011 601523264123305 19.12 16.68 9.60
0110000000000000011 13111 601533264123305 110000000000000001 601543264123305 19.12 14.59 9.60
0110000000000000011 13111 601533264123305 110000000000000001 601553264123305 19.12 14.59 9.60
0110000000000000011 13111 601533264123305 110000000000000001 601563264123305 19.12 14.59 9.60
0110000000000000011 13111 601533264123305 110000000000000001 601573264123305 19.12 14.59 9.60
0110000000000000011 13111 601533264123305 110000000000000111 601530264123305 19.12 16.68 9.60
0110000000000000011 13111 601533264123305 110000000000000111 601531264123305 19.12 16.68 9.60
0110000000000000011 13111 601533264123305 110000000000000011 601532264123305 19.12 16.68 9.60
0110000000000000011 13111 601533264123305 110000000000000001 601534264123305 19.12 14.59 9.60
0110000000000000011 13111 601533264123305 111000000000000001 601535264123305 19.12 14.59 9.60
0110000000000000011 13111 601533264123305 111000000000000000 601536264123305 19.12 12.51 6.90
0110000000000000011 13111 601533264123305 111000000000000000 601537264123305 19.12 12.51 6.90
0110000000000000011 13111 601533264123305 111111111111111111 601533064123305 19.12 4.17 4.30
0110000000000000011 13111 601533264123305 111100000000001111 601533164123305 19.12 16.68 12.20
0110000000000000011 13111 601533264123305 111000000000000000 601533364123305 19.12 12.51 6.90
0110000000000000011 13111 601533264123305 111100000000000000 601533464123305 19.12 12.51 6.90
0110000000000000011 13111 601533264123305 111110000000000000 601533564123305 19.12 12.51 6.90
0110000000000000011 13111 601533264123305 111111000000000000 601533664123305 19.12 12.51 9.60
0110000000000000011 13111 601533264123305 111111000000000000 601533764123305 19.12 12.51 9.60
0110000000000000011 13111 601533264123305 110000000000000011 601533204123305 19.12 16.68 9.60
0110000000000000011 13111 601533264123305 110000000000000011 601533214123305 19.12 16.68 9.60
0110000000000000011 13111 601533264123305 110000000000000011 601533224123305 19.12 16.68 9.60
0110000000000000011 13111 601533264123305 110000000000000011 601533234123305 19.12 16.68 9.60
0110000000000000011 13111 601533264123305 110000000000000011 601533244123305 19.12 16.68 9.60
0110000000000000011 13111 601533264123305 110000000000000011 601533254123305 19.12 16.68 9.60
0110000000000000011 13111 601533264123305 110000000000000011 601533274123305 19.12 16.68 9.60
0110000000000000011 13111 601533264123305 111111111000000000 601533260123305 19.12 12.51 9.60
0110000000000000011 13111 601533264123305 111110000000000000 601533261123305 19.12 12.51 6.90
0110000000000000011 13111 601533264123305 111000000000000000 601533262123305 19.12 12.51 6.90
0110000000000000011 13111 601533264123305 111000000000000000 601533263123305 19.12 12.51 6.90
0110000000000000011 13111 601533264123305 110000000000000111 601533265123305 19.12 16.68 9.60
0110000000000000011 13111 601533264123305 110000000000001111 601533266123305 19.12 16.68 9.60
0110000000000000011 13111 601533264123305 111000000000011111 601533267123305 19.12 16.68 9.60
0110000000000000011 13111 601533264123305 111110000000000000 601533264023305 19.12 12.51 6.90
0110000000000000011 13111 601533264123305 111000000000001111 601533264223305 19.12 16.68 9.60
0110000000000000011 13111 601533264123305 111111111111111111 601533264323305 19.12 4.17 4.30
0110000000000000011 13111 601533264123305 111111111111111111 601533264423305 19.12 4.17 4.30
0110000000000000011 13111 601533264123305 111111111111111111 601533264523305 19.12 4.17 4.30
0110000000000000011 13111 601533264123305 111111111111111111 601533264623305 19.12 4.17 4.30
0110000000000000011 13111 601533264123305 111111111111111111 601533264723305 19.12 4.17 4.30
0110000000000000011 13111 601533264123305 110000000000000000 601533264103305 19.12 12.51 6.90
0110000000000000011 13111 601533264123305 110000000000000000 601533264113305 19.12 12.51 6.90
0110000000000000011 13111 601533264123305 110000000000000011 601533264133305 19.12 16.68 9.60
0110000000000000011 13111 601533264123305 110000000000000111 601533264143305 19.12 16.68 9.60
0110000000000000011 13111 601533264123305 111000000000000111 601533264153305 19.12 16.68 12.20
0110000000000000011 13111 601533264123305 111000000000000111 601533264163305 19.12 16.68 12.20
0110000000000000011 13111 601533264123305 111000000000000111 601533264173305 19.12 16.68 12.20
0110000000000000011 13111 601533264123305 111110000000000000 601533264120305 19.12 12.51 6.90
0110000000000000011 13111 601533264123305 111000000000000000 601533264121305 19.12 12.51 6.90
0110000000000000011 13111 601533264123305 111000000000000000 601533264122305 19.12 12.51 6.90
0110000000000000011 13111 601533264123305 110000000000001111 601533264124305 19.12 16.68 9.60
0110000000000000011 13111 601533264123305 110000000000011111 601533264125305 19.12 16.68 9.60
0110000000000000011 13111 601533264123305 110000000000111111 601533264126305 19.12 16.68 12.20
0110000000000000011 13111 601533264123305 110000000000111111 601533264127305 19.12 16.68 12.20
0110000000000000011 13111 601533264123305 110000000000000000 601533264123005 19.12 12.51 6.90
0110000000000000011 13111 601533264123305 110000000000000000 601533264123105 19.12 12.51 6.90
0110000000000000011 13111 601533264123305 110000000000000001 601533264123205 19.12 14.59 9.60
0110000000000000011 13111 601533264123305 110000000000000011 601533264123405 19.12 16.68 9.60
0110000000000000011 13111 601533264123305 110000000000000111 601533264123505 19.12 16.68 9.60
0110000000000000011 13111 601533264123305 110000000000000111 601533264123605 19.12 16.68 9.60
0110000000000000011 13111 601533264123305 110000000000001111 601533264123705 19.12 16.68 9.60
0110000000000000011 13111 601533264123305 111110000000000000 601533264123315 19.12 12.51 6.90
0110000000000000011 13111 601533264123305 111111100000000000 601533264123325 19.12 12.51 9.60
0110000000000000011 13111 601533264123305 111111111000000000 601533264123335 19.12 12.51 9.60
0110000000000000011 13111 601533264123305 111111111100000000 601533264123345 19.12 12.51 9.60
0110000000000000011 13111 601533264123305 111111111111000000 601533264123355 19.12 12.51 9.60
0110000000000000011 13111 601533264123305 111111111111100000 601533264123365 19.12 12.51 9.60
0110000000000000011 13111 601533264123305 111111111111111000 601533264123375 19.12 12.51 9.60
0110000000000000011 13111 601533264123305 111111111100000000 601533264123300 19.12 12.51 9.60
0110000000000000011 13111 601533264123305 111111000000000000 601533264123301 19.12 12.51 9.60
0110000000000000011 13111 601533264123305 111100000000000000 601533264123302 19.12 12.51 6.90
0110000000000000011 13111 601533264123305 111000000000000000 601533264123303 19.12 12.51 6.90
0110000000000000011 13111 601533264123305 111000000000000001 601533264123304 19.12 14.59 9.60
0110000000000000011 13111 601533264123305 110000000000000011 601533264123306 19.12 16.68 9.60
0110000000000000011 13111 601533264123305 110000000000000111 601533264123307 19.12 16.68 9.60
0110000000000000011 15988 717511053707617 110000000000111111 017511053707617 19.12 16.68 12.20
0110000000000000011 15988 717511053707617 110000000000111111 117511053707617 19.12 16.68 12.20
0110000000000000011 15988 717511053707617 110000000000011111 217511053707617 19.12 16.68 9.60
0110000000000000011 15988 717511053707617 110000000000011111 317511053707617 19.12 16.68 9.60
0110000000000000011 15988 717511053707617 110000000000001111 417511053707617 19.12 16.68 9.60
0110000000000000011 15988 717511053707617 110000000000001111 517511053707617 19.12 16.68 9.60
0110000000000000011 15988 717511053707617 110000000000000111 617511053707617 19.12 16.68 9.60
0110000000000000011 15988 717511053707617 100000000000000001 707511053707617 19.12 12.51 9.60
0110000000000000011 15988 717511053707617 110000000000000011 727511053707617 19.12 16.68 9.60
0110000000000000011 15988 717511053707617 110000000000000011 737511053707617 19.12 16.68 9.60
0110000000000000011 15988 717511053707617 110000000000000001 747511053707617 19.12 14.59 9.60
0110000000000000011 15988 717511053707617 110000000000000001 757511053707617 19.12 14.59 9.60
0110000000000000011 15988 717511053707617 110000000000000001 767511053707617 19.12 14.59 9.60
0110000000000000011 15988 717511053707617 110000000000000001 777511053707617 19.12 14.59 9.60
0110000000000000011 15988 717511053707617 111111111111100000 710511053707617 19.12 12.51 9.60
0110000000000000011 15988 717511053707617 111111111111000000 711511053707617 19.12 12.51 9.60
0110000000000000011 15988 717511053707617 111100011100000000 712511053707617 19.12 18.76 17.40
0110000000000000011 15988 717511053707617 110000000000000000 713511053707617 19.12 12.51 6.90
0110000000000000011 15988 717511053707617 110000000000000000 714511053707617 19.12 12.51 6.90
0110000000000000011 15988 717511053707617 110000000000000000 715511053707617 19.12 12.51 6.90
0110000000000000011 15988 717511053707617 110000000000000000 716511053707617 19.12 12.51 6.90
0110000000000000011 15988 717511053707617 111000000000000001 717011053707617 19.12 14.59 9.60
0110000000000000011 15988 717511053707617 110000000000000001 717111053707617 19.12 14.59 9.60
0110000000000000011 15988 717511053707617 110000000000000011 717211053707617 19.12 16.68 9.60
0110000000000000011 15988 717511053707617 110000000000000011 717311053707617 19.12 16.68 9.60
0110000000000000011 15988 717511053707617 110000000000000011 717411053707617 19.12 16.68 9.60
0110000000000000011 15988 717511053707617 110000000000000011 717611053707617 19.12 16.68 9.60
0110000000000000011 15988 717511053707617 110000000000000001 717711053707617 19.12 14.59 9.60
0110000000000000011 15988 717511053707617 110000000000000001 717501053707617 19.12 14.59 9.60
0110000000000000011 15988 717511053707617 110000000000000011 717521053707617 19.12 16.68 9.60
0110000000000000011 15988 717511053707617 110000000000000011 717531053707617 19.12 16.68 9.60
0110000000000000011 15988 717511053707617 100000000000000011 717541053707617 19.12 14.59 9.60
0110000000000000011 15988 717511053707617 100000000000000011 717551053707617 19.12 14.59 9.60
0110000000000000011 15988 717511053707617 100000000000000011 717561053707617 19.12 14.59 9.60
0110000000000000011 15988 717511053707617 100000000000000111 717571053707617 19.12 14.59 4.30
0110000000000000011 15988 717511053707617 110000000000000011 717510053707617 19.12 16.68 9.60
0110000000000000011 15988 717511053707617 110000000000000000 717512053707617 19.12 12.51 6.90
0110000000000000011 15988 717511053707617 110000000000000000 717513053707617 19.12 12.51 6.90
0110000000000000011 15988 717511053707617 110000000000000000 717514053707617 19.12 12.51 6.90
0110000000000000011 15988 717511053707617 111000000000000000 717515053707617 19.12 12.51 6.90
0110000000000000011 15988 717511053707617 111111111100000000 717516053707617 19.12 12.51 9.60
0110000000000000011 15988 717511053707617 111111111110000000 717517053707617 19.12 12.51 9.60
0110000000000000011 15988 717511053707617 100000000000011111 717511153707617 19.12 14.59 9.60
0110000000000000011 15988 717511053707617 110000000000111111 717511253707617 19.12 16.68 12.20
0110000000000000011 15988 717511053707617 110000000000111111 717511353707617 19.12 16.68 12.20
0110000000000000011 15988 717511053707617 110000000000011111 717511453707617 19.12 16.68 9.60
0110000000000000011 15988 717511053707617 110000000000011111 717511553707617 19.12 16.68 9.60
0110000000000000011 15988 717511053707617 110000000000011111 717511653707617 19.12 16.68 9.60
0110000000000000011 15988 717511053707617 111000000000001111 717511753707617 19.12 16.68 9.60
0110000000000000011 15988 717511053707617 110000000000000011 717511003707617 19.12 16.68 9.60
0110000000000000011 15988 717511053707617 110000000000000011 717511013707617 19.12 16.68 9.60
0110000000000000011 15988 717511053707617 110000000000000011 717511023707617 19.12 16.68 9.60
0110000000000000011 15988 717511053707617 110000000000000011 717511033707617 19.12 16.68 9.60
0110000000000000011 15988 717511053707617 110000000000000011 717511043707617 19.12 16.68 9.60
0110000000000000011 15988 717511053707617 110000000000000011 717511063707617 19.12 16.68 9.60
0110000000000000011 15988 717511053707617 110000000000000011 717511073707617 19.12 16.68 9.60
0110000000000000011 15988 717511053707617 111000000000000001 717511050707617 19.12 14.59 9.60
0110000000000000011 15988 717511053707617 110000000000000001 717511051707617 19.12 14.59 9.60
0110000000000000011 15988 717511053707617 110000000000000001 717511052707617 19.12 14.59 9.60
0110000000000000011 15988 717511053707617 110000000000000011 717511054707617 19.12 16.68 9.60
0110000000000000011 15988 717511053707617 110000000000000011 717511055707617 19.12 16.68 9.60
0110000000000000011 15988 717511053707617 100000000000000011 717511056707617 19.12 14.59 9.60
0110000000000000011 15988 717511053707617 100000000000000011 717511057707617 19.12 14.59 9.60
0110000000000000011 15988 717511053707617 111000000000001111 717511053007617 19.12 16.68 9.60
0110000000000000011 15988 717511053707617 110000000000011111 717511053107617 19.12 16.68 9.60
0110000000000000011 15988 717511053707617 110000000000011111 717511053207617 19.12 16.68 9.60
0110000000000000011 15988 717511053707617 110000000000011111 717511053307617 19.12 16.68 9.60
0110000000000000011 15988 717511053707617 110000000000001111 717511053407617 19.12 16.68 9.60
0110000000000000011 15988 717511053707617 110000000000001111 717511053507617 19.12 16.68 9.60
0110000000000000011 15988 717511053707617 110000000000000111 717511053607617 19.12 16.68 9.60
0110000000000000011 15988 717511053707617 110000000000011111 717511053717617 19.12 16.68 9.60
0110000000000000011 15988 717511053707617 110000000000111111 717511053727617 19.12 16.68 12.20
0110000000000000011 15988 717511053707617 110000000001111111 717511053737617 19.12 16.68 12.20
0110000000000000011 15988 717511053707617 110000000011111111 717511053747617 19.12 16.68 12.20
0110000000000000011 15988 717511053707617 110000000011111111 717511053757617 19.12 16.68 12.20
0110000000000000011 15988 717511053707617 110000000111111111 717511053767617 19.12 16.68 12.20
0110000000000000011 15988 717511053707617 110000000111111111 717511053777617 19.12 16.68 12.20
0110000000000000011 15988 717511053707617 111111111111111111 717511053700617 19.12 4.17 4.30
0110000000000000011 15988 717511053707617 111111111111111111 717511053701617 19.12 4.17 4.30
0110000000000000011 15988 717511053707617 111111111110001111 717511053702617 19.12 16.68 12.20
0110000000000000011 15988 717511053707617 110000000000000011 717511053703617 19.12 16.68 9.60
0110000000000000011 15988 717511053707617 110000000000000011 717511053704617 19.12 16.68 9.60
0110000000000000011 15988 717511053707617 110000000000000111 717511053705617 19.12 16.68 9.60
0110000000000000011 15988 717511053707617 110000000000000011 717511053706617 19.12 16.68 9.60
0110000000000000011 15988 717511053707617 110000000000000000 717511053707017 19.12 12.51 6.90
0110000000000000011 15988 717511053707617 110000000000000000 717511053707117 19.12 12.51 6.90
0110000000000000011 15988 717511053707617 110000000000000000 717511053707217 19.12 12.51 6.90
0110000000000000011 15988 717511053707617 110000000000000000 717511053707317 19.12 12.51 6.90
0110000000000000011 15988 717511053707617 110000000000000000 717511053707417 19.12 12.51 6.90
0110000000000000011 15988 717511053707617 110000000000000000 717511053707517 19.12 12.51 6.90
0110000000000000011 15988 717511053707617 110000000000000011 717511053707717 19.12 16.68 9.60
0110000000000000011 15988 717511053707617 110000000000000000 717511053707607 19.12 12.51 6.90
0110000000000000011 15988 717511053707617 100000000000001111 717511053707627 19.12 14.59 9.60
0110000000000000011 15988 717511053707617 100000000000011111 717511053707637 19.12 14.59 9.60
0110000000000000011 15988 717511053707617 110000000000011111 717511053707647 19.12 16.68 9.60
0110000000000000011 15988 717511053707617 110000000000111111 717511053707657 19.12 16.68 12.20
0110000000000000011 15988 717511053707617 110000000000111111 717511053707667 19.12 16.68 12.20
0110000000000000011 15988 717511053707617 110000000000111111 717511053707677 19.12 16.68 12.20
0110000000000000011 15988 717511053707617 111100000000000000 717511053707610 19.12 12.51 6.90
0110000000000000011 15988 717511053707617 111000000000000001 717511053707611 19.12 14.59 9.60
0110000000000000011 15988 717511053707617 110000000000000001 717511053707612 19.12 14.59 9.60
0110000000000000011 15988 717511053707617 110000000000000001 717511053707613 19.12 14.59 9.60
0110000000000000011 15988 717511053707617 110000000000000001 717511053707614 19.12 14.59 9.60
0110000000000000011 15988 717511053707617 110000000000000001 717511053707615 19.12 14.59 9.60
0110000000000000011 15988 717511053707617 110000000000000011 717511053707616 19.12 16.68 9.60
