ParentPhenotype line ParentGenotype MutantPhenotype MutantGenotype KC_col1 KC_col4 Conditional_Complexity
0111000000000000011 147 547675166342704 111000000000000111 047675166342704 19.12 16.68 9.60
0111000000000000011 147 547675166342704 111000000000000111 147675166342704 19.12 16.68 9.60
0111000000000000011 147 547675166342704 111000000000000011 247675166342704 19.12 16.68 9.60
0111000000000000011 147 547675166342704 111000000000000011 347675166342704 19.12 16.68 9.60
0111000000000000011 147 547675166342704 111000000000000011 447675166342704 19.12 16.68 9.60
0111000000000000011 147 547675166342704 111000000000000011 647675166342704 19.12 16.68 9.60
0111000000000000011 147 547675166342704 111000000000000011 747675166342704 19.12 16.68 9.60
0111000000000000011 147 547675166342704 110000000001111111 507675166342704 19.12 16.68 9.60
0111000000000000011 147 547675166342704 110000000000001111 517675166342704 19.12 16.68 9.60
0111000000000000011 147 547675166342704 111000000000000111 527675166342704 19.12 16.68 9.60
0111000000000000011 147 547675166342704 111000000000000111 537675166342704 19.12 16.68 9.60
0111000000000000011 147 547675166342704 111000000000000011 557675166342704 19.12 16.68 9.60
0111000000000000011 147 547675166342704 111000000000000001 567675166342704 19.12 14.59 9.60
0111000000000000011 147 547675166342704 111000000000000001 577675166342704 19.12 14.59 9.60
0111000000000000011 147 547675166342704 111111111111111111 540675166342704 19.12 4.17 4.30
0111000000000000011 147 547675166342704 111111111111111111 541675166342704 19.12 4.17 4.30
0111000000000000011 147 547675166342704 111000000000001111 542675166342704 19.12 16.68 9.60
0111000000000000011 147 547675166342704 111000000000000111 543675166342704 19.12 16.68 9.60
0111000000000000011 147 547675166342704 111000000000000011 544675166342704 19.12 16.68 9.60
0111000000000000011 147 547675166342704 111000000000000011 545675166342704 19.12 16.68 9.60
0111000000000000011 147 547675166342704 111000000000000011 546675166342704 19.12 16.68 9.60
0111000000000000011 147 547675166342704 111111000000000000 547075166342704 19.12 12.51 6.90
0111000000000000011 147 547675166342704 111110000000000000 547175166342704 19.12 12.51 6.90
0111000000000000011 147 547675166342704 111100000000000000 547275166342704 19.12 12.51 6.90
0111000000000000011 147 547675166342704 111100000000000001 547375166342704 19.12 14.59 9.60
0111000000000000011 147 547675166342704 111000000000000001 547475166342704 19.12 14.59 9.60
0111000000000000011 147 547675166342704 111000000000000011 547575166342704 19.12 16.68 9.60
0111000000000000011 147 547675166342704 111000000000000011 547775166342704 19.12 16.68 9.60
0111000000000000011 147 547675166342704 111000000000001111 547605166342704 19.12 16.68 9.60
0111000000000000011 147 547675166342704 111000000000001111 547615166342704 19.12 16.68 9.60
0111000000000000011 147 547675166342704 111000000000000111 547625166342704 19.12 16.68 9.60
0111000000000000011 147 547675166342704 111000000000000111 547635166342704 19.12 16.68 9.60
0111000000000000011 147 547675166342704 111000000000000111 547645166342704 19.12 16.68 9.60
0111000000000000011 147 547675166342704 111000000000000111 547655166342704 19.12 16.68 9.60
0111000000000000011 147 547675166342704 111000000000000011 547665166342704 19.12 16.68 9.60
0111000000000000011 147 547675166342704 111000000000000000 547670166342704 19.12 12.51 6.90
0111000000000000011 147 547675166342704 111000000000000000 547671166342704 19.12 12.51 6.90
0111000000000000011 147 547675166342704 111000000000000001 547672166342704 19.12 14.59 9.60
0111000000000000011 147 547675166342704 111000000000000001 547673166342704 19.12 14.59 9.60
0111000000000000011 147 547675166342704 111000000000000011 547674166342704 19.12 16.68 9.60
0111000000000000011 147 547675166342704 111000000000000011 547676166342704 19.12 16.68 9.60
0111000000000000011 147 547675166342704 111000000000000111 547677166342704 19.12 16.68 9.60
0111000000000000011 147 547675166342704 111111111111111111 547675066342704 19.12 4.17 4.30
0111000000000000011 147 547675166342704 111000000000000000 547675266342704 19.12 12.51 6.90
0111000000000000011 147 547675166342704 111100000000000000 547675366342704 19.12 12.51 6.90
0111000000000000011 147 547675166342704 111100000000000000 547675466342704 19.12 12.51 6.90
0111000000000000011 147 547675166342704 111110000000000000 547675566342704 19.12 12.51 6.90
0111000000000000011 147 547675166342704 111111000000000000 547675666342704 19.12 12.51 6.90
0111000000000000011 147 547675166342704 111111000000000000 547675766342704 19.12 12.51 6.90
0111000000000000011 147 547675166342704 111000000000000011 547675106342704 19.12 16.68 9.60
0111000000000000011 147 547675166342704 111000000000000011 547675116342704 19.12 16.68 9.60
0111000000000000011 147 547675166342704 111000000000000011 547675126342704 19.12 16.68 9.60
0111000000000000011 147 547675166342704 111000000000000011 547675136342704 19.12 16.68 9.60
0111000000000000011 147 547675166342704 111000000000000011 547675146342704 19.12 16.68 9.60
0111000000000000011 147 547675166342704 111000000000000011 547675156342704 19.12 16.68 9.60
0111000000000000011 147 547675166342704 111000000000000011 547675176342704 19.12 16.68 9.60
0111000000000000011 147 547675166342704 111111111100000000 547675160342704 19.12 12.51 9.60
0111000000000000011 147 547675166342704 111111100000000000 547675161342704 19.12 12.51 9.60
0111000000000000011 147 547675166342704 111110000000000000 547675162342704 19.12 12.51 6.90
0111000000000000011 147 547675166342704 111100000000000000 547675163342704 19.12 12.51 6.90
0111000000000000011 147 547675166342704 111100000000000001 547675164342704 19.12 14.59 9.60
0111000000000000011 147 547675166342704 111000000000000011 547675165342704 19.12 16.68 9.60
0111000000000000011 147 547675166342704 111000000000000111 547675167342704 19.12 16.68 9.60
0111000000000000011 147 547675166342704 111111100000000000 547675166042704 19.12 12.51 9.60
0111000000000000011 147 547675166342704 111100000000000000 547675166142704 19.12 12.51 6.90
0111000000000000011 147 547675166342704 111000000000000001 547675166242704 19.12 14.59 9.60
0111000000000000011 147 547675166342704 111000000000000111 547675166442704 19.12 16.68 9.60
0111000000000000011 147 547675166342704 111000000000001111 547675166542704 19.12 16.68 9.60
0111000000000000011 147 547675166342704 111000000000001111 547675166642704 19.12 16.68 9.60
0111000000000000011 147 547675166342704 111000000000011111 547675166742704 19.12 16.68 9.60
0111000000000000011 147 547675166342704 111000000000000000 547675166302704 19.12 12.51 6.90
0111000000000000011 147 547675166342704 111000000000000000 547675166312704 19.12 12.51 6.90
0111000000000000011 147 547675166342704 111000000000000001 547675166322704 19.12 14.59 9.60
0111000000000000011 147 547675166342704 111000000000000011 547675166332704 19.12 16.68 9.60
0111000000000000011 147 547675166342704 111000000000000011 547675166352704 19.12 16.68 9.60
0111000000000000011 147 547675166342704 111000000000000111 547675166362704 19.12 16.68 9.60
0111000000000000011 147 547675166342704 111000000000000111 547675166372704 19.12 16.68 9.60
0111000000000000011 147 547675166342704 111110000000111111 547675166340704 19.12 16.68 9.60
0111000000000000011 147 547675166342704 111000000000000000 547675166341704 19.12 12.51 6.90
0111000000000000011 147 547675166342704 111000000000001111 547675166343704 19.12 16.68 9.60
0111000000000000011 147 547675166342704 110000000000111111 547675166344704 19.12 16.68 9.60
0111000000000000011 147 547675166342704 110000000001111111 547675166345704 19.12 16.68 9.60
0111000000000000011 147 547675166342704 110000000011111111 547675166346704 19.12 16.68 9.60
0111000000000000011 147 547675166342704 110000000111111111 547675166347704 19.12 16.68 9.60
0111000000000000011 147 547675166342704 111000000000000000 547675166342004 19.12 12.51 6.90
0111000000000000011 147 547675166342704 111000000000000000 547675166342104 19.12 12.51 6.90
0111000000000000011 147 547675166342704 111000000000000000 547675166342204 19.12 12.51 6.90
0111000000000000011 147 547675166342704 111000000000000000 547675166342304 19.12 12.51 6.90
0111000000000000011 147 547675166342704 111000000000000000 547675166342404 19.12 12.51 6.90
0111000000000000011 147 547675166342704 111000000000000001 547675166342504 19.12 14.59 9.60
0111000000000000011 147 547675166342704 111000000000000011 547675166342604 19.12 16.68 9.60
0111000000000000011 147 547675166342704 111100000000000000 547675166342714 19.12 12.51 6.90
0111000000000000011 147 547675166342704 111110000000000000 547675166342724 19.12 12.51 6.90
0111000000000000011 147 547675166342704 111111000000000000 547675166342734 19.12 12.51 6.90
0111000000000000011 147 547675166342704 111111100000000000 547675166342744 19.12 12.51 9.60
0111000000000000011 147 547675166342704 111111110000000000 547675166342754 19.12 12.51 9.60
0111000000000000011 147 547675166342704 111111111000000000 547675166342764 19.12 12.51 9.60
0111000000000000011 147 547675166342704 111111111100000000 547675166342774 19.12 12.51 9.60
0111000000000000011 147 547675166342704 111111110000000000 547675166342700 19.12 12.51 9.60
0111000000000000011 147 547675166342704 111110000000000000 547675166342701 19.12 12.51 6.90
0111000000000000011 147 547675166342704 111100000000000000 547675166342702 19.12 12.51 6.90
0111000000000000011 147 547675166342704 111000000000000001 547675166342703 19.12 14.59 9.60
0111000000000000011 147 547675166342704 111000000000000111 547675166342705 19.12 16.68 9.60
0111000000000000011 147 547675166342704 110000000000000111 547675166342706 19.12 16.68 4.30
0111000000000000011 147 547675166342704 110000000000001111 547675166342707 19.12 16.68 9.60
0111000000000000011 158 071332437246007 111000000000000011 171332437246007 19.12 16.68 9.60
0111000000000000011 158 071332437246007 111000000000000011 271332437246007 19.12 16.68 9.60
0111000000000000011 158 071332437246007 111000000000000011 371332437246007 19.12 16.68 9.60
0111000000000000011 158 071332437246007 111000000000000011 471332437246007 19.12 16.68 9.60
0111000000000000011 158 071332437246007 111000000000000111 571332437246007 19.12 16.68 9.60
0111000000000000011 158 071332437246007 111000000000000111 671332437246007 19.12 16.68 9.60
0111000000000000011 158 071332437246007 111000000000000111 771332437246007 19.12 16.68 9.60
0111000000000000011 158 071332437246007 110000000000000111 001332437246007 19.12 16.68 4.30
0111000000000000011 158 071332437246007 110000000000000111 011332437246007 19.12 16.68 4.30
0111000000000000011 158 071332437246007 111000000000000111 021332437246007 19.12 16.68 9.60
0111000000000000011 158 071332437246007 111000000000000111 031332437246007 19.12 16.68 9.60
0111000000000000011 158 071332437246007 111000000000000111 041332437246007 19.12 16.68 9.60
0111000000000000011 158 071332437246007 111000000000000111 051332437246007 19.12 16.68 9.60
0111000000000000011 158 071332437246007 111000000000000011 061332437246007 19.12 16.68 9.60
0111000000000000011 158 071332437246007 111000000000000011 070332437246007 19.12 16.68 9.60
0111000000000000011 158 071332437246007 111000000000000111 072332437246007 19.12 16.68 9.60
0111000000000000011 158 071332437246007 111000000000000111 073332437246007 19.12 16.68 9.60
0111000000000000011 158 071332437246007 111000000000000111 074332437246007 19.12 16.68 9.60
0111000000000000011 158 071332437246007 111000000000000111 075332437246007 19.12 16.68 9.60
0111000000000000011 158 071332437246007 111000000000000111 076332437246007 19.12 16.68 9.60
0111000000000000011 158 071332437246007 111000000000000111 077332437246007 19.12 16.68 9.60
0111000000000000011 158 071332437246007 111110000000000001 071032437246007 19.12 14.59 9.60
0111000000000000011 158 071332437246007 111100000000000011 071132437246007 19.12 16.68 9.60
0111000000000000011 158 071332437246007 111100000000000011 071232437246007 19.12 16.68 9.60
0111000000000000011 158 071332437246007 111000000000000011 071432437246007 19.12 16.68 9.60
0111000000000000011 158 071332437246007 111000000000000111 071532437246007 19.12 16.68 9.60
0111000000000000011 158 071332437246007 111000000000000111 071632437246007 19.12 16.68 9.60
0111000000000000011 158 071332437246007 111000000000000111 071732437246007 19.12 16.68 9.60
0111000000000000011 158 071332437246007 111000000000000111 071302437246007 19.12 16.68 9.60
0111000000000000011 158 071332437246007 111000000000000111 071312437246007 19.12 16.68 9.60
0111000000000000011 158 071332437246007 111000000000000111 071322437246007 19.12 16.68 9.60
0111000000000000011 158 071332437246007 111000000000000011 071342437246007 19.12 16.68 9.60
0111000000000000011 158 071332437246007 111000000000000011 071352437246007 19.12 16.68 9.60
0111000000000000011 158 071332437246007 111000000000000011 071362437246007 19.12 16.68 9.60
0111000000000000011 158 071332437246007 111000000000000011 071372437246007 19.12 16.68 9.60
0111000000000000011 158 071332437246007 111100000000000001 071330437246007 19.12 14.59 9.60
0111000000000000011 158 071332437246007 111000000000000011 071331437246007 19.12 16.68 9.60
0111000000000000011 158 071332437246007 111000000000000111 071333437246007 19.12 16.68 9.60
0111000000000000011 158 071332437246007 111000000000000111 071334437246007 19.12 16.68 9.60
0111000000000000011 158 071332437246007 111000000000000111 071335437246007 19.12 16.68 9.60
0111000000000000011 158 071332437246007 111000000000000111 071336437246007 19.12 16.68 9.60
0111000000000000011 158 071332437246007 111000000000000111 071337437246007 19.12 16.68 9.60
0111000000000000011 158 071332437246007 111000000000001111 071332037246007 19.12 16.68 9.60
0111000000000000011 158 071332437246007 111000000000001111 071332137246007 19.12 16.68 9.60
0111000000000000011 158 071332437246007 111000000000000111 071332237246007 19.12 16.68 9.60
0111000000000000011 158 071332437246007 111000000000000111 071332337246007 19.12 16.68 9.60
0111000000000000011 158 071332437246007 111100000000000011 071332537246007 19.12 16.68 9.60
0111000000000000011 158 071332437246007 111100000000000011 071332637246007 19.12 16.68 9.60
0111000000000000011 158 071332437246007 111100000000000001 071332737246007 19.12 14.59 9.60
0111000000000000011 158 071332437246007 111000000000000011 071332407246007 19.12 16.68 9.60
0111000000000000011 158 071332437246007 111000000000000011 071332417246007 19.12 16.68 9.60
0111000000000000011 158 071332437246007 111000000000000011 071332427246007 19.12 16.68 9.60
0111000000000000011 158 071332437246007 111000000000000011 071332447246007 19.12 16.68 9.60
0111000000000000011 158 071332437246007 111000000000000011 071332457246007 19.12 16.68 9.60
0111000000000000011 158 071332437246007 111000000000000011 071332467246007 19.12 16.68 9.60
0111000000000000011 158 071332437246007 111000000000000011 071332477246007 19.12 16.68 9.60
0111000000000000011 158 071332437246007 111111111110000000 071332430246007 19.12 12.51 9.60
0111000000000000011 158 071332437246007 111111100000000000 071332431246007 19.12 12.51 9.60
0111000000000000011 158 071332437246007 111111000000000000 071332432246007 19.12 12.51 6.90
0111000000000000011 158 071332437246007 111110000000000001 071332433246007 19.12 14.59 9.60
0111000000000000011 158 071332437246007 111100000000000011 071332434246007 19.12 16.68 9.60
0111000000000000011 158 071332437246007 111100000000000011 071332435246007 19.12 16.68 9.60
0111000000000000011 158 071332437246007 111100000000000011 071332436246007 19.12 16.68 9.60
0111000000000000011 158 071332437246007 111110000000000000 071332437046007 19.12 12.51 6.90
0111000000000000011 158 071332437246007 111100000000000011 071332437146007 19.12 16.68 9.60
0111000000000000011 158 071332437246007 111000000000000111 071332437346007 19.12 16.68 9.60
0111000000000000011 158 071332437246007 111000000000000111 071332437446007 19.12 16.68 9.60
0111000000000000011 158 071332437246007 111000000000000111 071332437546007 19.12 16.68 9.60
0111000000000000011 158 071332437246007 111000000000000111 071332437646007 19.12 16.68 9.60
0111000000000000011 158 071332437246007 111000000000000111 071332437746007 19.12 16.68 9.60
0111000000000000011 158 071332437246007 111000000000000000 071332437206007 19.12 12.51 6.90
0111000000000000011 158 071332437246007 111000000000000000 071332437216007 19.12 12.51 6.90
0111000000000000011 158 071332437246007 111000000000000001 071332437226007 19.12 14.59 9.60
0111000000000000011 158 071332437246007 111000000000000011 071332437236007 19.12 16.68 9.60
0111000000000000011 158 071332437246007 111000000000000111 071332437256007 19.12 16.68 9.60
0111000000000000011 158 071332437246007 111100000000000111 071332437266007 19.12 16.68 12.20
0111000000000000011 158 071332437246007 111100000000000111 071332437276007 19.12 16.68 12.20
0111000000000000011 158 071332437246007 111111100000000000 071332437240007 19.12 12.51 9.60
0111000000000000011 158 071332437246007 111111000000000000 071332437241007 19.12 12.51 6.90
0111000000000000011 158 071332437246007 111110000000000000 071332437242007 19.12 12.51 6.90
0111000000000000011 158 071332437246007 111100000000000000 071332437243007 19.12 12.51 6.90
0111000000000000011 158 071332437246007 111100000000000000 071332437244007 19.12 12.51 6.90
0111000000000000011 158 071332437246007 111100000000000000 071332437245007 19.12 12.51 6.90
0111000000000000011 158 071332437246007 111000000000001111 071332437247007 19.12 16.68 9.60
0111000000000000011 158 071332437246007 111000000000000111 071332437246107 19.12 16.68 9.60
0111000000000000011 158 071332437246007 111000000000001111 071332437246207 19.12 16.68 9.60
0111000000000000011 158 071332437246007 111000000000011111 071332437246307 19.12 16.68 9.60
0111000000000000011 158 071332437246007 111000000000011111 071332437246407 19.12 16.68 9.60
0111000000000000011 158 071332437246007 111000000000011111 071332437246507 19.12 16.68 9.60
0111000000000000011 158 071332437246007 111000000000111111 071332437246607 19.12 16.68 9.60
0111000000000000011 158 071332437246007 111000000000111111 071332437246707 19.12 16.68 9.60
0111000000000000011 158 071332437246007 111100000000000011 071332437246017 19.12 16.68 9.60
0111000000000000011 158 071332437246007 111110000000000001 071332437246027 19.12 14.59 9.60
0111000000000000011 158 071332437246007 111111000000000000 071332437246037 19.12 12.51 6.90
0111000000000000011 158 071332437246007 111111000000000000 071332437246047 19.12 12.51 6.90
0111000000000000011 158 071332437246007 111111100000000000 071332437246057 19.12 12.51 9.60
0111000000000000011 158 071332437246007 111111110000000000 071332437246067 19.12 12.51 9.60
0111000000000000011 158 071332437246007 111111111000000000 071332437246077 19.12 12.51 9.60
0111000000000000011 158 071332437246007 111111111110000000 071332437246000 19.12 12.51 9.60
0111000000000000011 158 071332437246007 111111100000000000 071332437246001 19.12 12.51 9.60
0111000000000000011 158 071332437246007 111111000000000000 071332437246002 19.12 12.51 6.90
0111000000000000011 158 071332437246007 111110000000000001 071332437246003 19.12 14.59 9.60
0111000000000000011 158 071332437246007 111100000000000011 071332437246004 19.12 16.68 9.60
0111000000000000011 158 071332437246007 111100000000000011 071332437246005 19.12 16.68 9.60
0111000000000000011 158 071332437246007 111100000000000011 071332437246006 19.12 16.68 9.60
0111000000000000011 411 546543305714737 111000000000000111 046543305714737 19.12 16.68 9.60
0111000000000000011 411 546543305714737 111000000000000111 146543305714737 19.12 16.68 9.60
0111000000000000011 411 546543305714737 111000000000000011 246543305714737 19.12 16.68 9.60
0111000000000000011 411 546543305714737 111000000000000011 346543305714737 19.12 16.68 9.60
0111000000000000011 411 546543305714737 111000000000000011 446543305714737 19.12 16.68 9.60
0111000000000000011 411 546543305714737 111000000000000011 646543305714737 19.12 16.68 9.60
0111000000000000011 411 546543305714737 111000000000000011 746543305714737 19.12 16.68 9.60
0111000000000000011 411 546543305714737 110000000000000011 506543305714737 19.12 16.68 9.60
0111000000000000011 411 546543305714737 111000000000000011 516543305714737 19.12 16.68 9.60
0111000000000000011 411 546543305714737 111000000000000011 526543305714737 19.12 16.68 9.60
0111000000000000011 411 546543305714737 111000000000000011 536543305714737 19.12 16.68 9.60
0111000000000000011 411 546543305714737 111000000000000011 556543305714737 19.12 16.68 9.60
0111000000000000011 411 546543305714737 111000000000000011 566543305714737 19.12 16.68 9.60
0111000000000000011 411 546543305714737 111000000000000001 576543305714737 19.12 14.59 9.60
0111000000000000011 411 546543305714737 110000000000000111 540543305714737 19.12 16.68 4.30
0111000000000000011 411 546543305714737 111000000000000011 541543305714737 19.12 16.68 9.60
0111000000000000011 411 546543305714737 111000000000000001 542543305714737 19.12 14.59 9.60
0111000000000000011 411 546543305714737 111000000000000001 543543305714737 19.12 14.59 9.60
0111000000000000011 411 546543305714737 111000000000000001 544543305714737 19.12 14.59 9.60
0111000000000000011 411 546543305714737 111000000000000011 545543305714737 19.12 16.68 9.60
0111000000000000011 411 546543305714737 111000000000000011 547543305714737 19.12 16.68 9.60
0111000000000000011 411 546543305714737 111110000000000000 546043305714737 19.12 12.51 6.90
0111000000000000011 411 546543305714737 111100000000000001 546143305714737 19.12 14.59 9.60
0111000000000000011 411 546543305714737 111000000000000001 546243305714737 19.12 14.59 9.60
0111000000000000011 411 546543305714737 111000000000000001 546343305714737 19.12 14.59 9.60
0111000000000000011 411 546543305714737 111000000000000011 546443305714737 19.12 16.68 9.60
0111000000000000011 411 546543305714737 111000000000000011 546643305714737 19.12 16.68 9.60
0111000000000000011 411 546543305714737 111000000000000011 546743305714737 19.12 16.68 9.60
0111000000000000011 411 546543305714737 111000000000001111 546503305714737 19.12 16.68 9.60
0111000000000000011 411 546543305714737 111000000000000111 546513305714737 19.12 16.68 9.60
0111000000000000011 411 546543305714737 111000000000000011 546523305714737 19.12 16.68 9.60
0111000000000000011 411 546543305714737 111000000000000011 546533305714737 19.12 16.68 9.60
0111000000000000011 411 546543305714737 111000000000000001 546553305714737 19.12 14.59 9.60
0111000000000000011 411 546543305714737 111000000000000001 546563305714737 19.12 14.59 9.60
0111000000000000011 411 546543305714737 111000000000000001 546573305714737 19.12 14.59 9.60
0111000000000000011 411 546543305714737 111000000000000000 546540305714737 19.12 12.51 6.90
0111000000000000011 411 546543305714737 111000000000000001 546541305714737 19.12 14.59 9.60
0111000000000000011 411 546543305714737 111000000000000001 546542305714737 19.12 14.59 9.60
0111000000000000011 411 546543305714737 111000000000000011 546544305714737 19.12 16.68 9.60
0111000000000000011 411 546543305714737 111000000000000011 546545305714737 19.12 16.68 9.60
0111000000000000011 411 546543305714737 111000000000000011 546546305714737 19.12 16.68 9.60
0111000000000000011 411 546543305714737 111000000000000111 546547305714737 19.12 16.68 9.60
0111000000000000011 411 546543305714737 110000000000011111 546543005714737 19.12 16.68 9.60
0111000000000000011 411 546543305714737 110000000000001111 546543105714737 19.12 16.68 9.60
0111000000000000011 411 546543305714737 111000000000000111 546543205714737 19.12 16.68 9.60
0111000000000000011 411 546543305714737 111000000000000001 546543405714737 19.12 14.59 9.60
0111000000000000011 411 546543305714737 111100000000000000 546543505714737 19.12 12.51 6.90
0111000000000000011 411 546543305714737 111100000000000000 546543605714737 19.12 12.51 6.90
0111000000000000011 411 546543305714737 111100000000000000 546543705714737 19.12 12.51 6.90
0111000000000000011 411 546543305714737 111000000000000011 546543315714737 19.12 16.68 9.60
0111000000000000011 411 546543305714737 111000000000000011 546543325714737 19.12 16.68 9.60
0111000000000000011 411 546543305714737 111000000000000011 546543335714737 19.12 16.68 9.60
0111000000000000011 411 546543305714737 111000000000000011 546543345714737 19.12 16.68 9.60
0111000000000000011 411 546543305714737 111000000000000011 546543355714737 19.12 16.68 9.60
0111000000000000011 411 546543305714737 111000000000000011 546543365714737 19.12 16.68 9.60
0111000000000000011 411 546543305714737 111000000000000011 546543375714737 19.12 16.68 9.60
0111000000000000011 411 546543305714737 111111111000000000 546543300714737 19.12 12.51 9.60
0111000000000000011 411 546543305714737 111111000000000000 546543301714737 19.12 12.51 6.90
0111000000000000011 411 546543305714737 111110000000000000 546543302714737 19.12 12.51 6.90
0111000000000000011 411 546543305714737 111100000000000001 546543303714737 19.12 14.59 9.60
0111000000000000011 411 546543305714737 111000000000000001 546543304714737 19.12 14.59 9.60
0111000000000000011 411 546543305714737 111000000000000011 546543306714737 19.12 16.68 9.60
0111000000000000011 411 546543305714737 111000000000000011 546543307714737 19.12 16.68 9.60
0111000000000000011 411 546543305714737 111111111110000000 546543305014737 19.12 12.51 9.60
0111000000000000011 411 546543305714737 111111100000000000 546543305114737 19.12 12.51 9.60
0111000000000000011 411 546543305714737 111110000000000000 546543305214737 19.12 12.51 6.90
0111000000000000011 411 546543305714737 111110000000000000 546543305314737 19.12 12.51 6.90
0111000000000000011 411 546543305714737 111100000000000001 546543305414737 19.12 14.59 9.60
0111000000000000011 411 546543305714737 111100000000000001 546543305514737 19.12 14.59 9.60
0111000000000000011 411 546543305714737 111000000000000001 546543305614737 19.12 14.59 9.60
0111000000000000011 411 546543305714737 111000000000000000 546543305704737 19.12 12.51 6.90
0111000000000000011 411 546543305714737 111000000000000111 546543305724737 19.12 16.68 9.60
0111000000000000011 411 546543305714737 111000000000000111 546543305734737 19.12 16.68 9.60
0111000000000000011 411 546543305714737 111000000000000111 546543305744737 19.12 16.68 9.60
0111000000000000011 411 546543305714737 111100000000000111 546543305754737 19.12 16.68 12.20
0111000000000000011 411 546543305714737 111100000000001111 546543305764737 19.12 16.68 12.20
0111000000000000011 411 546543305714737 111100000000001111 546543305774737 19.12 16.68 12.20
0111000000000000011 411 546543305714737 111111000000000000 546543305710737 19.12 12.51 6.90
0111000000000000011 411 546543305714737 111110000000000000 546543305711737 19.12 12.51 6.90
0111000000000000011 411 546543305714737 111100000000000000 546543305712737 19.12 12.51 6.90
0111000000000000011 411 546543305714737 111000000000000000 546543305713737 19.12 12.51 6.90
0111000000000000011 411 546543305714737 111000000000001111 546543305715737 19.12 16.68 9.60
0111000000000000011 411 546543305714737 111000000000011111 546543305716737 19.12 16.68 9.60
0111000000000000011 411 546543305714737 110000000000111111 546543305717737 19.12 16.68 9.60
0111000000000000011 411 546543305714737 111000000000000000 546543305714037 19.12 12.51 6.90
0111000000000000011 411 546543305714737 111000000000000000 546543305714137 19.12 12.51 6.90
0111000000000000011 411 546543305714737 111000000000000000 546543305714237 19.12 12.51 6.90
0111000000000000011 411 546543305714737 111000000000000000 546543305714337 19.12 12.51 6.90
0111000000000000011 411 546543305714737 111000000000000000 546543305714437 19.12 12.51 6.90
0111000000000000011 411 546543305714737 111000000000000001 546543305714537 19.12 14.59 9.60
0111000000000000011 411 546543305714737 111000000000000001 546543305714637 19.12 14.59 9.60
0111000000000000011 411 546543305714737 110000000000001111 546543305714707 19.12 16.68 9.60
0111000000000000011 411 546543305714737 110000000000000111 546543305714717 19.12 16.68 4.30
0111000000000000011 411 546543305714737 111000000000000011 546543305714727 19.12 16.68 9.60
0111000000000000011 411 546543305714737 111000000000000001 546543305714747 19.12 14.59 9.60
0111000000000000011 411 546543305714737 111100000000000001 546543305714757 19.12 14.59 9.60
0111000000000000011 411 546543305714737 111100000000000001 546543305714767 19.12 14.59 9.60
0111000000000000011 411 546543305714737 111100000000000000 546543305714777 19.12 12.51 6.90
0111000000000000011 411 546543305714737 111111111100000000 546543305714730 19.12 12.51 9.60
0111000000000000011 411 546543305714737 111111100000000000 546543305714731 19.12 12.51 9.60
0111000000000000011 411 546543305714737 111110000000000000 546543305714732 19.12 12.51 6.90
0111000000000000011 411 546543305714737 111110000000000000 546543305714733 19.12 12.51 6.90
0111000000000000011 411 546543305714737 111100000000000001 546543305714734 19.12 14.59 9.60
0111000000000000011 411 546543305714737 111100000000000001 546543305714735 19.12 14.59 9.60
0111000000000000011 411 546543305714737 111000000000000001 546543305714736 19.12 14.59 9.60
0111000000000000011 578 615321015521526 111000000000000000 015321015521526 19.12 12.51 6.90
0111000000000000011 578 615321015521526 111000000000000000 115321015521526 19.12 12.51 6.90
0111000000000000011 578 615321015521526 111000000000000000 215321015521526 19.12 12.51 6.90
0111000000000000011 578 615321015521526 111000000000000000 315321015521526 19.12 12.51 6.90
0111000000000000011 578 615321015521526 110000000000000000 415321015521526 19.12 12.51 6.90
0111000000000000011 578 615321015521526 110000000000000000 515321015521526 19.12 12.51 6.90
0111000000000000011 578 615321015521526 111111100011111111 715321015521526 19.12 16.68 12.20
0111000000000000011 578 615321015521526 111111111111111111 605321015521526 19.12 4.17 4.30
0111000000000000011 578 615321015521526 111000000000000000 625321015521526 19.12 12.51 6.90
0111000000000000011 578 615321015521526 111000000000000000 635321015521526 19.12 12.51 6.90
0111000000000000011 578 615321015521526 111000000000000000 645321015521526 19.12 12.51 6.90
0111000000000000011 578 615321015521526 111100000000000000 655321015521526 19.12 12.51 6.90
0111000000000000011 578 615321015521526 111100000000000000 665321015521526 19.12 12.51 6.90
0111000000000000011 578 615321015521526 111100000000000000 675321015521526 19.12 12.51 6.90
0111000000000000011 578 615321015521526 111111111111111111 610321015521526 19.12 4.17 4.30
0111000000000000011 578 615321015521526 111111111111111111 611321015521526 19.12 4.17 4.30
0111000000000000011 578 615321015521526 111111111111111111 612321015521526 19.12 4.17 4.30
0111000000000000011 578 615321015521526 111111111111111111 613321015521526 19.12 4.17 4.30
0111000000000000011 578 615321015521526 111111111111111111 614321015521526 19.12 4.17 4.30
0111000000000000011 578 615321015521526 110000000000000000 616321015521526 19.12 12.51 6.90
0111000000000000011 578 615321015521526 110000000000000000 617321015521526 19.12 12.51 6.90
0111000000000000011 578 615321015521526 111100000000000000 615021015521526 19.12 12.51 6.90
0111000000000000011 578 615321015521526 111000000000000000 615121015521526 19.12 12.51 6.90
0111000000000000011 578 615321015521526 111000000000000000 615221015521526 19.12 12.51 6.90
0111000000000000011 578 615321015521526 111111111111111111 615421015521526 19.12 4.17 4.30
0111000000000000011 578 615321015521526 111111111111111111 615521015521526 19.12 4.17 4.30
0111000000000000011 578 615321015521526 111111111111111111 615621015521526 19.12 4.17 4.30
0111000000000000011 578 615321015521526 111111111111111111 615721015521526 19.12 4.17 4.30
0111000000000000011 578 615321015521526 111000000000000011 615301015521526 19.12 16.68 9.60
0111000000000000011 578 615321015521526 111000000000000011 615311015521526 19.12 16.68 9.60
0111000000000000011 578 615321015521526 111000000000000011 615331015521526 19.12 16.68 9.60
0111000000000000011 578 615321015521526 111000000000000011 615341015521526 19.12 16.68 9.60
0111000000000000011 578 615321015521526 111000000000000011 615351015521526 19.12 16.68 9.60
0111000000000000011 578 615321015521526 111000000000000011 615361015521526 19.12 16.68 9.60
0111000000000000011 578 615321015521526 111000000000000011 615371015521526 19.12 16.68 9.60
0111000000000000011 578 615321015521526 110000000000000000 615320015521526 19.12 12.51 6.90
0111000000000000011 578 615321015521526 111111111111111111 615322015521526 19.12 4.17 4.30
0111000000000000011 578 615321015521526 111111111111111111 615323015521526 19.12 4.17 4.30
0111000000000000011 578 615321015521526 111111111111111111 615324015521526 19.12 4.17 4.30
0111000000000000011 578 615321015521526 111111111111111111 615325015521526 19.12 4.17 4.30
0111000000000000011 578 615321015521526 111111111111111111 615326015521526 19.12 4.17 4.30
0111000000000000011 578 615321015521526 111111111111111111 615327015521526 19.12 4.17 4.30
0111000000000000011 578 615321015521526 111000000000000000 615321115521526 19.12 12.51 6.90
0111000000000000011 578 615321015521526 111100000000000000 615321215521526 19.12 12.51 6.90
0111000000000000011 578 615321015521526 111110000000000000 615321315521526 19.12 12.51 6.90
0111000000000000011 578 615321015521526 111111000000000000 615321415521526 19.12 12.51 6.90
0111000000000000011 578 615321015521526 111111100000000000 615321515521526 19.12 12.51 9.60
0111000000000000011 578 615321015521526 111111110000000000 615321615521526 19.12 12.51 9.60
0111000000000000011 578 615321015521526 111111111000000000 615321715521526 19.12 12.51 9.60
0111000000000000011 578 615321015521526 111000000000000011 615321005521526 19.12 16.68 9.60
0111000000000000011 578 615321015521526 111000000000000011 615321025521526 19.12 16.68 9.60
0111000000000000011 578 615321015521526 111000000000000011 615321035521526 19.12 16.68 9.60
0111000000000000011 578 615321015521526 111000000000000011 615321045521526 19.12 16.68 9.60
0111000000000000011 578 615321015521526 111000000000000011 615321055521526 19.12 16.68 9.60
0111000000000000011 578 615321015521526 111000000000000011 615321065521526 19.12 16.68 9.60
0111000000000000011 578 615321015521526 111000000000000011 615321075521526 19.12 16.68 9.60
0111000000000000011 578 615321015521526 111111110000000000 615321010521526 19.12 12.51 9.60
0111000000000000011 578 615321015521526 111110000000000000 615321011521526 19.12 12.51 6.90
0111000000000000011 578 615321015521526 111100000000000000 615321012521526 19.12 12.51 6.90
0111000000000000011 578 615321015521526 111000000000000000 615321013521526 19.12 12.51 6.90
0111000000000000011 578 615321015521526 111000000000000000 615321014521526 19.12 12.51 6.90
0111000000000000011 578 615321015521526 111111111111111111 615321016521526 19.12 4.17 4.30
0111000000000000011 578 615321015521526 111111111111111111 615321017521526 19.12 4.17 4.30
0111000000000000011 578 615321015521526 111111110000000000 615321015021526 19.12 12.51 9.60
0111000000000000011 578 615321015521526 111100000000000000 615321015121526 19.12 12.51 6.90
0111000000000000011 578 615321015521526 111000000000000000 615321015221526 19.12 12.51 6.90
0111000000000000011 578 615321015521526 111000000000000000 615321015321526 19.12 12.51 6.90
0111000000000000011 578 615321015521526 111000000000000000 615321015421526 19.12 12.51 6.90
0111000000000000011 578 615321015521526 111111111111111111 615321015621526 19.12 4.17 4.30
0111000000000000011 578 615321015521526 111111111111111111 615321015721526 19.12 4.17 4.30
0111000000000000011 578 615321015521526 111000000000000000 615321015501526 19.12 12.51 6.90
0111000000000000011 578 615321015521526 111000000000000001 615321015511526 19.12 14.59 9.60
0111000000000000011 578 615321015521526 111000000000000111 615321015531526 19.12 16.68 9.60
0111000000000000011 578 615321015521526 111000000000000111 615321015541526 19.12 16.68 9.60
0111000000000000011 578 615321015521526 111000000000000111 615321015551526 19.12 16.68 9.60
0111000000000000011 578 615321015521526 111000000000000111 615321015561526 19.12 16.68 9.60
0111000000000000011 578 615321015521526 111000000000000111 615321015571526 19.12 16.68 9.60
0111000000000000011 578 615321015521526 111111111111111111 615321015520526 19.12 4.17 4.30
0111000000000000011 578 615321015521526 110000000000000111 615321015522526 19.12 16.68 4.30
0111000000000000011 578 615321015521526 110000000000001111 615321015523526 19.12 16.68 9.60
0111000000000000011 578 615321015521526 110000000000111111 615321015524526 19.12 16.68 9.60
0111000000000000011 578 615321015521526 110000000001111111 615321015525526 19.12 16.68 9.60
0111000000000000011 578 615321015521526 110000000001111111 615321015526526 19.12 16.68 9.60
0111000000000000011 578 615321015521526 110000000011111111 615321015527526 19.12 16.68 9.60
0111000000000000011 578 615321015521526 111000000000000000 615321015521026 19.12 12.51 6.90
0111000000000000011 578 615321015521526 111000000000000000 615321015521126 19.12 12.51 6.90
0111000000000000011 578 615321015521526 111000000000000000 615321015521226 19.12 12.51 6.90
0111000000000000011 578 615321015521526 111000000000000000 615321015521326 19.12 12.51 6.90
0111000000000000011 578 615321015521526 111000000000000001 615321015521426 19.12 14.59 9.60
0111000000000000011 578 615321015521526 111000000000000111 615321015521626 19.12 16.68 9.60
0111000000000000011 578 615321015521526 111000000000000111 615321015521726 19.12 16.68 9.60
0111000000000000011 578 615321015521526 111111111111111111 615321015521506 19.12 4.17 4.30
0111000000000000011 578 615321015521526 111111111111111111 615321015521516 19.12 4.17 4.30
0111000000000000011 578 615321015521526 111000000000000000 615321015521536 19.12 12.51 6.90
0111000000000000011 578 615321015521526 111000000000000000 615321015521546 19.12 12.51 6.90
0111000000000000011 578 615321015521526 111000000000000000 615321015521556 19.12 12.51 6.90
0111000000000000011 578 615321015521526 111100000000000000 615321015521566 19.12 12.51 6.90
0111000000000000011 578 615321015521526 111100000000000000 615321015521576 19.12 12.51 6.90
0111000000000000011 578 615321015521526 111111111000000000 615321015521520 19.12 12.51 9.60
0111000000000000011 578 615321015521526 111110000000000000 615321015521521 19.12 12.51 6.90
0111000000000000011 578 615321015521526 111100000000000000 615321015521522 19.12 12.51 6.90
0111000000000000011 578 615321015521526 111000000000000000 615321015521523 19.12 12.51 6.90
0111000000000000011 578 615321015521526 111000000000000000 615321015521524 19.12 12.51 6.90
0111000000000000011 578 615321015521526 111000000000000000 615321015521525 19.12 12.51 6.90
0111000000000000011 578 615321015521526 111111111111111111 615321015521527 19.12 4.17 4.30
0111000000000000011 1153 523275345744437 111100000000000111 023275345744437 19.12 16.68 12.20
0111000000000000011 1153 523275345744437 111100000000000011 123275345744437 19.12 16.68 9.60
0111000000000000011 1153 523275345744437 111100000000000011 223275345744437 19.12 16.68 9.60
0111000000000000011 1153 523275345744437 111100000000000011 323275345744437 19.12 16.68 9.60
0111000000000000011 1153 523275345744437 111000000000000011 423275345744437 19.12 16.68 9.60
0111000000000000011 1153 523275345744437 111000000000000011 623275345744437 19.12 16.68 9.60
0111000000000000011 1153 523275345744437 111000000000000011 723275345744437 19.12 16.68 9.60
0111000000000000011 1153 523275345744437 111000000000000011 503275345744437 19.12 16.68 9.60
0111000000000000011 1153 523275345744437 111000000000000011 513275345744437 19.12 16.68 9.60
0111000000000000011 1153 523275345744437 111100000000000001 533275345744437 19.12 14.59 9.60
0111000000000000011 1153 523275345744437 111100000000000001 543275345744437 19.12 14.59 9.60
0111000000000000011 1153 523275345744437 111100000000000001 553275345744437 19.12 14.59 9.60
0111000000000000011 1153 523275345744437 111100000000000001 563275345744437 19.12 14.59 9.60
0111000000000000011 1153 523275345744437 111100000000000001 573275345744437 19.12 14.59 9.60
0111000000000000011 1153 523275345744437 111000000000000111 520275345744437 19.12 16.68 9.60
0111000000000000011 1153 523275345744437 111000000000000011 521275345744437 19.12 16.68 9.60
0111000000000000011 1153 523275345744437 111000000000000001 522275345744437 19.12 14.59 9.60
0111000000000000011 1153 523275345744437 111000000000000011 524275345744437 19.12 16.68 9.60
0111000000000000011 1153 523275345744437 111000000000000011 525275345744437 19.12 16.68 9.60
0111000000000000011 1153 523275345744437 111100000000000011 526275345744437 19.12 16.68 9.60
0111000000000000011 1153 523275345744437 111100000000000011 527275345744437 19.12 16.68 9.60
0111000000000000011 1153 523275345744437 111100000000000001 523075345744437 19.12 14.59 9.60
0111000000000000011 1153 523275345744437 111100000000000001 523175345744437 19.12 14.59 9.60
0111000000000000011 1153 523275345744437 111000000000000011 523375345744437 19.12 16.68 9.60
0111000000000000011 1153 523275345744437 111000000000000011 523475345744437 19.12 16.68 9.60
0111000000000000011 1153 523275345744437 111000000000000011 523575345744437 19.12 16.68 9.60
0111000000000000011 1153 523275345744437 111000000000000011 523675345744437 19.12 16.68 9.60
0111000000000000011 1153 523275345744437 111000000000000011 523775345744437 19.12 16.68 9.60
0111000000000000011 1153 523275345744437 111000000000001111 523205345744437 19.12 16.68 9.60
0111000000000000011 1153 523275345744437 111000000000000111 523215345744437 19.12 16.68 9.60
0111000000000000011 1153 523275345744437 111000000000000111 523225345744437 19.12 16.68 9.60
0111000000000000011 1153 523275345744437 111000000000000011 523235345744437 19.12 16.68 9.60
0111000000000000011 1153 523275345744437 111000000000000011 523245345744437 19.12 16.68 9.60
0111000000000000011 1153 523275345744437 111000000000000011 523255345744437 19.12 16.68 9.60
0111000000000000011 1153 523275345744437 111000000000000011 523265345744437 19.12 16.68 9.60
0111000000000000011 1153 523275345744437 111100000000000000 523270345744437 19.12 12.51 6.90
0111000000000000011 1153 523275345744437 111000000000000000 523271345744437 19.12 12.51 6.90
0111000000000000011 1153 523275345744437 111000000000000001 523272345744437 19.12 14.59 9.60
0111000000000000011 1153 523275345744437 111000000000000001 523273345744437 19.12 14.59 9.60
0111000000000000011 1153 523275345744437 111000000000000001 523274345744437 19.12 14.59 9.60
0111000000000000011 1153 523275345744437 111000000000000011 523276345744437 19.12 16.68 9.60
0111000000000000011 1153 523275345744437 111000000000000011 523277345744437 19.12 16.68 9.60
0111000000000000011 1153 523275345744437 111000000000001111 523275045744437 19.12 16.68 9.60
0111000000000000011 1153 523275345744437 110000000000001111 523275145744437 19.12 16.68 9.60
0111000000000000011 1153 523275345744437 111000000000000111 523275245744437 19.12 16.68 9.60
0111000000000000011 1153 523275345744437 111100000000000001 523275445744437 19.12 14.59 9.60
0111000000000000011 1153 523275345744437 111100000000000000 523275545744437 19.12 12.51 6.90
0111000000000000011 1153 523275345744437 111110000000000000 523275645744437 19.12 12.51 6.90
0111000000000000011 1153 523275345744437 111110000000000000 523275745744437 19.12 12.51 6.90
0111000000000000011 1153 523275345744437 111000000000000011 523275305744437 19.12 16.68 9.60
0111000000000000011 1153 523275345744437 111000000000000011 523275315744437 19.12 16.68 9.60
0111000000000000011 1153 523275345744437 111000000000000011 523275325744437 19.12 16.68 9.60
0111000000000000011 1153 523275345744437 111000000000000011 523275335744437 19.12 16.68 9.60
0111000000000000011 1153 523275345744437 111000000000000011 523275355744437 19.12 16.68 9.60
0111000000000000011 1153 523275345744437 111000000000000011 523275365744437 19.12 16.68 9.60
0111000000000000011 1153 523275345744437 111000000000000011 523275375744437 19.12 16.68 9.60
0111000000000000011 1153 523275345744437 111111111110000000 523275340744437 19.12 12.51 9.60
0111000000000000011 1153 523275345744437 111111100000000000 523275341744437 19.12 12.51 9.60
0111000000000000011 1153 523275345744437 111110000000000000 523275342744437 19.12 12.51 6.90
0111000000000000011 1153 523275345744437 111100000000000001 523275343744437 19.12 14.59 9.60
0111000000000000011 1153 523275345744437 111100000000000001 523275344744437 19.12 14.59 9.60
0111000000000000011 1153 523275345744437 111000000000000011 523275346744437 19.12 16.68 9.60
0111000000000000011 1153 523275345744437 111000000000000011 523275347744437 19.12 16.68 9.60
0111000000000000011 1153 523275345744437 111111111111111000 523275345044437 19.12 12.51 9.60
0111000000000000011 1153 523275345744437 111111111000000000 523275345144437 19.12 12.51 9.60
0111000000000000011 1153 523275345744437 111111100000000000 523275345244437 19.12 12.51 9.60
0111000000000000011 1153 523275345744437 111110000000000000 523275345344437 19.12 12.51 6.90
0111000000000000011 1153 523275345744437 111110000000000000 523275345444437 19.12 12.51 6.90
0111000000000000011 1153 523275345744437 111100000000000001 523275345544437 19.12 14.59 9.60
0111000000000000011 1153 523275345744437 111100000000000001 523275345644437 19.12 14.59 9.60
0111000000000000011 1153 523275345744437 111000000000000000 523275345704437 19.12 12.51 6.90
0111000000000000011 1153 523275345744437 111000000000000000 523275345714437 19.12 12.51 6.90
0111000000000000011 1153 523275345744437 111000000000000001 523275345724437 19.12 14.59 9.60
0111000000000000011 1153 523275345744437 111000000000000001 523275345734437 19.12 14.59 9.60
0111000000000000011 1153 523275345744437 111100000000000011 523275345754437 19.12 16.68 9.60
0111000000000000011 1153 523275345744437 111100000000000011 523275345764437 19.12 16.68 9.60
0111000000000000011 1153 523275345744437 111100000000000011 523275345774437 19.12 16.68 9.60
0111000000000000011 1153 523275345744437 111111110000000000 523275345740437 19.12 12.51 9.60
0111000000000000011 1153 523275345744437 111111000000000000 523275345741437 19.12 12.51 6.90
0111000000000000011 1153 523275345744437 111110000000000000 523275345742437 19.12 12.51 6.90
0111000000000000011 1153 523275345744437 111100000000000000 523275345743437 19.12 12.51 6.90
0111000000000000011 1153 523275345744437 111000000000001111 523275345745437 19.12 16.68 9.60
0111000000000000011 1153 523275345744437 111000000000011111 523275345746437 19.12 16.68 9.60
0111000000000000011 1153 523275345744437 111000000001111111 523275345747437 19.12 16.68 12.20
0111000000000000011 1153 523275345744437 111000000000000000 523275345744037 19.12 12.51 6.90
0111000000000000011 1153 523275345744437 111000000000000000 523275345744137 19.12 12.51 6.90
0111000000000000011 1153 523275345744437 111000000000000000 523275345744237 19.12 12.51 6.90
0111000000000000011 1153 523275345744437 111000000000000001 523275345744337 19.12 14.59 9.60
0111000000000000011 1153 523275345744437 111000000000000011 523275345744537 19.12 16.68 9.60
0111000000000000011 1153 523275345744437 111000000000000011 523275345744637 19.12 16.68 9.60
0111000000000000011 1153 523275345744437 111000000000000111 523275345744737 19.12 16.68 9.60
0111000000000000011 1153 523275345744437 110000000000011111 523275345744407 19.12 16.68 9.60
0111000000000000011 1153 523275345744437 110000000000000111 523275345744417 19.12 16.68 4.30
0111000000000000011 1153 523275345744437 111000000000000011 523275345744427 19.12 16.68 9.60
0111000000000000011 1153 523275345744437 111100000000000001 523275345744447 19.12 14.59 9.60
0111000000000000011 1153 523275345744437 111100000000000000 523275345744457 19.12 12.51 6.90
0111000000000000011 1153 523275345744437 111110000000000000 523275345744467 19.12 12.51 6.90
0111000000000000011 1153 523275345744437 111110000000000000 523275345744477 19.12 12.51 6.90
0111000000000000011 1153 523275345744437 111111111111110000 523275345744430 19.12 12.51 9.60
0111000000000000011 1153 523275345744437 111111111000000000 523275345744431 19.12 12.51 9.60
0111000000000000011 1153 523275345744437 111111100000000000 523275345744432 19.12 12.51 9.60
0111000000000000011 1153 523275345744437 111110000000000000 523275345744433 19.12 12.51 6.90
0111000000000000011 1153 523275345744437 111110000000000000 523275345744434 19.12 12.51 6.90
0111000000000000011 1153 523275345744437 111100000000000001 523275345744435 19.12 14.59 9.60
0111000000000000011 1153 523275345744437 111100000000000001 523275345744436 19.12 14.59 9.60
0111000000000000011 1211 623633234354316 111100000000000111 023633234354316 19.12 16.68 12.20
0111000000000000011 1211 623633234354316 111100000000000111 123633234354316 19.12 16.68 12.20
0111000000000000011 1211 623633234354316 111100000000000011 223633234354316 19.12 16.68 9.60
0111000000000000011 1211 623633234354316 111100000000000011 323633234354316 19.12 16.68 9.60
0111000000000000011 1211 623633234354316 111000000000000011 423633234354316 19.12 16.68 9.60
0111000000000000011 1211 623633234354316 111000000000000011 523633234354316 19.12 16.68 9.60
0111000000000000011 1211 623633234354316 111000000000000111 723633234354316 19.12 16.68 9.60
0111000000000000011 1211 623633234354316 110000000000000111 603633234354316 19.12 16.68 4.30
0111000000000000011 1211 623633234354316 111000000000000111 613633234354316 19.12 16.68 9.60
0111000000000000011 1211 623633234354316 111000000000000011 633633234354316 19.12 16.68 9.60
0111000000000000011 1211 623633234354316 111100000000000011 643633234354316 19.12 16.68 9.60
0111000000000000011 1211 623633234354316 111100000000000011 653633234354316 19.12 16.68 9.60
0111000000000000011 1211 623633234354316 111100000000000011 663633234354316 19.12 16.68 9.60
0111000000000000011 1211 623633234354316 111100000000000001 673633234354316 19.12 14.59 9.60
0111000000000000011 1211 623633234354316 110000000000011111 620633234354316 19.12 16.68 9.60
0111000000000000011 1211 623633234354316 111000000000001111 621633234354316 19.12 16.68 9.60
0111000000000000011 1211 623633234354316 111000000000000111 622633234354316 19.12 16.68 9.60
0111000000000000011 1211 623633234354316 111000000000000011 624633234354316 19.12 16.68 9.60
0111000000000000011 1211 623633234354316 111000000000000011 625633234354316 19.12 16.68 9.60
0111000000000000011 1211 623633234354316 111000000000000011 626633234354316 19.12 16.68 9.60
0111000000000000011 1211 623633234354316 111100000000000011 627633234354316 19.12 16.68 9.60
0111000000000000011 1211 623633234354316 111110000000000000 623033234354316 19.12 12.51 6.90
0111000000000000011 1211 623633234354316 111100000000000001 623133234354316 19.12 14.59 9.60
0111000000000000011 1211 623633234354316 111100000000000011 623233234354316 19.12 16.68 9.60
0111000000000000011 1211 623633234354316 111100000000000011 623333234354316 19.12 16.68 9.60
0111000000000000011 1211 623633234354316 111000000000000011 623433234354316 19.12 16.68 9.60
0111000000000000011 1211 623633234354316 111000000000000011 623533234354316 19.12 16.68 9.60
0111000000000000011 1211 623633234354316 111000000000000111 623733234354316 19.12 16.68 9.60
0111000000000000011 1211 623633234354316 111000000000001111 623603234354316 19.12 16.68 9.60
0111000000000000011 1211 623633234354316 111000000000000111 623613234354316 19.12 16.68 9.60
0111000000000000011 1211 623633234354316 111000000000000111 623623234354316 19.12 16.68 9.60
0111000000000000011 1211 623633234354316 111000000000000011 623643234354316 19.12 16.68 9.60
0111000000000000011 1211 623633234354316 111000000000000011 623653234354316 19.12 16.68 9.60
0111000000000000011 1211 623633234354316 111000000000000011 623663234354316 19.12 16.68 9.60
0111000000000000011 1211 623633234354316 111000000000000011 623673234354316 19.12 16.68 9.60
0111000000000000011 1211 623633234354316 111000000000000001 623630234354316 19.12 14.59 9.60
0111000000000000011 1211 623633234354316 111000000000000011 623631234354316 19.12 16.68 9.60
0111000000000000011 1211 623633234354316 111000000000000011 623632234354316 19.12 16.68 9.60
0111000000000000011 1211 623633234354316 111000000000000111 623634234354316 19.12 16.68 9.60
0111000000000000011 1211 623633234354316 111000000000000111 623635234354316 19.12 16.68 9.60
0111000000000000011 1211 623633234354316 111000000000000111 623636234354316 19.12 16.68 9.60
0111000000000000011 1211 623633234354316 111000000000000111 623637234354316 19.12 16.68 9.60
0111000000000000011 1211 623633234354316 110000000000111111 623633034354316 19.12 16.68 9.60
0111000000000000011 1211 623633234354316 110000000000001111 623633134354316 19.12 16.68 9.60
0111000000000000011 1211 623633234354316 111100000000000001 623633334354316 19.12 14.59 9.60
0111000000000000011 1211 623633234354316 111110000000000000 623633434354316 19.12 12.51 6.90
0111000000000000011 1211 623633234354316 111110000000000000 623633534354316 19.12 12.51 6.90
0111000000000000011 1211 623633234354316 111111000000000000 623633634354316 19.12 12.51 6.90
0111000000000000011 1211 623633234354316 111111100000000000 623633734354316 19.12 12.51 9.60
0111000000000000011 1211 623633234354316 111000000000000011 623633204354316 19.12 16.68 9.60
0111000000000000011 1211 623633234354316 111000000000000011 623633214354316 19.12 16.68 9.60
0111000000000000011 1211 623633234354316 111000000000000011 623633224354316 19.12 16.68 9.60
0111000000000000011 1211 623633234354316 111000000000000011 623633244354316 19.12 16.68 9.60
0111000000000000011 1211 623633234354316 111000000000000011 623633254354316 19.12 16.68 9.60
0111000000000000011 1211 623633234354316 111000000000000011 623633264354316 19.12 16.68 9.60
0111000000000000011 1211 623633234354316 111000000000000011 623633274354316 19.12 16.68 9.60
0111000000000000011 1211 623633234354316 111111111100000000 623633230354316 19.12 12.51 9.60
0111000000000000011 1211 623633234354316 111111000000000000 623633231354316 19.12 12.51 6.90
0111000000000000011 1211 623633234354316 111110000000000001 623633232354316 19.12 14.59 9.60
0111000000000000011 1211 623633234354316 111100000000000011 623633233354316 19.12 16.68 9.60
0111000000000000011 1211 623633234354316 111000000000000111 623633235354316 19.12 16.68 9.60
0111000000000000011 1211 623633234354316 110000000000001111 623633236354316 19.12 16.68 9.60
0111000000000000011 1211 623633234354316 110000000000001111 623633237354316 19.12 16.68 9.60
0111000000000000011 1211 623633234354316 111111111100000000 623633234054316 19.12 12.51 9.60
0111000000000000011 1211 623633234354316 111111000000000000 623633234154316 19.12 12.51 6.90
0111000000000000011 1211 623633234354316 111100000000000001 623633234254316 19.12 14.59 9.60
0111000000000000011 1211 623633234354316 111000000000000111 623633234454316 19.12 16.68 9.60
0111000000000000011 1211 623633234354316 110000000000001111 623633234554316 19.12 16.68 9.60
0111000000000000011 1211 623633234354316 110000000000011111 623633234654316 19.12 16.68 9.60
0111000000000000011 1211 623633234354316 110000000000011111 623633234754316 19.12 16.68 9.60
0111000000000000011 1211 623633234354316 111000000000000000 623633234304316 19.12 12.51 6.90
0111000000000000011 1211 623633234354316 111000000000000001 623633234314316 19.12 14.59 9.60
0111000000000000011 1211 623633234354316 111000000000000001 623633234324316 19.12 14.59 9.60
0111000000000000011 1211 623633234354316 111000000000000011 623633234334316 19.12 16.68 9.60
0111000000000000011 1211 623633234354316 111000000000000011 623633234344316 19.12 16.68 9.60
0111000000000000011 1211 623633234354316 111000000000000111 623633234364316 19.12 16.68 9.60
0111000000000000011 1211 623633234354316 111000000000000111 623633234374316 19.12 16.68 9.60
0111000000000000011 1211 623633234354316 111111111000000000 623633234350316 19.12 12.51 9.60
0111000000000000011 1211 623633234354316 111111000000000000 623633234351316 19.12 12.51 6.90
0111000000000000011 1211 623633234354316 111100000000000000 623633234352316 19.12 12.51 6.90
0111000000000000011 1211 623633234354316 111100000000000000 623633234353316 19.12 12.51 6.90
0111000000000000011 1211 623633234354316 111000000000011111 623633234355316 19.12 16.68 9.60
0111000000000000011 1211 623633234354316 111000000000111111 623633234356316 19.12 16.68 9.60
0111000000000000011 1211 623633234354316 110000000001111111 623633234357316 19.12 16.68 9.60
0111000000000000011 1211 623633234354316 111000000000000000 623633234354016 19.12 12.51 6.90
0111000000000000011 1211 623633234354316 111000000000000001 623633234354116 19.12 14.59 9.60
0111000000000000011 1211 623633234354316 111000000000000011 623633234354216 19.12 16.68 9.60
0111000000000000011 1211 623633234354316 111000000000000111 623633234354416 19.12 16.68 9.60
0111000000000000011 1211 623633234354316 111000000000000111 623633234354516 19.12 16.68 9.60
0111000000000000011 1211 623633234354316 111000000000001111 623633234354616 19.12 16.68 9.60
0111000000000000011 1211 623633234354316 111000000000001111 623633234354716 19.12 16.68 9.60
0111000000000000011 1211 623633234354316 110000000000011111 623633234354306 19.12 16.68 9.60
0111000000000000011 1211 623633234354316 111100000000000001 623633234354326 19.12 14.59 9.60
0111000000000000011 1211 623633234354316 111110000000000000 623633234354336 19.12 12.51 6.90
0111000000000000011 1211 623633234354316 111111000000000000 623633234354346 19.12 12.51 6.90
0111000000000000011 1211 623633234354316 111111100000000000 623633234354356 19.12 12.51 9.60
0111000000000000011 1211 623633234354316 111111110000000000 623633234354366 19.12 12.51 9.60
0111000000000000011 1211 623633234354316 111111111000000000 623633234354376 19.12 12.51 9.60
0111000000000000011 1211 623633234354316 111111111111100000 623633234354310 19.12 12.51 9.60
0111000000000000011 1211 623633234354316 111111110000000000 623633234354311 19.12 12.51 9.60
0111000000000000011 1211 623633234354316 111111000000000000 623633234354312 19.12 12.51 6.90
0111000000000000011 1211 623633234354316 111110000000000001 623633234354313 19.12 14.59 9.60
0111000000000000011 1211 623633234354316 111100000000000001 623633234354314 19.12 14.59 9.60
0111000000000000011 1211 623633234354316 111100000000000011 623633234354315 19.12 16.68 9.60
0111000000000000011 1211 623633234354316 111000000000000111 623633234354317 19.12 16.68 9.60
0111000000000000011 1215 021125104605467 111000000000000011 121125104605467 19.12 16.68 9.60
0111000000000000011 1215 021125104605467 111000000000000001 221125104605467 19.12 14.59 9.60
0111000000000000011 1215 021125104605467 111000000000000001 321125104605467 19.12 14.59 9.60
0111000000000000011 1215 021125104605467 111000000000000001 421125104605467 19.12 14.59 9.60
0111000000000000011 1215 021125104605467 111000000000000001 521125104605467 19.12 14.59 9.60
0111000000000000011 1215 021125104605467 111000000000000001 621125104605467 19.12 14.59 9.60
0111000000000000011 1215 021125104605467 111000000000000001 721125104605467 19.12 14.59 9.60
0111000000000000011 1215 021125104605467 111000000000000011 001125104605467 19.12 16.68 9.60
0111000000000000011 1215 021125104605467 111000000000000011 011125104605467 19.12 16.68 9.60
0111000000000000011 1215 021125104605467 111100000000000011 031125104605467 19.12 16.68 9.60
0111000000000000011 1215 021125104605467 111100000000000011 041125104605467 19.12 16.68 9.60
0111000000000000011 1215 021125104605467 111100000000000011 051125104605467 19.12 16.68 9.60
0111000000000000011 1215 021125104605467 111100000000000011 061125104605467 19.12 16.68 9.60
0111000000000000011 1215 021125104605467 111100000000000001 071125104605467 19.12 14.59 9.60
0111000000000000011 1215 021125104605467 111000000000000011 020125104605467 19.12 16.68 9.60
0111000000000000011 1215 021125104605467 111100000000000011 022125104605467 19.12 16.68 9.60
0111000000000000011 1215 021125104605467 111100000000000011 023125104605467 19.12 16.68 9.60
0111000000000000011 1215 021125104605467 111100000000000111 024125104605467 19.12 16.68 12.20
0111000000000000011 1215 021125104605467 111100000000000111 025125104605467 19.12 16.68 12.20
0111000000000000011 1215 021125104605467 111100000000000111 026125104605467 19.12 16.68 12.20
0111000000000000011 1215 021125104605467 111100000000000111 027125104605467 19.12 16.68 12.20
0111000000000000011 1215 021125104605467 111100000000000011 021025104605467 19.12 16.68 9.60
0111000000000000011 1215 021125104605467 111000000000000011 021225104605467 19.12 16.68 9.60
0111000000000000011 1215 021125104605467 111000000000000011 021325104605467 19.12 16.68 9.60
0111000000000000011 1215 021125104605467 111000000000000011 021425104605467 19.12 16.68 9.60
0111000000000000011 1215 021125104605467 111000000000000011 021525104605467 19.12 16.68 9.60
0111000000000000011 1215 021125104605467 111000000000000011 021625104605467 19.12 16.68 9.60
0111000000000000011 1215 021125104605467 111000000000000011 021725104605467 19.12 16.68 9.60
0111000000000000011 1215 021125104605467 111100000000000011 021105104605467 19.12 16.68 9.60
0111000000000000011 1215 021125104605467 111000000000000011 021115104605467 19.12 16.68 9.60
0111000000000000011 1215 021125104605467 111000000000000011 021135104605467 19.12 16.68 9.60
0111000000000000011 1215 021125104605467 111000000000000011 021145104605467 19.12 16.68 9.60
0111000000000000011 1215 021125104605467 111000000000000011 021155104605467 19.12 16.68 9.60
0111000000000000011 1215 021125104605467 111000000000000001 021165104605467 19.12 14.59 9.60
0111000000000000011 1215 021125104605467 111000000000000001 021175104605467 19.12 14.59 9.60
0111000000000000011 1215 021125104605467 111100000000000001 021120104605467 19.12 14.59 9.60
0111000000000000011 1215 021125104605467 111100000000000001 021121104605467 19.12 14.59 9.60
0111000000000000011 1215 021125104605467 111000000000000011 021122104605467 19.12 16.68 9.60
0111000000000000011 1215 021125104605467 111000000000000011 021123104605467 19.12 16.68 9.60
0111000000000000011 1215 021125104605467 111000000000000011 021124104605467 19.12 16.68 9.60
0111000000000000011 1215 021125104605467 111000000000000011 021126104605467 19.12 16.68 9.60
0111000000000000011 1215 021125104605467 111000000000000011 021127104605467 19.12 16.68 9.60
0111000000000000011 1215 021125104605467 111000000000000011 021125004605467 19.12 16.68 9.60
0111000000000000011 1215 021125104605467 111100000000000001 021125204605467 19.12 14.59 9.60
0111000000000000011 1215 021125104605467 111110000000000001 021125304605467 19.12 14.59 9.60
0111000000000000011 1215 021125104605467 111110000000000000 021125404605467 19.12 12.51 6.90
0111000000000000011 1215 021125104605467 111111000000000000 021125504605467 19.12 12.51 6.90
0111000000000000011 1215 021125104605467 111111000000000000 021125604605467 19.12 12.51 6.90
0111000000000000011 1215 021125104605467 111111100000000000 021125704605467 19.12 12.51 9.60
0111000000000000011 1215 021125104605467 111000000000000011 021125114605467 19.12 16.68 9.60
0111000000000000011 1215 021125104605467 111000000000000011 021125124605467 19.12 16.68 9.60
0111000000000000011 1215 021125104605467 111000000000000011 021125134605467 19.12 16.68 9.60
0111000000000000011 1215 021125104605467 111000000000000011 021125144605467 19.12 16.68 9.60
0111000000000000011 1215 021125104605467 111000000000000011 021125154605467 19.12 16.68 9.60
0111000000000000011 1215 021125104605467 111000000000000011 021125164605467 19.12 16.68 9.60
0111000000000000011 1215 021125104605467 111000000000000011 021125174605467 19.12 16.68 9.60
0111000000000000011 1215 021125104605467 111111110000000000 021125100605467 19.12 12.51 9.60
0111000000000000011 1215 021125104605467 111111000000000001 021125101605467 19.12 14.59 12.20
0111000000000000011 1215 021125104605467 111110000000000001 021125102605467 19.12 14.59 9.60
0111000000000000011 1215 021125104605467 111100000000000011 021125103605467 19.12 16.68 9.60
0111000000000000011 1215 021125104605467 111000000000000011 021125105605467 19.12 16.68 9.60
0111000000000000011 1215 021125104605467 111000000000000011 021125106605467 19.12 16.68 9.60
0111000000000000011 1215 021125104605467 111000000000000111 021125107605467 19.12 16.68 9.60
0111000000000000011 1215 021125104605467 111111111000000000 021125104005467 19.12 12.51 9.60
0111000000000000011 1215 021125104605467 111111000000000000 021125104105467 19.12 12.51 6.90
0111000000000000011 1215 021125104605467 111110000000000001 021125104205467 19.12 14.59 9.60
0111000000000000011 1215 021125104605467 111100000000000001 021125104305467 19.12 14.59 9.60
0111000000000000011 1215 021125104605467 111100000000000011 021125104405467 19.12 16.68 9.60
0111000000000000011 1215 021125104605467 111100000000000011 021125104505467 19.12 16.68 9.60
0111000000000000011 1215 021125104605467 111000000000000011 021125104705467 19.12 16.68 9.60
0111000000000000011 1215 021125104605467 111100000000001111 021125104615467 19.12 16.68 12.20
0111000000000000011 1215 021125104605467 111100000000011111 021125104625467 19.12 16.68 9.60
0111000000000000011 1215 021125104605467 111100000000011111 021125104635467 19.12 16.68 9.60
0111000000000000011 1215 021125104605467 111100000000011111 021125104645467 19.12 16.68 9.60
0111000000000000011 1215 021125104605467 111100000000011111 021125104655467 19.12 16.68 9.60
0111000000000000011 1215 021125104605467 111110000000011111 021125104665467 19.12 16.68 12.20
0111000000000000011 1215 021125104605467 111110000000011111 021125104675467 19.12 16.68 12.20
0111000000000000011 1215 021125104605467 111111100000000000 021125104600467 19.12 12.51 9.60
0111000000000000011 1215 021125104605467 111111000000000000 021125104601467 19.12 12.51 6.90
0111000000000000011 1215 021125104605467 111110000000000000 021125104602467 19.12 12.51 6.90
0111000000000000011 1215 021125104605467 111100000000000000 021125104603467 19.12 12.51 6.90
0111000000000000011 1215 021125104605467 111100000000000000 021125104604467 19.12 12.51 6.90
0111000000000000011 1215 021125104605467 111000000000000111 021125104606467 19.12 16.68 9.60
0111000000000000011 1215 021125104605467 111000000000001111 021125104607467 19.12 16.68 9.60
0111000000000000011 1215 021125104605467 111000000000000000 021125104605067 19.12 12.51 6.90
0111000000000000011 1215 021125104605467 111000000000000000 021125104605167 19.12 12.51 6.90
0111000000000000011 1215 021125104605467 111000000000000000 021125104605267 19.12 12.51 6.90
0111000000000000011 1215 021125104605467 111000000000000001 021125104605367 19.12 14.59 9.60
0111000000000000011 1215 021125104605467 111000000000000111 021125104605567 19.12 16.68 9.60
0111000000000000011 1215 021125104605467 111000000000000111 021125104605667 19.12 16.68 9.60
0111000000000000011 1215 021125104605467 111000000000001111 021125104605767 19.12 16.68 9.60
0111000000000000011 1215 021125104605467 110000000000000011 021125104605407 19.12 16.68 9.60
0111000000000000011 1215 021125104605467 111000000000000111 021125104605417 19.12 16.68 9.60
0111000000000000011 1215 021125104605467 111000000000000011 021125104605427 19.12 16.68 9.60
0111000000000000011 1215 021125104605467 111000000000000011 021125104605437 19.12 16.68 9.60
0111000000000000011 1215 021125104605467 111000000000000011 021125104605447 19.12 16.68 9.60
0111000000000000011 1215 021125104605467 111000000000000011 021125104605457 19.12 16.68 9.60
0111000000000000011 1215 021125104605467 111100000000000011 021125104605477 19.12 16.68 9.60
0111000000000000011 1215 021125104605467 111111111110000000 021125104605460 19.12 12.51 9.60
0111000000000000011 1215 021125104605467 111111100000000000 021125104605461 19.12 12.51 9.60
0111000000000000011 1215 021125104605467 111111000000000000 021125104605462 19.12 12.51 6.90
0111000000000000011 1215 021125104605467 111110000000000001 021125104605463 19.12 14.59 9.60
0111000000000000011 1215 021125104605467 111100000000000001 021125104605464 19.12 14.59 9.60
0111000000000000011 1215 021125104605467 111100000000000011 021125104605465 19.12 16.68 9.60
0111000000000000011 1215 021125104605467 111100000000000011 021125104605466 19.12 16.68 9.60
0111000000000000011 1312 577642062546206 111000000001111111 077642062546206 19.12 16.68 12.20
0111000000000000011 1312 577642062546206 111000000000111111 177642062546206 19.12 16.68 9.60
0111000000000000011 1312 577642062546206 111000000000111111 277642062546206 19.12 16.68 9.60
0111000000000000011 1312 577642062546206 111000000000011111 377642062546206 19.12 16.68 9.60
0111000000000000011 1312 577642062546206 111000000000001111 477642062546206 19.12 16.68 9.60
0111000000000000011 1312 577642062546206 111000000000000000 677642062546206 19.12 12.51 6.90
0111000000000000011 1312 577642062546206 111000000000000000 777642062546206 19.12 12.51 6.90
0111000000000000011 1312 577642062546206 110000000000000111 507642062546206 19.12 16.68 4.30
0111000000000000011 1312 577642062546206 110000000000000111 517642062546206 19.12 16.68 4.30
0111000000000000011 1312 577642062546206 110000000000000111 527642062546206 19.12 16.68 4.30
0111000000000000011 1312 577642062546206 110000000000000111 537642062546206 19.12 16.68 4.30
0111000000000000011 1312 577642062546206 111000000000000011 547642062546206 19.12 16.68 9.60
0111000000000000011 1312 577642062546206 111000000000000011 557642062546206 19.12 16.68 9.60
0111000000000000011 1312 577642062546206 111000000000000011 567642062546206 19.12 16.68 9.60
0111000000000000011 1312 577642062546206 111111111100000000 570642062546206 19.12 12.51 9.60
0111000000000000011 1312 577642062546206 111100000000000000 571642062546206 19.12 12.51 6.90
0111000000000000011 1312 577642062546206 111100000000000000 572642062546206 19.12 12.51 6.90
0111000000000000011 1312 577642062546206 111000000000000000 573642062546206 19.12 12.51 6.90
0111000000000000011 1312 577642062546206 111000000000000000 574642062546206 19.12 12.51 6.90
0111000000000000011 1312 577642062546206 111000000000000000 575642062546206 19.12 12.51 6.90
0111000000000000011 1312 577642062546206 111000000000000000 576642062546206 19.12 12.51 6.90
0111000000000000011 1312 577642062546206 111111100000000000 577042062546206 19.12 12.51 9.60
0111000000000000011 1312 577642062546206 111110000000000000 577142062546206 19.12 12.51 6.90
0111000000000000011 1312 577642062546206 111100000000000000 577242062546206 19.12 12.51 6.90
0111000000000000011 1312 577642062546206 111100000000000001 577342062546206 19.12 14.59 9.60
0111000000000000011 1312 577642062546206 111000000000000001 577442062546206 19.12 14.59 9.60
0111000000000000011 1312 577642062546206 111000000000000011 577542062546206 19.12 16.68 9.60
0111000000000000011 1312 577642062546206 111000000000000011 577742062546206 19.12 16.68 9.60
0111000000000000011 1312 577642062546206 111100000000000001 577602062546206 19.12 14.59 9.60
0111000000000000011 1312 577642062546206 111000000000000011 577612062546206 19.12 16.68 9.60
0111000000000000011 1312 577642062546206 111000000000000011 577622062546206 19.12 16.68 9.60
0111000000000000011 1312 577642062546206 111000000000000011 577632062546206 19.12 16.68 9.60
0111000000000000011 1312 577642062546206 111000000000000011 577652062546206 19.12 16.68 9.60
0111000000000000011 1312 577642062546206 111000000000000011 577662062546206 19.12 16.68 9.60
0111000000000000011 1312 577642062546206 111000000000000011 577672062546206 19.12 16.68 9.60
0111000000000000011 1312 577642062546206 111000000000011111 577640062546206 19.12 16.68 9.60
0111000000000000011 1312 577642062546206 111000000000001111 577641062546206 19.12 16.68 9.60
0111000000000000011 1312 577642062546206 111000000000000000 577643062546206 19.12 12.51 6.90
0111000000000000011 1312 577642062546206 111000000000000000 577644062546206 19.12 12.51 6.90
0111000000000000011 1312 577642062546206 111000000000000000 577645062546206 19.12 12.51 6.90
0111000000000000011 1312 577642062546206 111100000000000000 577646062546206 19.12 12.51 6.90
0111000000000000011 1312 577642062546206 111100000000000000 577647062546206 19.12 12.51 6.90
0111000000000000011 1312 577642062546206 111000000000111111 577642162546206 19.12 16.68 9.60
0111000000000000011 1312 577642062546206 111000000000011111 577642262546206 19.12 16.68 9.60
0111000000000000011 1312 577642062546206 111000000000001111 577642362546206 19.12 16.68 9.60
0111000000000000011 1312 577642062546206 111100000000001111 577642462546206 19.12 16.68 12.20
0111000000000000011 1312 577642062546206 111100000000000111 577642562546206 19.12 16.68 12.20
0111000000000000011 1312 577642062546206 111100000000000111 577642662546206 19.12 16.68 12.20
0111000000000000011 1312 577642062546206 111100000000000011 577642762546206 19.12 16.68 9.60
0111000000000000011 1312 577642062546206 111000000000000011 577642002546206 19.12 16.68 9.60
0111000000000000011 1312 577642062546206 111000000000000011 577642012546206 19.12 16.68 9.60
0111000000000000011 1312 577642062546206 111000000000000011 577642022546206 19.12 16.68 9.60
0111000000000000011 1312 577642062546206 111000000000000011 577642032546206 19.12 16.68 9.60
0111000000000000011 1312 577642062546206 111000000000000011 577642042546206 19.12 16.68 9.60
0111000000000000011 1312 577642062546206 111000000000000011 577642052546206 19.12 16.68 9.60
0111000000000000011 1312 577642062546206 111000000000000011 577642072546206 19.12 16.68 9.60
0111000000000000011 1312 577642062546206 111110000000000000 577642060546206 19.12 12.51 6.90
0111000000000000011 1312 577642062546206 111100000000000001 577642061546206 19.12 14.59 9.60
0111000000000000011 1312 577642062546206 111000000000000011 577642063546206 19.12 16.68 9.60
0111000000000000011 1312 577642062546206 110000000000000111 577642064546206 19.12 16.68 4.30
0111000000000000011 1312 577642062546206 110000000000000111 577642065546206 19.12 16.68 4.30
0111000000000000011 1312 577642062546206 110000000000000111 577642066546206 19.12 16.68 4.30
0111000000000000011 1312 577642062546206 110000000000000111 577642067546206 19.12 16.68 4.30
0111000000000000011 1312 577642062546206 111110000000000111 577642062046206 19.12 16.68 12.20
0111000000000000011 1312 577642062546206 111100000000011111 577642062146206 19.12 16.68 9.60
0111000000000000011 1312 577642062546206 111000000000011111 577642062246206 19.12 16.68 9.60
0111000000000000011 1312 577642062546206 111000000000011111 577642062346206 19.12 16.68 9.60
0111000000000000011 1312 577642062546206 111000000000001111 577642062446206 19.12 16.68 9.60
0111000000000000011 1312 577642062546206 111000000000000000 577642062646206 19.12 12.51 6.90
0111000000000000011 1312 577642062546206 111000000000000000 577642062746206 19.12 12.51 6.90
0111000000000000011 1312 577642062546206 111000000000000000 577642062506206 19.12 12.51 6.90
0111000000000000011 1312 577642062546206 111000000000000000 577642062516206 19.12 12.51 6.90
0111000000000000011 1312 577642062546206 111000000000000000 577642062526206 19.12 12.51 6.90
0111000000000000011 1312 577642062546206 111000000000000000 577642062536206 19.12 12.51 6.90
0111000000000000011 1312 577642062546206 111000000000000111 577642062556206 19.12 16.68 9.60
0111000000000000011 1312 577642062546206 111000000000001111 577642062566206 19.12 16.68 9.60
0111000000000000011 1312 577642062546206 111000000000001111 577642062576206 19.12 16.68 9.60
0111000000000000011 1312 577642062546206 111111111111111111 577642062540206 19.12 4.17 4.30
0111000000000000011 1312 577642062546206 111100000000000000 577642062541206 19.12 12.51 6.90
0111000000000000011 1312 577642062546206 111100000000000000 577642062542206 19.12 12.51 6.90
0111000000000000011 1312 577642062546206 111100000000000001 577642062543206 19.12 14.59 9.60
0111000000000000011 1312 577642062546206 111000000000000111 577642062544206 19.12 16.68 9.60
0111000000000000011 1312 577642062546206 111000000000000111 577642062545206 19.12 16.68 9.60
0111000000000000011 1312 577642062546206 111000000000000000 577642062547206 19.12 12.51 6.90
0111000000000000011 1312 577642062546206 111000000000000000 577642062546006 19.12 12.51 6.90
0111000000000000011 1312 577642062546206 111000000000000001 577642062546106 19.12 14.59 9.60
0111000000000000011 1312 577642062546206 111000000000000011 577642062546306 19.12 16.68 9.60
0111000000000000011 1312 577642062546206 111000000000000111 577642062546406 19.12 16.68 9.60
0111000000000000011 1312 577642062546206 111000000000000111 577642062546506 19.12 16.68 9.60
0111000000000000011 1312 577642062546206 111000000000001111 577642062546606 19.12 16.68 9.60
0111000000000000011 1312 577642062546206 111000000000001111 577642062546706 19.12 16.68 9.60
0111000000000000011 1312 577642062546206 111000000000111111 577642062546216 19.12 16.68 9.60
0111000000000000011 1312 577642062546206 111000000000111111 577642062546226 19.12 16.68 9.60
0111000000000000011 1312 577642062546206 111000000000111111 577642062546236 19.12 16.68 9.60
0111000000000000011 1312 577642062546206 111100000000011111 577642062546246 19.12 16.68 9.60
0111000000000000011 1312 577642062546206 111100000000011111 577642062546256 19.12 16.68 9.60
0111000000000000011 1312 577642062546206 111100000000011111 577642062546266 19.12 16.68 9.60
0111000000000000011 1312 577642062546206 111100000000011111 577642062546276 19.12 16.68 9.60
0111000000000000011 1312 577642062546206 111111100000000000 577642062546200 19.12 12.51 9.60
0111000000000000011 1312 577642062546206 111110000000000000 577642062546201 19.12 12.51 6.90
0111000000000000011 1312 577642062546206 111100000000000000 577642062546202 19.12 12.51 6.90
0111000000000000011 1312 577642062546206 111100000000000001 577642062546203 19.12 14.59 9.60
0111000000000000011 1312 577642062546206 111000000000000001 577642062546204 19.12 14.59 9.60
0111000000000000011 1312 577642062546206 111000000000000011 577642062546205 19.12 16.68 9.60
0111000000000000011 1312 577642062546206 111000000000000011 577642062546207 19.12 16.68 9.60
0111000000000000011 1433 500076566535602 111100000000000111 000076566535602 19.12 16.68 12.20
0111000000000000011 1433 500076566535602 111100000000001111 100076566535602 19.12 16.68 12.20
0111000000000000011 1433 500076566535602 111000000000001111 200076566535602 19.12 16.68 9.60
0111000000000000011 1433 500076566535602 111000000000001111 300076566535602 19.12 16.68 9.60
0111000000000000011 1433 500076566535602 111000000000001111 400076566535602 19.12 16.68 9.60
0111000000000000011 1433 500076566535602 111000000000000000 600076566535602 19.12 12.51 6.90
0111000000000000011 1433 500076566535602 111000000000000000 700076566535602 19.12 12.51 6.90
0111000000000000011 1433 500076566535602 111100000000000001 510076566535602 19.12 14.59 9.60
0111000000000000011 1433 500076566535602 111100000000000000 520076566535602 19.12 12.51 6.90
0111000000000000011 1433 500076566535602 111110000000000000 530076566535602 19.12 12.51 6.90
0111000000000000011 1433 500076566535602 111111000000000000 540076566535602 19.12 12.51 6.90
0111000000000000011 1433 500076566535602 111111000000000000 550076566535602 19.12 12.51 6.90
0111000000000000011 1433 500076566535602 111111000000000000 560076566535602 19.12 12.51 6.90
0111000000000000011 1433 500076566535602 111111100000000000 570076566535602 19.12 12.51 9.60
0111000000000000011 1433 500076566535602 111000000000001111 501076566535602 19.12 16.68 9.60
0111000000000000011 1433 500076566535602 111100000000001111 502076566535602 19.12 16.68 12.20
0111000000000000011 1433 500076566535602 111100000000001111 503076566535602 19.12 16.68 12.20
0111000000000000011 1433 500076566535602 111100000000001111 504076566535602 19.12 16.68 12.20
0111000000000000011 1433 500076566535602 111100000000001111 505076566535602 19.12 16.68 12.20
0111000000000000011 1433 500076566535602 111100000000001111 506076566535602 19.12 16.68 12.20
0111000000000000011 1433 500076566535602 111100000000001111 507076566535602 19.12 16.68 12.20
0111000000000000011 1433 500076566535602 110000000000000111 500176566535602 19.12 16.68 4.30
0111000000000000011 1433 500076566535602 110000000000001111 500276566535602 19.12 16.68 9.60
0111000000000000011 1433 500076566535602 110000000000001111 500376566535602 19.12 16.68 9.60
0111000000000000011 1433 500076566535602 110000000000011111 500476566535602 19.12 16.68 9.60
0111000000000000011 1433 500076566535602 110000000000011111 500576566535602 19.12 16.68 9.60
0111000000000000011 1433 500076566535602 110000000000011111 500676566535602 19.12 16.68 9.60
0111000000000000011 1433 500076566535602 110000000000111111 500776566535602 19.12 16.68 9.60
0111000000000000011 1433 500076566535602 111000000000001111 500006566535602 19.12 16.68 9.60
0111000000000000011 1433 500076566535602 111000000000001111 500016566535602 19.12 16.68 9.60
0111000000000000011 1433 500076566535602 111000000000000111 500026566535602 19.12 16.68 9.60
0111000000000000011 1433 500076566535602 111000000000000111 500036566535602 19.12 16.68 9.60
0111000000000000011 1433 500076566535602 111000000000000111 500046566535602 19.12 16.68 9.60
0111000000000000011 1433 500076566535602 111000000000000011 500056566535602 19.12 16.68 9.60
0111000000000000011 1433 500076566535602 111000000000000011 500066566535602 19.12 16.68 9.60
0111000000000000011 1433 500076566535602 111000000000011111 500070566535602 19.12 16.68 9.60
0111000000000000011 1433 500076566535602 111000000000001111 500071566535602 19.12 16.68 9.60
0111000000000000011 1433 500076566535602 111000000000001111 500072566535602 19.12 16.68 9.60
0111000000000000011 1433 500076566535602 111000000000001111 500073566535602 19.12 16.68 9.60
0111000000000000011 1433 500076566535602 111000000000000111 500074566535602 19.12 16.68 9.60
0111000000000000011 1433 500076566535602 111000000000000111 500075566535602 19.12 16.68 9.60
0111000000000000011 1433 500076566535602 111000000000000001 500077566535602 19.12 14.59 9.60
0111000000000000011 1433 500076566535602 111111111000000000 500076066535602 19.12 12.51 9.60
0111000000000000011 1433 500076566535602 111100000000000000 500076166535602 19.12 12.51 6.90
0111000000000000011 1433 500076566535602 111000000000000000 500076266535602 19.12 12.51 6.90
0111000000000000011 1433 500076566535602 111000000000000000 500076366535602 19.12 12.51 6.90
0111000000000000011 1433 500076566535602 111000000000000000 500076466535602 19.12 12.51 6.90
0111000000000000011 1433 500076566535602 111000000000001111 500076666535602 19.12 16.68 9.60
0111000000000000011 1433 500076566535602 111000000000001111 500076766535602 19.12 16.68 9.60
0111000000000000011 1433 500076566535602 111000000000000011 500076506535602 19.12 16.68 9.60
0111000000000000011 1433 500076566535602 111000000000000011 500076516535602 19.12 16.68 9.60
0111000000000000011 1433 500076566535602 111000000000000011 500076526535602 19.12 16.68 9.60
0111000000000000011 1433 500076566535602 111000000000000011 500076536535602 19.12 16.68 9.60
0111000000000000011 1433 500076566535602 111000000000000011 500076546535602 19.12 16.68 9.60
0111000000000000011 1433 500076566535602 111000000000000011 500076556535602 19.12 16.68 9.60
0111000000000000011 1433 500076566535602 111000000000000011 500076576535602 19.12 16.68 9.60
0111000000000000011 1433 500076566535602 111111110000000000 500076560535602 19.12 12.51 9.60
0111000000000000011 1433 500076566535602 111111000000000000 500076561535602 19.12 12.51 6.90
0111000000000000011 1433 500076566535602 111100000000000000 500076562535602 19.12 12.51 6.90
0111000000000000011 1433 500076566535602 111100000000000001 500076563535602 19.12 14.59 9.60
0111000000000000011 1433 500076566535602 111000000000000001 500076564535602 19.12 14.59 9.60
0111000000000000011 1433 500076566535602 111000000000000011 500076565535602 19.12 16.68 9.60
0111000000000000011 1433 500076566535602 111000000000000011 500076567535602 19.12 16.68 9.60
0111000000000000011 1433 500076566535602 111111111000000000 500076566035602 19.12 12.51 9.60
0111000000000000011 1433 500076566535602 111111000000000000 500076566135602 19.12 12.51 6.90
0111000000000000011 1433 500076566535602 111100000000000111 500076566235602 19.12 16.68 12.20
0111000000000000011 1433 500076566535602 111000000000001111 500076566335602 19.12 16.68 9.60
0111000000000000011 1433 500076566535602 111000000000001111 500076566435602 19.12 16.68 9.60
0111000000000000011 1433 500076566535602 111000000000000000 500076566635602 19.12 12.51 6.90
0111000000000000011 1433 500076566535602 111000000000000000 500076566735602 19.12 12.51 6.90
0111000000000000011 1433 500076566535602 111000000000000000 500076566505602 19.12 12.51 6.90
0111000000000000011 1433 500076566535602 111000000000000001 500076566515602 19.12 14.59 9.60
0111000000000000011 1433 500076566535602 111000000000000001 500076566525602 19.12 14.59 9.60
0111000000000000011 1433 500076566535602 111000000000000111 500076566545602 19.12 16.68 9.60
0111000000000000011 1433 500076566535602 111000000000000111 500076566555602 19.12 16.68 9.60
0111000000000000011 1433 500076566535602 111000000000001111 500076566565602 19.12 16.68 9.60
0111000000000000011 1433 500076566535602 111000000000001111 500076566575602 19.12 16.68 9.60
0111000000000000011 1433 500076566535602 111111000000000000 500076566530602 19.12 12.51 6.90
0111000000000000011 1433 500076566535602 111110000000000000 500076566531602 19.12 12.51 6.90
0111000000000000011 1433 500076566535602 111100000000000000 500076566532602 19.12 12.51 6.90
0111000000000000011 1433 500076566535602 111000000000000000 500076566533602 19.12 12.51 6.90
0111000000000000011 1433 500076566535602 111000000000000011 500076566534602 19.12 16.68 9.60
0111000000000000011 1433 500076566535602 111000000000000000 500076566536602 19.12 12.51 6.90
0111000000000000011 1433 500076566535602 111000000000000000 500076566537602 19.12 12.51 6.90
0111000000000000011 1433 500076566535602 111000000000000000 500076566535002 19.12 12.51 6.90
0111000000000000011 1433 500076566535602 111000000000000000 500076566535102 19.12 12.51 6.90
0111000000000000011 1433 500076566535602 111000000000000001 500076566535202 19.12 14.59 9.60
0111000000000000011 1433 500076566535602 111000000000000011 500076566535302 19.12 16.68 9.60
0111000000000000011 1433 500076566535602 111000000000000011 500076566535402 19.12 16.68 9.60
0111000000000000011 1433 500076566535602 111000000000000011 500076566535502 19.12 16.68 9.60
0111000000000000011 1433 500076566535602 111000000000000011 500076566535702 19.12 16.68 9.60
0111000000000000011 1433 500076566535602 111100000000000111 500076566535612 19.12 16.68 12.20
0111000000000000011 1433 500076566535602 111110000000000001 500076566535622 19.12 14.59 9.60
0111000000000000011 1433 500076566535602 111111000000000000 500076566535632 19.12 12.51 6.90
0111000000000000011 1433 500076566535602 111111100000000000 500076566535642 19.12 12.51 9.60
0111000000000000011 1433 500076566535602 111111110000000000 500076566535652 19.12 12.51 9.60
0111000000000000011 1433 500076566535602 111111111000000000 500076566535662 19.12 12.51 9.60
0111000000000000011 1433 500076566535602 111111111110000000 500076566535672 19.12 12.51 9.60
0111000000000000011 1433 500076566535602 111110000000000000 500076566535600 19.12 12.51 6.90
0111000000000000011 1433 500076566535602 111100000000000001 500076566535601 19.12 14.59 9.60
0111000000000000011 1433 500076566535602 111000000000000111 500076566535603 19.12 16.68 9.60
0111000000000000011 1433 500076566535602 110000000000000111 500076566535604 19.12 16.68 4.30
0111000000000000011 1433 500076566535602 110000000000001111 500076566535605 19.12 16.68 9.60
0111000000000000011 1433 500076566535602 110000000000001111 500076566535606 19.12 16.68 9.60
0111000000000000011 1433 500076566535602 110000000000001111 500076566535607 19.12 16.68 9.60
0111000000000000011 1495 670542635316202 111110000000000000 070542635316202 19.12 12.51 6.90
0111000000000000011 1495 670542635316202 111110000000000000 170542635316202 19.12 12.51 6.90
0111000000000000011 1495 670542635316202 111110000000000000 270542635316202 19.12 12.51 6.90
0111000000000000011 1495 670542635316202 111100000000000001 370542635316202 19.12 14.59 9.60
0111000000000000011 1495 670542635316202 111100000000000001 470542635316202 19.12 14.59 9.60
0111000000000000011 1495 670542635316202 111100000000000011 570542635316202 19.12 16.68 9.60
0111000000000000011 1495 670542635316202 111000000000000001 770542635316202 19.12 14.59 9.60
0111000000000000011 1495 670542635316202 110000000000000111 600542635316202 19.12 16.68 4.30
0111000000000000011 1495 670542635316202 110000000000000111 610542635316202 19.12 16.68 4.30
0111000000000000011 1495 670542635316202 110000000000000011 620542635316202 19.12 16.68 9.60
0111000000000000011 1495 670542635316202 111000000000000011 630542635316202 19.12 16.68 9.60
0111000000000000011 1495 670542635316202 111000000000000011 640542635316202 19.12 16.68 9.60
0111000000000000011 1495 670542635316202 111000000000000011 650542635316202 19.12 16.68 9.60
0111000000000000011 1495 670542635316202 111000000000000011 660542635316202 19.12 16.68 9.60
0111000000000000011 1495 670542635316202 111100000000000000 671542635316202 19.12 12.51 6.90
0111000000000000011 1495 670542635316202 111110000000000000 672542635316202 19.12 12.51 6.90
0111000000000000011 1495 670542635316202 111110000000000000 673542635316202 19.12 12.51 6.90
0111000000000000011 1495 670542635316202 111110000000000000 674542635316202 19.12 12.51 6.90
0111000000000000011 1495 670542635316202 111110000000000000 675542635316202 19.12 12.51 6.90
0111000000000000011 1495 670542635316202 111110000000000000 676542635316202 19.12 12.51 6.90
0111000000000000011 1495 670542635316202 111110000000000000 677542635316202 19.12 12.51 6.90
0111000000000000011 1495 670542635316202 111111100000000000 670042635316202 19.12 12.51 9.60
0111000000000000011 1495 670542635316202 111110000000000000 670142635316202 19.12 12.51 6.90
0111000000000000011 1495 670542635316202 111110000000000001 670242635316202 19.12 14.59 9.60
0111000000000000011 1495 670542635316202 111100000000000001 670342635316202 19.12 14.59 9.60
0111000000000000011 1495 670542635316202 111100000000000001 670442635316202 19.12 14.59 9.60
0111000000000000011 1495 670542635316202 111000000000000011 670642635316202 19.12 16.68 9.60
0111000000000000011 1495 670542635316202 111000000000000011 670742635316202 19.12 16.68 9.60
0111000000000000011 1495 670542635316202 111100000000000011 670502635316202 19.12 16.68 9.60
0111000000000000011 1495 670542635316202 111000000000000011 670512635316202 19.12 16.68 9.60
0111000000000000011 1495 670542635316202 111000000000000011 670522635316202 19.12 16.68 9.60
0111000000000000011 1495 670542635316202 111000000000000011 670532635316202 19.12 16.68 9.60
0111000000000000011 1495 670542635316202 111000000000000011 670552635316202 19.12 16.68 9.60
0111000000000000011 1495 670542635316202 111000000000000011 670562635316202 19.12 16.68 9.60
0111000000000000011 1495 670542635316202 111000000000000001 670572635316202 19.12 14.59 9.60
0111000000000000011 1495 670542635316202 111000000000000011 670540635316202 19.12 16.68 9.60
0111000000000000011 1495 670542635316202 111000000000000011 670541635316202 19.12 16.68 9.60
0111000000000000011 1495 670542635316202 111000000000000011 670543635316202 19.12 16.68 9.60
0111000000000000011 1495 670542635316202 111000000000000001 670544635316202 19.12 14.59 9.60
0111000000000000011 1495 670542635316202 111000000000000001 670545635316202 19.12 14.59 9.60
0111000000000000011 1495 670542635316202 111100000000000001 670546635316202 19.12 14.59 9.60
0111000000000000011 1495 670542635316202 111100000000000001 670547635316202 19.12 14.59 9.60
0111000000000000011 1495 670542635316202 111111111111100000 670542035316202 19.12 12.51 9.60
0111000000000000011 1495 670542635316202 111000000000000000 670542135316202 19.12 12.51 6.90
0111000000000000011 1495 670542635316202 111000000000000000 670542235316202 19.12 12.51 6.90
0111000000000000011 1495 670542635316202 111000000000000000 670542335316202 19.12 12.51 6.90
0111000000000000011 1495 670542635316202 111000000000000000 670542435316202 19.12 12.51 6.90
0111000000000000011 1495 670542635316202 111000000000000001 670542535316202 19.12 14.59 9.60
0111000000000000011 1495 670542635316202 111100000000000011 670542735316202 19.12 16.68 9.60
0111000000000000011 1495 670542635316202 111000000000000011 670542605316202 19.12 16.68 9.60
0111000000000000011 1495 670542635316202 111000000000000011 670542615316202 19.12 16.68 9.60
0111000000000000011 1495 670542635316202 111000000000000011 670542625316202 19.12 16.68 9.60
0111000000000000011 1495 670542635316202 111000000000000011 670542645316202 19.12 16.68 9.60
0111000000000000011 1495 670542635316202 111000000000000011 670542655316202 19.12 16.68 9.60
0111000000000000011 1495 670542635316202 111000000000000011 670542665316202 19.12 16.68 9.60
0111000000000000011 1495 670542635316202 111000000000000011 670542675316202 19.12 16.68 9.60
0111000000000000011 1495 670542635316202 111111110000000000 670542630316202 19.12 12.51 9.60
0111000000000000011 1495 670542635316202 111111000000000000 670542631316202 19.12 12.51 6.90
0111000000000000011 1495 670542635316202 111110000000000000 670542632316202 19.12 12.51 6.90
0111000000000000011 1495 670542635316202 111100000000000001 670542633316202 19.12 14.59 9.60
0111000000000000011 1495 670542635316202 111100000000000001 670542634316202 19.12 14.59 9.60
0111000000000000011 1495 670542635316202 111000000000000011 670542636316202 19.12 16.68 9.60
0111000000000000011 1495 670542635316202 111000000000000011 670542637316202 19.12 16.68 9.60
0111000000000000011 1495 670542635316202 111111111000000000 670542635016202 19.12 12.51 9.60
0111000000000000011 1495 670542635316202 111111000000000000 670542635116202 19.12 12.51 6.90
0111000000000000011 1495 670542635316202 111100000000000001 670542635216202 19.12 14.59 9.60
0111000000000000011 1495 670542635316202 111000000000000001 670542635416202 19.12 14.59 9.60
0111000000000000011 1495 670542635316202 111000000000000000 670542635516202 19.12 12.51 6.90
0111000000000000011 1495 670542635316202 111000000000000000 670542635616202 19.12 12.51 6.90
0111000000000000011 1495 670542635316202 111000000000000000 670542635716202 19.12 12.51 6.90
0111000000000000011 1495 670542635316202 111000000000000000 670542635306202 19.12 12.51 6.90
0111000000000000011 1495 670542635316202 111000000000000111 670542635326202 19.12 16.68 9.60
0111000000000000011 1495 670542635316202 111100000000000111 670542635336202 19.12 16.68 12.20
0111000000000000011 1495 670542635316202 111100000000001111 670542635346202 19.12 16.68 12.20
0111000000000000011 1495 670542635316202 111100000000001111 670542635356202 19.12 16.68 12.20
0111000000000000011 1495 670542635316202 111100000000001111 670542635366202 19.12 16.68 12.20
0111000000000000011 1495 670542635316202 111100000000001111 670542635376202 19.12 16.68 12.20
0111000000000000011 1495 670542635316202 111111111100000000 670542635310202 19.12 12.51 9.60
0111000000000000011 1495 670542635316202 111111100000000000 670542635311202 19.12 12.51 9.60
0111000000000000011 1495 670542635316202 111110000000000000 670542635312202 19.12 12.51 6.90
0111000000000000011 1495 670542635316202 111110000000000000 670542635313202 19.12 12.51 6.90
0111000000000000011 1495 670542635316202 111100000000000000 670542635314202 19.12 12.51 6.90
0111000000000000011 1495 670542635316202 111100000000000000 670542635315202 19.12 12.51 6.90
0111000000000000011 1495 670542635316202 111000000000000011 670542635317202 19.12 16.68 9.60
0111000000000000011 1495 670542635316202 111000000000000000 670542635316002 19.12 12.51 6.90
0111000000000000011 1495 670542635316202 111000000000000000 670542635316102 19.12 12.51 6.90
0111000000000000011 1495 670542635316202 111000000000000111 670542635316302 19.12 16.68 9.60
0111000000000000011 1495 670542635316202 111000000000000111 670542635316402 19.12 16.68 9.60
0111000000000000011 1495 670542635316202 111000000000001111 670542635316502 19.12 16.68 9.60
0111000000000000011 1495 670542635316202 111000000000001111 670542635316602 19.12 16.68 9.60
0111000000000000011 1495 670542635316202 111000000000001111 670542635316702 19.12 16.68 9.60
0111000000000000011 1495 670542635316202 111110000000000000 670542635316212 19.12 12.51 6.90
0111000000000000011 1495 670542635316202 111111100000000000 670542635316222 19.12 12.51 9.60
0111000000000000011 1495 670542635316202 111111110000000000 670542635316232 19.12 12.51 9.60
0111000000000000011 1495 670542635316202 111111111000000000 670542635316242 19.12 12.51 9.60
0111000000000000011 1495 670542635316202 111111111100000000 670542635316252 19.12 12.51 9.60
0111000000000000011 1495 670542635316202 111111111110000000 670542635316262 19.12 12.51 9.60
0111000000000000011 1495 670542635316202 111111111111000000 670542635316272 19.12 12.51 9.60
0111000000000000011 1495 670542635316202 111111000000000000 670542635316200 19.12 12.51 6.90
0111000000000000011 1495 670542635316202 111100000000000001 670542635316201 19.12 14.59 9.60
0111000000000000011 1495 670542635316202 111000000000000011 670542635316203 19.12 16.68 9.60
0111000000000000011 1495 670542635316202 111000000000000011 670542635316204 19.12 16.68 9.60
0111000000000000011 1495 670542635316202 110000000000000011 670542635316205 19.12 16.68 9.60
0111000000000000011 1495 670542635316202 110000000000000111 670542635316206 19.12 16.68 4.30
0111000000000000011 1495 670542635316202 110000000000000111 670542635316207 19.12 16.68 4.30
