ParentPhenotype line ParentGenotype MutantPhenotype MutantGenotype KC_col1 KC_col4 Conditional_Complexity
0111111111111111110 42 155320662314076 111111111111111111 055320662314076 12.74 4.17 5.50
0111111111111111110 42 155320662314076 111111111111111110 255320662314076 12.74 10.42 8.10
0111111111111111110 42 155320662314076 111111111111111110 355320662314076 12.74 10.42 8.10
0111111111111111110 42 155320662314076 111111111111111110 455320662314076 12.74 10.42 8.10
0111111111111111110 42 155320662314076 111111111111111110 555320662314076 12.74 10.42 8.10
0111111111111111110 42 155320662314076 111111111111111110 655320662314076 12.74 10.42 8.10
0111111111111111110 42 155320662314076 111111111111111110 755320662314076 12.74 10.42 8.10
0111111111111111110 42 155320662314076 111111111111111110 105320662314076 12.74 10.42 8.10
0111111111111111110 42 155320662314076 111111111111111110 115320662314076 12.74 10.42 8.10
0111111111111111110 42 155320662314076 111111111111111110 125320662314076 12.74 10.42 8.10
0111111111111111110 42 155320662314076 111111111111111110 135320662314076 12.74 10.42 8.10
0111111111111111110 42 155320662314076 111111111111111110 145320662314076 12.74 10.42 8.10
0111111111111111110 42 155320662314076 111111111111111110 165320662314076 12.74 10.42 8.10
0111111111111111110 42 155320662314076 111111111111111110 175320662314076 12.74 10.42 8.10
0111111111111111110 42 155320662314076 111111111111111100 150320662314076 12.74 12.51 10.70
0111111111111111110 42 155320662314076 111111111111111110 151320662314076 12.74 10.42 8.10
0111111111111111110 42 155320662314076 111111111111111110 152320662314076 12.74 10.42 8.10
0111111111111111110 42 155320662314076 111111111111111110 153320662314076 12.74 10.42 8.10
0111111111111111110 42 155320662314076 111111111111111110 154320662314076 12.74 10.42 8.10
0111111111111111110 42 155320662314076 111111111111111110 156320662314076 12.74 10.42 8.10
0111111111111111110 42 155320662314076 111111111111111110 157320662314076 12.74 10.42 8.10
0111111111111111110 42 155320662314076 111111111111111111 155020662314076 12.74 4.17 5.50
0111111111111111110 42 155320662314076 111111111111111111 155120662314076 12.74 4.17 5.50
0111111111111111110 42 155320662314076 111111111111111110 155220662314076 12.74 10.42 8.10
0111111111111111110 42 155320662314076 111111111111111110 155420662314076 12.74 10.42 8.10
0111111111111111110 42 155320662314076 111111111111111110 155520662314076 12.74 10.42 8.10
0111111111111111110 42 155320662314076 111111111111111110 155620662314076 12.74 10.42 8.10
0111111111111111110 42 155320662314076 111111111111111110 155720662314076 12.74 10.42 8.10
0111111111111111110 42 155320662314076 111111111111111110 155300662314076 12.74 10.42 8.10
0111111111111111110 42 155320662314076 111111111111111110 155310662314076 12.74 10.42 8.10
0111111111111111110 42 155320662314076 111111111111111110 155330662314076 12.74 10.42 8.10
0111111111111111110 42 155320662314076 111111111111111110 155340662314076 12.74 10.42 8.10
0111111111111111110 42 155320662314076 111111111111111110 155350662314076 12.74 10.42 8.10
0111111111111111110 42 155320662314076 111111111111111110 155360662314076 12.74 10.42 8.10
0111111111111111110 42 155320662314076 111111111111111110 155370662314076 12.74 10.42 8.10
0111111111111111110 42 155320662314076 111111111111111110 155321662314076 12.74 10.42 8.10
0111111111111111110 42 155320662314076 111111111111111110 155322662314076 12.74 10.42 8.10
0111111111111111110 42 155320662314076 111111111111111110 155323662314076 12.74 10.42 8.10
0111111111111111110 42 155320662314076 111111111111111110 155324662314076 12.74 10.42 8.10
0111111111111111110 42 155320662314076 111111111111111110 155325662314076 12.74 10.42 8.10
0111111111111111110 42 155320662314076 111111111111111110 155326662314076 12.74 10.42 8.10
0111111111111111110 42 155320662314076 111111111111111110 155327662314076 12.74 10.42 8.10
0111111111111111110 42 155320662314076 111111000000000000 155320062314076 12.74 12.51 13.30
0111111111111111110 42 155320662314076 111111110000000000 155320162314076 12.74 12.51 13.30
0111111111111111110 42 155320662314076 111111111100000000 155320262314076 12.74 12.51 13.30
0111111111111111110 42 155320662314076 111111111111000000 155320362314076 12.74 12.51 13.30
0111111111111111110 42 155320662314076 111111111111110000 155320462314076 12.74 12.51 13.30
0111111111111111110 42 155320662314076 111111111111111100 155320562314076 12.74 12.51 10.70
0111111111111111110 42 155320662314076 111111111111111111 155320762314076 12.74 4.17 5.50
0111111111111111110 42 155320662314076 111111111111111110 155320602314076 12.74 10.42 8.10
0111111111111111110 42 155320662314076 111111111111111110 155320612314076 12.74 10.42 8.10
0111111111111111110 42 155320662314076 111111111111111110 155320622314076 12.74 10.42 8.10
0111111111111111110 42 155320662314076 111111111111111110 155320632314076 12.74 10.42 8.10
0111111111111111110 42 155320662314076 111111111111111110 155320642314076 12.74 10.42 8.10
0111111111111111110 42 155320662314076 111111111111111110 155320652314076 12.74 10.42 8.10
0111111111111111110 42 155320662314076 111111111111111110 155320672314076 12.74 10.42 8.10
0111111111111111110 42 155320662314076 111111111111111111 155320660314076 12.74 4.17 5.50
0111111111111111110 42 155320662314076 111111111111111111 155320661314076 12.74 4.17 5.50
0111111111111111110 42 155320662314076 111111111111110000 155320663314076 12.74 12.51 13.30
0111111111111111110 42 155320662314076 111111111111000000 155320664314076 12.74 12.51 13.30
0111111111111111110 42 155320662314076 111111111110000000 155320665314076 12.74 12.51 13.30
0111111111111111110 42 155320662314076 111111111100000000 155320666314076 12.74 12.51 13.30
0111111111111111110 42 155320662314076 111111111000000000 155320667314076 12.74 12.51 13.30
0111111111111111110 42 155320662314076 111111111111111111 155320662014076 12.74 4.17 5.50
0111111111111111110 42 155320662314076 111111111111111111 155320662114076 12.74 4.17 5.50
0111111111111111110 42 155320662314076 111111111111111111 155320662214076 12.74 4.17 5.50
0111111111111111110 42 155320662314076 111111111111111000 155320662414076 12.74 12.51 13.30
0111111111111111110 42 155320662314076 111111111111100000 155320662514076 12.74 12.51 13.30
0111111111111111110 42 155320662314076 111111111111000000 155320662614076 12.74 12.51 13.30
0111111111111111110 42 155320662314076 111111111110000000 155320662714076 12.74 12.51 13.30
0111111111111111110 42 155320662314076 111111111111111000 155320662304076 12.74 12.51 13.30
0111111111111111110 42 155320662314076 111111111111111111 155320662324076 12.74 4.17 5.50
0111111111111111110 42 155320662314076 111111111111111111 155320662334076 12.74 4.17 5.50
0111111111111111110 42 155320662314076 111111111111111111 155320662344076 12.74 4.17 5.50
0111111111111111110 42 155320662314076 111111111111111111 155320662354076 12.74 4.17 5.50
0111111111111111110 42 155320662314076 111111111111111111 155320662364076 12.74 4.17 5.50
0111111111111111110 42 155320662314076 111111111111111111 155320662374076 12.74 4.17 5.50
0111111111111111110 42 155320662314076 111111111111111111 155320662310076 12.74 4.17 5.50
0111111111111111110 42 155320662314076 111111111111111111 155320662311076 12.74 4.17 5.50
0111111111111111110 42 155320662314076 111111111111111111 155320662312076 12.74 4.17 5.50
0111111111111111110 42 155320662314076 111111111111111111 155320662313076 12.74 4.17 5.50
0111111111111111110 42 155320662314076 111111111111111000 155320662315076 12.74 12.51 13.30
0111111111111111110 42 155320662314076 111111111111110000 155320662316076 12.74 12.51 13.30
0111111111111111110 42 155320662314076 111111111111100000 155320662317076 12.74 12.51 13.30
0111111111111111110 42 155320662314076 111111111111111110 155320662314176 12.74 10.42 8.10
0111111111111111110 42 155320662314076 111111111111111110 155320662314276 12.74 10.42 8.10
0111111111111111110 42 155320662314076 111111111111111110 155320662314376 12.74 10.42 8.10
0111111111111111110 42 155320662314076 111111111111111110 155320662314476 12.74 10.42 8.10
0111111111111111110 42 155320662314076 111111111111111110 155320662314576 12.74 10.42 8.10
0111111111111111110 42 155320662314076 111111111111111110 155320662314676 12.74 10.42 8.10
0111111111111111110 42 155320662314076 111111111111111110 155320662314776 12.74 10.42 8.10
0111111111111111110 42 155320662314076 111111000000000000 155320662314006 12.74 12.51 13.30
0111111111111111110 42 155320662314076 111111110000000000 155320662314016 12.74 12.51 13.30
0111111111111111110 42 155320662314076 111111111100000000 155320662314026 12.74 12.51 13.30
0111111111111111110 42 155320662314076 111111111110000000 155320662314036 12.74 12.51 13.30
0111111111111111110 42 155320662314076 111111111111100000 155320662314046 12.74 12.51 13.30
0111111111111111110 42 155320662314076 111111111111110000 155320662314056 12.74 12.51 13.30
0111111111111111110 42 155320662314076 111111111111111100 155320662314066 12.74 12.51 10.70
0111111111111111110 42 155320662314076 111111111111111111 155320662314070 12.74 4.17 5.50
0111111111111111110 42 155320662314076 111111111111111111 155320662314071 12.74 4.17 5.50
0111111111111111110 42 155320662314076 111111111111111111 155320662314072 12.74 4.17 5.50
0111111111111111110 42 155320662314076 111111111111111111 155320662314073 12.74 4.17 5.50
0111111111111111110 42 155320662314076 111111111111111111 155320662314074 12.74 4.17 5.50
0111111111111111110 42 155320662314076 111111111111111111 155320662314075 12.74 4.17 5.50
0111111111111111110 42 155320662314076 111111111111111100 155320662314077 12.74 12.51 10.70
0111111111111111110 63 113240767165735 111111111111111110 013240767165735 12.74 10.42 8.10
0111111111111111110 63 113240767165735 111111111111111110 213240767165735 12.74 10.42 8.10
0111111111111111110 63 113240767165735 111111111111111100 313240767165735 12.74 12.51 10.70
0111111111111111110 63 113240767165735 111111111111111100 413240767165735 12.74 12.51 10.70
0111111111111111110 63 113240767165735 111111111111111100 513240767165735 12.74 12.51 10.70
0111111111111111110 63 113240767165735 111111111111111100 613240767165735 12.74 12.51 10.70
0111111111111111110 63 113240767165735 111111111111111100 713240767165735 12.74 12.51 10.70
0111111111111111110 63 113240767165735 111111111111111110 103240767165735 12.74 10.42 8.10
0111111111111111110 63 113240767165735 111111111111111110 123240767165735 12.74 10.42 8.10
0111111111111111110 63 113240767165735 111111111111111110 133240767165735 12.74 10.42 8.10
0111111111111111110 63 113240767165735 111111111111111110 143240767165735 12.74 10.42 8.10
0111111111111111110 63 113240767165735 111111111111111111 153240767165735 12.74 4.17 5.50
0111111111111111110 63 113240767165735 111111111111111111 163240767165735 12.74 4.17 5.50
0111111111111111110 63 113240767165735 111111111111111111 173240767165735 12.74 4.17 5.50
0111111111111111110 63 113240767165735 111111111111111100 110240767165735 12.74 12.51 10.70
0111111111111111110 63 113240767165735 111111111111111100 111240767165735 12.74 12.51 10.70
0111111111111111110 63 113240767165735 111111111111111110 112240767165735 12.74 10.42 8.10
0111111111111111110 63 113240767165735 111111111111111110 114240767165735 12.74 10.42 8.10
0111111111111111110 63 113240767165735 111111111111111110 115240767165735 12.74 10.42 8.10
0111111111111111110 63 113240767165735 111111111111111110 116240767165735 12.74 10.42 8.10
0111111111111111110 63 113240767165735 111111111111111110 117240767165735 12.74 10.42 8.10
0111111111111111110 63 113240767165735 111111111111111111 113040767165735 12.74 4.17 5.50
0111111111111111110 63 113240767165735 111111111111111110 113140767165735 12.74 10.42 8.10
0111111111111111110 63 113240767165735 111111111111111110 113340767165735 12.74 10.42 8.10
0111111111111111110 63 113240767165735 111111111111111110 113440767165735 12.74 10.42 8.10
0111111111111111110 63 113240767165735 111111111111111110 113540767165735 12.74 10.42 8.10
0111111111111111110 63 113240767165735 111111111111111110 113640767165735 12.74 10.42 8.10
0111111111111111110 63 113240767165735 111111111111111110 113740767165735 12.74 10.42 8.10
0111111111111111110 63 113240767165735 111111111111111110 113200767165735 12.74 10.42 8.10
0111111111111111110 63 113240767165735 111111111111111110 113210767165735 12.74 10.42 8.10
0111111111111111110 63 113240767165735 111111111111111110 113220767165735 12.74 10.42 8.10
0111111111111111110 63 113240767165735 111111111111111110 113230767165735 12.74 10.42 8.10
0111111111111111110 63 113240767165735 111111111111111110 113250767165735 12.74 10.42 8.10
0111111111111111110 63 113240767165735 111111111111111110 113260767165735 12.74 10.42 8.10
0111111111111111110 63 113240767165735 111111111111111110 113270767165735 12.74 10.42 8.10
0111111111111111110 63 113240767165735 111111111111111110 113241767165735 12.74 10.42 8.10
0111111111111111110 63 113240767165735 111111111111111110 113242767165735 12.74 10.42 8.10
0111111111111111110 63 113240767165735 111111111111111110 113243767165735 12.74 10.42 8.10
0111111111111111110 63 113240767165735 111111111111111110 113244767165735 12.74 10.42 8.10
0111111111111111110 63 113240767165735 111111111111111110 113245767165735 12.74 10.42 8.10
0111111111111111110 63 113240767165735 111111111111111110 113246767165735 12.74 10.42 8.10
0111111111111111110 63 113240767165735 111111111111111110 113247767165735 12.74 10.42 8.10
0111111111111111110 63 113240767165735 111100000000011111 113240067165735 12.74 16.68 16.00
0111111111111111110 63 113240767165735 111111000000000011 113240167165735 12.74 16.68 18.60
0111111111111111110 63 113240767165735 111111110000000000 113240267165735 12.74 12.51 13.30
0111111111111111110 63 113240767165735 111111111000000000 113240367165735 12.74 12.51 13.30
0111111111111111110 63 113240767165735 111111111110000000 113240467165735 12.74 12.51 13.30
0111111111111111110 63 113240767165735 111111111111100000 113240567165735 12.74 12.51 13.30
0111111111111111110 63 113240767165735 111111111111111000 113240667165735 12.74 12.51 13.30
0111111111111111110 63 113240767165735 111111111111111110 113240707165735 12.74 10.42 8.10
0111111111111111110 63 113240767165735 111111111111111110 113240717165735 12.74 10.42 8.10
0111111111111111110 63 113240767165735 111111111111111110 113240727165735 12.74 10.42 8.10
0111111111111111110 63 113240767165735 111111111111111110 113240737165735 12.74 10.42 8.10
0111111111111111110 63 113240767165735 111111111111111110 113240747165735 12.74 10.42 8.10
0111111111111111110 63 113240767165735 111111111111111110 113240757165735 12.74 10.42 8.10
0111111111111111110 63 113240767165735 111111111111111110 113240777165735 12.74 10.42 8.10
0111111111111111110 63 113240767165735 111111111111111111 113240760165735 12.74 4.17 5.50
0111111111111111110 63 113240767165735 111111111111111111 113240761165735 12.74 4.17 5.50
0111111111111111110 63 113240767165735 111111111111111111 113240762165735 12.74 4.17 5.50
0111111111111111110 63 113240767165735 111111111111111111 113240763165735 12.74 4.17 5.50
0111111111111111110 63 113240767165735 111111111111111111 113240764165735 12.74 4.17 5.50
0111111111111111110 63 113240767165735 111111111111111111 113240765165735 12.74 4.17 5.50
0111111111111111110 63 113240767165735 111111111111111111 113240766165735 12.74 4.17 5.50
0111111111111111110 63 113240767165735 111111111111111111 113240767065735 12.74 4.17 5.50
0111111111111111110 63 113240767165735 111111111111000000 113240767265735 12.74 12.51 13.30
0111111111111111110 63 113240767165735 111111111000000000 113240767365735 12.74 12.51 13.30
0111111111111111110 63 113240767165735 111111110000000000 113240767465735 12.74 12.51 13.30
0111111111111111110 63 113240767165735 111111100000000000 113240767565735 12.74 12.51 13.30
0111111111111111110 63 113240767165735 111111000000000001 113240767665735 12.74 14.59 16.00
0111111111111111110 63 113240767165735 111110000000000001 113240767765735 12.74 14.59 16.00
0111111111111111110 63 113240767165735 111111111000000000 113240767105735 12.74 12.51 13.30
0111111111111111110 63 113240767165735 111111111100000000 113240767115735 12.74 12.51 13.30
0111111111111111110 63 113240767165735 111111111110000000 113240767125735 12.74 12.51 13.30
0111111111111111110 63 113240767165735 111111111111000000 113240767135735 12.74 12.51 13.30
0111111111111111110 63 113240767165735 111111111111100000 113240767145735 12.74 12.51 13.30
0111111111111111110 63 113240767165735 111111111111111000 113240767155735 12.74 12.51 13.30
0111111111111111110 63 113240767165735 111111111111111111 113240767175735 12.74 4.17 5.50
0111111111111111110 63 113240767165735 111111111111111111 113240767160735 12.74 4.17 5.50
0111111111111111110 63 113240767165735 111111111111111111 113240767161735 12.74 4.17 5.50
0111111111111111110 63 113240767165735 111111111111111111 113240767162735 12.74 4.17 5.50
0111111111111111110 63 113240767165735 111111111111111111 113240767163735 12.74 4.17 5.50
0111111111111111110 63 113240767165735 111111111111111111 113240767164735 12.74 4.17 5.50
0111111111111111110 63 113240767165735 111111111111111000 113240767166735 12.74 12.51 13.30
0111111111111111110 63 113240767165735 111111111111100000 113240767167735 12.74 12.51 13.30
0111111111111111110 63 113240767165735 111111111111111110 113240767165035 12.74 10.42 8.10
0111111111111111110 63 113240767165735 111111111111111110 113240767165135 12.74 10.42 8.10
0111111111111111110 63 113240767165735 111111111111111110 113240767165235 12.74 10.42 8.10
0111111111111111110 63 113240767165735 111111111111111110 113240767165335 12.74 10.42 8.10
0111111111111111110 63 113240767165735 111111111111111110 113240767165435 12.74 10.42 8.10
0111111111111111110 63 113240767165735 111111111111111110 113240767165535 12.74 10.42 8.10
0111111111111111110 63 113240767165735 111111111111111110 113240767165635 12.74 10.42 8.10
0111111111111111110 63 113240767165735 111111000000000001 113240767165705 12.74 14.59 16.00
0111111111111111110 63 113240767165735 111111111100000000 113240767165715 12.74 12.51 13.30
0111111111111111110 63 113240767165735 111111111111100000 113240767165725 12.74 12.51 13.30
0111111111111111110 63 113240767165735 111111111111111111 113240767165745 12.74 4.17 5.50
0111111111111111110 63 113240767165735 111111111111111111 113240767165755 12.74 4.17 5.50
0111111111111111110 63 113240767165735 111111111111111111 113240767165765 12.74 4.17 5.50
0111111111111111110 63 113240767165735 111111111111111111 113240767165775 12.74 4.17 5.50
0111111111111111110 63 113240767165735 111111111111111111 113240767165730 12.74 4.17 5.50
0111111111111111110 63 113240767165735 111111111111111111 113240767165731 12.74 4.17 5.50
0111111111111111110 63 113240767165735 111111111111111111 113240767165732 12.74 4.17 5.50
0111111111111111110 63 113240767165735 111111111111111111 113240767165733 12.74 4.17 5.50
0111111111111111110 63 113240767165735 111111111111111111 113240767165734 12.74 4.17 5.50
0111111111111111110 63 113240767165735 111111111111111000 113240767165736 12.74 12.51 13.30
0111111111111111110 63 113240767165735 111111111111100000 113240767165737 12.74 12.51 13.30
0111111111111111110 87 634046617676141 111111111111111111 034046617676141 12.74 4.17 5.50
0111111111111111110 87 634046617676141 111111111111111111 134046617676141 12.74 4.17 5.50
0111111111111111110 87 634046617676141 111111111111111111 234046617676141 12.74 4.17 5.50
0111111111111111110 87 634046617676141 111111111111111111 334046617676141 12.74 4.17 5.50
0111111111111111110 87 634046617676141 111111111111111111 434046617676141 12.74 4.17 5.50
0111111111111111110 87 634046617676141 111111111111111110 534046617676141 12.74 10.42 8.10
0111111111111111110 87 634046617676141 111111111111111110 734046617676141 12.74 10.42 8.10
0111111111111111110 87 634046617676141 111111111111110000 604046617676141 12.74 12.51 13.30
0111111111111111110 87 634046617676141 111111111111111000 614046617676141 12.74 12.51 13.30
0111111111111111110 87 634046617676141 111111111111111100 624046617676141 12.74 12.51 10.70
0111111111111111110 87 634046617676141 111111111111111111 644046617676141 12.74 4.17 5.50
0111111111111111110 87 634046617676141 111111111111111111 654046617676141 12.74 4.17 5.50
0111111111111111110 87 634046617676141 111111111111111111 664046617676141 12.74 4.17 5.50
0111111111111111110 87 634046617676141 111111111111111111 674046617676141 12.74 4.17 5.50
0111111111111111110 87 634046617676141 111111111111000000 630046617676141 12.74 12.51 13.30
0111111111111111110 87 634046617676141 111111111111110000 631046617676141 12.74 12.51 13.30
0111111111111111110 87 634046617676141 111111111111111000 632046617676141 12.74 12.51 13.30
0111111111111111110 87 634046617676141 111111111111111100 633046617676141 12.74 12.51 10.70
0111111111111111110 87 634046617676141 111111111111111110 635046617676141 12.74 10.42 8.10
0111111111111111110 87 634046617676141 111111111111111111 636046617676141 12.74 4.17 5.50
0111111111111111110 87 634046617676141 111111111111111111 637046617676141 12.74 4.17 5.50
0111111111111111110 87 634046617676141 111111111111111000 634146617676141 12.74 12.51 13.30
0111111111111111110 87 634046617676141 111111111111110000 634246617676141 12.74 12.51 13.30
0111111111111111110 87 634046617676141 111111111111110000 634346617676141 12.74 12.51 13.30
0111111111111111110 87 634046617676141 111111111111100000 634446617676141 12.74 12.51 13.30
0111111111111111110 87 634046617676141 111111111111100000 634546617676141 12.74 12.51 13.30
0111111111111111110 87 634046617676141 111111111111100000 634646617676141 12.74 12.51 13.30
0111111111111111110 87 634046617676141 111111111111100000 634746617676141 12.74 12.51 13.30
0111111111111111110 87 634046617676141 111111111111111110 634006617676141 12.74 10.42 8.10
0111111111111111110 87 634046617676141 111111111111111110 634016617676141 12.74 10.42 8.10
0111111111111111110 87 634046617676141 111111111111111110 634026617676141 12.74 10.42 8.10
0111111111111111110 87 634046617676141 111111111111111110 634036617676141 12.74 10.42 8.10
0111111111111111110 87 634046617676141 111111111111111110 634056617676141 12.74 10.42 8.10
0111111111111111110 87 634046617676141 111111111111111110 634066617676141 12.74 10.42 8.10
0111111111111111110 87 634046617676141 111111111111111110 634076617676141 12.74 10.42 8.10
0111111111111111110 87 634046617676141 111111111111111110 634040617676141 12.74 10.42 8.10
0111111111111111110 87 634046617676141 111111111111111110 634041617676141 12.74 10.42 8.10
0111111111111111110 87 634046617676141 111111111111111110 634042617676141 12.74 10.42 8.10
0111111111111111110 87 634046617676141 111111111111111110 634043617676141 12.74 10.42 8.10
0111111111111111110 87 634046617676141 111111111111111110 634044617676141 12.74 10.42 8.10
0111111111111111110 87 634046617676141 111111111111111110 634045617676141 12.74 10.42 8.10
0111111111111111110 87 634046617676141 111111111111111110 634047617676141 12.74 10.42 8.10
0111111111111111110 87 634046617676141 111111111000000000 634046017676141 12.74 12.51 13.30
0111111111111111110 87 634046617676141 111111111000000001 634046117676141 12.74 14.59 16.00
0111111111111111110 87 634046617676141 111111111100000000 634046217676141 12.74 12.51 13.30
0111111111111111110 87 634046617676141 111111111111000000 634046317676141 12.74 12.51 13.30
0111111111111111110 87 634046617676141 111111111111100000 634046417676141 12.74 12.51 13.30
0111111111111111110 87 634046617676141 111111111111111000 634046517676141 12.74 12.51 13.30
0111111111111111110 87 634046617676141 111111111111111111 634046717676141 12.74 4.17 5.50
0111111111111111110 87 634046617676141 111111111111111110 634046607676141 12.74 10.42 8.10
0111111111111111110 87 634046617676141 111111111111111110 634046627676141 12.74 10.42 8.10
0111111111111111110 87 634046617676141 111111111111111110 634046637676141 12.74 10.42 8.10
0111111111111111110 87 634046617676141 111111111111111110 634046647676141 12.74 10.42 8.10
0111111111111111110 87 634046617676141 111111111111111110 634046657676141 12.74 10.42 8.10
0111111111111111110 87 634046617676141 111111111111111110 634046667676141 12.74 10.42 8.10
0111111111111111110 87 634046617676141 111111111111111110 634046677676141 12.74 10.42 8.10
0111111111111111110 87 634046617676141 111111111111111111 634046610676141 12.74 4.17 5.50
0111111111111111110 87 634046617676141 111111111111111111 634046611676141 12.74 4.17 5.50
0111111111111111110 87 634046617676141 111111111111111111 634046612676141 12.74 4.17 5.50
0111111111111111110 87 634046617676141 111111111111111111 634046613676141 12.74 4.17 5.50
0111111111111111110 87 634046617676141 111111111111111111 634046614676141 12.74 4.17 5.50
0111111111111111110 87 634046617676141 111111111111111111 634046615676141 12.74 4.17 5.50
0111111111111111110 87 634046617676141 111111111111111111 634046616676141 12.74 4.17 5.50
0111111111111111110 87 634046617676141 111111111111111111 634046617076141 12.74 4.17 5.50
0111111111111111110 87 634046617676141 111111111111111111 634046617176141 12.74 4.17 5.50
0111111111111111110 87 634046617676141 111111111111111111 634046617276141 12.74 4.17 5.50
0111111111111111110 87 634046617676141 111111111111111111 634046617376141 12.74 4.17 5.50
0111111111111111110 87 634046617676141 111111111111111111 634046617476141 12.74 4.17 5.50
0111111111111111110 87 634046617676141 111111111111111111 634046617576141 12.74 4.17 5.50
0111111111111111110 87 634046617676141 111111111111111000 634046617776141 12.74 12.51 13.30
0111111111111111110 87 634046617676141 111111110000000000 634046617606141 12.74 12.51 13.30
0111111111111111110 87 634046617676141 111111111000000000 634046617616141 12.74 12.51 13.30
0111111111111111110 87 634046617676141 111111111100000000 634046617626141 12.74 12.51 13.30
0111111111111111110 87 634046617676141 111111111110000000 634046617636141 12.74 12.51 13.30
0111111111111111110 87 634046617676141 111111111111000000 634046617646141 12.74 12.51 13.30
0111111111111111110 87 634046617676141 111111111111110000 634046617656141 12.74 12.51 13.30
0111111111111111110 87 634046617676141 111111111111111000 634046617666141 12.74 12.51 13.30
0111111111111111110 87 634046617676141 111111111111111111 634046617670141 12.74 4.17 5.50
0111111111111111110 87 634046617676141 111111111111111111 634046617671141 12.74 4.17 5.50
0111111111111111110 87 634046617676141 111111111111111111 634046617672141 12.74 4.17 5.50
0111111111111111110 87 634046617676141 111111111111111111 634046617673141 12.74 4.17 5.50
0111111111111111110 87 634046617676141 111111111111111111 634046617674141 12.74 4.17 5.50
0111111111111111110 87 634046617676141 111111111111111111 634046617675141 12.74 4.17 5.50
0111111111111111110 87 634046617676141 111111111111111000 634046617677141 12.74 12.51 13.30
0111111111111111110 87 634046617676141 111111111111111110 634046617676041 12.74 10.42 8.10
0111111111111111110 87 634046617676141 111111111111111110 634046617676241 12.74 10.42 8.10
0111111111111111110 87 634046617676141 111111111111111110 634046617676341 12.74 10.42 8.10
0111111111111111110 87 634046617676141 111111111111111110 634046617676441 12.74 10.42 8.10
0111111111111111110 87 634046617676141 111111111111111110 634046617676541 12.74 10.42 8.10
0111111111111111110 87 634046617676141 111111111111111110 634046617676641 12.74 10.42 8.10
0111111111111111110 87 634046617676141 111111111111111110 634046617676741 12.74 10.42 8.10
0111111111111111110 87 634046617676141 111111100000000001 634046617676101 12.74 14.59 16.00
0111111111111111110 87 634046617676141 111111111000000000 634046617676111 12.74 12.51 13.30
0111111111111111110 87 634046617676141 111111111111000000 634046617676121 12.74 12.51 13.30
0111111111111111110 87 634046617676141 111111111111110000 634046617676131 12.74 12.51 13.30
0111111111111111110 87 634046617676141 111111111111111111 634046617676151 12.74 4.17 5.50
0111111111111111110 87 634046617676141 111111111111111111 634046617676161 12.74 4.17 5.50
0111111111111111110 87 634046617676141 111111111111111111 634046617676171 12.74 4.17 5.50
0111111111111111110 87 634046617676141 111111111111111111 634046617676140 12.74 4.17 5.50
0111111111111111110 87 634046617676141 111111111111000000 634046617676142 12.74 12.51 13.30
0111111111111111110 87 634046617676141 111111111100000000 634046617676143 12.74 12.51 13.30
0111111111111111110 87 634046617676141 111111110000000000 634046617676144 12.74 12.51 13.30
0111111111111111110 87 634046617676141 111111100000000000 634046617676145 12.74 12.51 13.30
0111111111111111110 87 634046617676141 111111000000000001 634046617676146 12.74 14.59 16.00
0111111111111111110 87 634046617676141 111111000000000001 634046617676147 12.74 14.59 16.00
0111111111111111110 101 102656161701220 111111111111111110 002656161701220 12.74 10.42 8.10
0111111111111111110 101 102656161701220 111111111111111110 202656161701220 12.74 10.42 8.10
0111111111111111110 101 102656161701220 111111111111111100 302656161701220 12.74 12.51 10.70
0111111111111111110 101 102656161701220 111111111111111100 402656161701220 12.74 12.51 10.70
0111111111111111110 101 102656161701220 111111111111111100 502656161701220 12.74 12.51 10.70
0111111111111111110 101 102656161701220 111111111111111000 602656161701220 12.74 12.51 13.30
0111111111111111110 101 102656161701220 111111111111111000 702656161701220 12.74 12.51 13.30
0111111111111111110 101 102656161701220 111111111111111110 112656161701220 12.74 10.42 8.10
0111111111111111110 101 102656161701220 111111111111111111 122656161701220 12.74 4.17 5.50
0111111111111111110 101 102656161701220 111111111111111111 132656161701220 12.74 4.17 5.50
0111111111111111110 101 102656161701220 111111111111111111 142656161701220 12.74 4.17 5.50
0111111111111111110 101 102656161701220 111111111111111111 152656161701220 12.74 4.17 5.50
0111111111111111110 101 102656161701220 111111111111111111 162656161701220 12.74 4.17 5.50
0111111111111111110 101 102656161701220 111111111111111111 172656161701220 12.74 4.17 5.50
0111111111111111110 101 102656161701220 111111111111111100 100656161701220 12.74 12.51 10.70
0111111111111111110 101 102656161701220 111111111111111110 101656161701220 12.74 10.42 8.10
0111111111111111110 101 102656161701220 111111111111111110 103656161701220 12.74 10.42 8.10
0111111111111111110 101 102656161701220 111111111111111110 104656161701220 12.74 10.42 8.10
0111111111111111110 101 102656161701220 111111111111111110 105656161701220 12.74 10.42 8.10
0111111111111111110 101 102656161701220 111111111111111110 106656161701220 12.74 10.42 8.10
0111111111111111110 101 102656161701220 111111111111111111 107656161701220 12.74 4.17 5.50
0111111111111111110 101 102656161701220 111111111111111111 102056161701220 12.74 4.17 5.50
0111111111111111110 101 102656161701220 111111111111111111 102156161701220 12.74 4.17 5.50
0111111111111111110 101 102656161701220 111111111111111111 102256161701220 12.74 4.17 5.50
0111111111111111110 101 102656161701220 111111111111111110 102356161701220 12.74 10.42 8.10
0111111111111111110 101 102656161701220 111111111111111110 102456161701220 12.74 10.42 8.10
0111111111111111110 101 102656161701220 111111111111111110 102556161701220 12.74 10.42 8.10
0111111111111111110 101 102656161701220 111111111111111110 102756161701220 12.74 10.42 8.10
0111111111111111110 101 102656161701220 111111111111111110 102606161701220 12.74 10.42 8.10
0111111111111111110 101 102656161701220 111111111111111110 102616161701220 12.74 10.42 8.10
0111111111111111110 101 102656161701220 111111111111111110 102626161701220 12.74 10.42 8.10
0111111111111111110 101 102656161701220 111111111111111110 102636161701220 12.74 10.42 8.10
0111111111111111110 101 102656161701220 111111111111111110 102646161701220 12.74 10.42 8.10
0111111111111111110 101 102656161701220 111111111111111110 102666161701220 12.74 10.42 8.10
0111111111111111110 101 102656161701220 111111111111111110 102676161701220 12.74 10.42 8.10
0111111111111111110 101 102656161701220 111111111111111110 102650161701220 12.74 10.42 8.10
0111111111111111110 101 102656161701220 111111111111111110 102651161701220 12.74 10.42 8.10
0111111111111111110 101 102656161701220 111111111111111110 102652161701220 12.74 10.42 8.10
0111111111111111110 101 102656161701220 111111111111111110 102653161701220 12.74 10.42 8.10
0111111111111111110 101 102656161701220 111111111111111110 102654161701220 12.74 10.42 8.10
0111111111111111110 101 102656161701220 111111111111111110 102655161701220 12.74 10.42 8.10
0111111111111111110 101 102656161701220 111111111111111110 102657161701220 12.74 10.42 8.10
0111111111111111110 101 102656161701220 111111111111000000 102656061701220 12.74 12.51 13.30
0111111111111111110 101 102656161701220 111111111111111111 102656261701220 12.74 4.17 5.50
0111111111111111110 101 102656161701220 111111111111111111 102656361701220 12.74 4.17 5.50
0111111111111111110 101 102656161701220 111111111111111111 102656461701220 12.74 4.17 5.50
0111111111111111110 101 102656161701220 111111111111111111 102656561701220 12.74 4.17 5.50
0111111111111111110 101 102656161701220 111111111111111111 102656661701220 12.74 4.17 5.50
0111111111111111110 101 102656161701220 111111111111111111 102656761701220 12.74 4.17 5.50
0111111111111111110 101 102656161701220 111111111111111110 102656101701220 12.74 10.42 8.10
0111111111111111110 101 102656161701220 111111111111111110 102656111701220 12.74 10.42 8.10
0111111111111111110 101 102656161701220 111111111111111110 102656121701220 12.74 10.42 8.10
0111111111111111110 101 102656161701220 111111111111111110 102656131701220 12.74 10.42 8.10
0111111111111111110 101 102656161701220 111111111111111110 102656141701220 12.74 10.42 8.10
0111111111111111110 101 102656161701220 111111111111111110 102656151701220 12.74 10.42 8.10
0111111111111111110 101 102656161701220 111111111111111110 102656171701220 12.74 10.42 8.10
0111111111111111110 101 102656161701220 111111111111111111 102656160701220 12.74 4.17 5.50
0111111111111111110 101 102656161701220 111111111111100000 102656162701220 12.74 12.51 13.30
0111111111111111110 101 102656161701220 111111111110000000 102656163701220 12.74 12.51 13.30
0111111111111111110 101 102656161701220 111111111100000000 102656164701220 12.74 12.51 13.30
0111111111111111110 101 102656161701220 111111111000000000 102656165701220 12.74 12.51 13.30
0111111111111111110 101 102656161701220 111111110000000000 102656166701220 12.74 12.51 13.30
0111111111111111110 101 102656161701220 111111100000000000 102656167701220 12.74 12.51 13.30
0111111111111111110 101 102656161701220 111111111111111111 102656161001220 12.74 4.17 5.50
0111111111111111110 101 102656161701220 111111111111111111 102656161101220 12.74 4.17 5.50
0111111111111111110 101 102656161701220 111111111111111111 102656161201220 12.74 4.17 5.50
0111111111111111110 101 102656161701220 111111111111111111 102656161301220 12.74 4.17 5.50
0111111111111111110 101 102656161701220 111111111111111111 102656161401220 12.74 4.17 5.50
0111111111111111110 101 102656161701220 111111111111111111 102656161501220 12.74 4.17 5.50
0111111111111111110 101 102656161701220 111111111111111111 102656161601220 12.74 4.17 5.50
0111111111111111110 101 102656161701220 111111111111111111 102656161711220 12.74 4.17 5.50
0111111111111111110 101 102656161701220 111111111111111111 102656161721220 12.74 4.17 5.50
0111111111111111110 101 102656161701220 111111111111111111 102656161731220 12.74 4.17 5.50
0111111111111111110 101 102656161701220 111111111111111111 102656161741220 12.74 4.17 5.50
0111111111111111110 101 102656161701220 111111111111111111 102656161751220 12.74 4.17 5.50
0111111111111111110 101 102656161701220 111111111111111111 102656161761220 12.74 4.17 5.50
0111111111111111110 101 102656161701220 111111111111111111 102656161771220 12.74 4.17 5.50
0111111111111111110 101 102656161701220 111111111111111111 102656161700220 12.74 4.17 5.50
0111111111111111110 101 102656161701220 111111111111100000 102656161702220 12.74 12.51 13.30
0111111111111111110 101 102656161701220 111111111110000000 102656161703220 12.74 12.51 13.30
0111111111111111110 101 102656161701220 111111111000000000 102656161704220 12.74 12.51 13.30
0111111111111111110 101 102656161701220 111111110000000000 102656161705220 12.74 12.51 13.30
0111111111111111110 101 102656161701220 111111110000000000 102656161706220 12.74 12.51 13.30
0111111111111111110 101 102656161701220 111111100000000000 102656161707220 12.74 12.51 13.30
0111111111111111110 101 102656161701220 111111111111111110 102656161701020 12.74 10.42 8.10
0111111111111111110 101 102656161701220 111111111111111110 102656161701120 12.74 10.42 8.10
0111111111111111110 101 102656161701220 111111111111111110 102656161701320 12.74 10.42 8.10
0111111111111111110 101 102656161701220 111111111111111110 102656161701420 12.74 10.42 8.10
0111111111111111110 101 102656161701220 111111111111111110 102656161701520 12.74 10.42 8.10
0111111111111111110 101 102656161701220 111111111111111110 102656161701620 12.74 10.42 8.10
0111111111111111110 101 102656161701220 111111111111111110 102656161701720 12.74 10.42 8.10
0111111111111111110 101 102656161701220 111111111000000000 102656161701200 12.74 12.51 13.30
0111111111111111110 101 102656161701220 111111111111100000 102656161701210 12.74 12.51 13.30
0111111111111111110 101 102656161701220 111111111111111111 102656161701230 12.74 4.17 5.50
0111111111111111110 101 102656161701220 111111111111111111 102656161701240 12.74 4.17 5.50
0111111111111111110 101 102656161701220 111111111111111111 102656161701250 12.74 4.17 5.50
0111111111111111110 101 102656161701220 111111111111111111 102656161701260 12.74 4.17 5.50
0111111111111111110 101 102656161701220 111111111111111111 102656161701270 12.74 4.17 5.50
0111111111111111110 101 102656161701220 111111111110000000 102656161701221 12.74 12.51 13.30
0111111111111111110 101 102656161701220 111111111000000000 102656161701222 12.74 12.51 13.30
0111111111111111110 101 102656161701220 111111100000000000 102656161701223 12.74 12.51 13.30
0111111111111111110 101 102656161701220 111111000000000000 102656161701224 12.74 12.51 13.30
0111111111111111110 101 102656161701220 111110000000000000 102656161701225 12.74 12.51 13.30
0111111111111111110 101 102656161701220 111110000000000000 102656161701226 12.74 12.51 13.30
0111111111111111110 101 102656161701220 111100000000000000 102656161701227 12.74 12.51 13.30
0111111111111111110 112 304670344551355 111111111111111111 004670344551355 12.74 4.17 5.50
0111111111111111110 112 304670344551355 111111111111111110 104670344551355 12.74 10.42 8.10
0111111111111111110 112 304670344551355 111111111111111110 204670344551355 12.74 10.42 8.10
0111111111111111110 112 304670344551355 111111111111111110 404670344551355 12.74 10.42 8.10
0111111111111111110 112 304670344551355 111111111111111110 504670344551355 12.74 10.42 8.10
0111111111111111110 112 304670344551355 111111111111111100 604670344551355 12.74 12.51 10.70
0111111111111111110 112 304670344551355 111111111111111100 704670344551355 12.74 12.51 10.70
0111111111111111110 112 304670344551355 111111111111111110 314670344551355 12.74 10.42 8.10
0111111111111111110 112 304670344551355 111111111111111110 324670344551355 12.74 10.42 8.10
0111111111111111110 112 304670344551355 111111111111111110 334670344551355 12.74 10.42 8.10
0111111111111111110 112 304670344551355 111111111111111111 344670344551355 12.74 4.17 5.50
0111111111111111110 112 304670344551355 111111111111111111 354670344551355 12.74 4.17 5.50
0111111111111111110 112 304670344551355 111111111111111111 364670344551355 12.74 4.17 5.50
0111111111111111110 112 304670344551355 111111111111111111 374670344551355 12.74 4.17 5.50
0111111111111111110 112 304670344551355 111111111111111000 300670344551355 12.74 12.51 13.30
0111111111111111110 112 304670344551355 111111111111111100 301670344551355 12.74 12.51 10.70
0111111111111111110 112 304670344551355 111111111111111100 302670344551355 12.74 12.51 10.70
0111111111111111110 112 304670344551355 111111111111111110 303670344551355 12.74 10.42 8.10
0111111111111111110 112 304670344551355 111111111111111110 305670344551355 12.74 10.42 8.10
0111111111111111110 112 304670344551355 111111111111111110 306670344551355 12.74 10.42 8.10
0111111111111111110 112 304670344551355 111111111111111110 307670344551355 12.74 10.42 8.10
0111111111111111110 112 304670344551355 111111111111111111 304070344551355 12.74 4.17 5.50
0111111111111111110 112 304670344551355 111111111111111110 304170344551355 12.74 10.42 8.10
0111111111111111110 112 304670344551355 111111111111111110 304270344551355 12.74 10.42 8.10
0111111111111111110 112 304670344551355 111111111111111110 304370344551355 12.74 10.42 8.10
0111111111111111110 112 304670344551355 111111111111111110 304470344551355 12.74 10.42 8.10
0111111111111111110 112 304670344551355 111111111111111110 304570344551355 12.74 10.42 8.10
0111111111111111110 112 304670344551355 111111111111111110 304770344551355 12.74 10.42 8.10
0111111111111111110 112 304670344551355 111111111111111110 304600344551355 12.74 10.42 8.10
0111111111111111110 112 304670344551355 111111111111111110 304610344551355 12.74 10.42 8.10
0111111111111111110 112 304670344551355 111111111111111110 304620344551355 12.74 10.42 8.10
0111111111111111110 112 304670344551355 111111111111111110 304630344551355 12.74 10.42 8.10
0111111111111111110 112 304670344551355 111111111111111110 304640344551355 12.74 10.42 8.10
0111111111111111110 112 304670344551355 111111111111111110 304650344551355 12.74 10.42 8.10
0111111111111111110 112 304670344551355 111111111111111110 304660344551355 12.74 10.42 8.10
0111111111111111110 112 304670344551355 111111111111111110 304671344551355 12.74 10.42 8.10
0111111111111111110 112 304670344551355 111111111111111110 304672344551355 12.74 10.42 8.10
0111111111111111110 112 304670344551355 111111111111111110 304673344551355 12.74 10.42 8.10
0111111111111111110 112 304670344551355 111111111111111110 304674344551355 12.74 10.42 8.10
0111111111111111110 112 304670344551355 111111111111111110 304675344551355 12.74 10.42 8.10
0111111111111111110 112 304670344551355 111111111111111110 304676344551355 12.74 10.42 8.10
0111111111111111110 112 304670344551355 111111111111111110 304677344551355 12.74 10.42 8.10
0111111111111111110 112 304670344551355 111100000000000000 304670044551355 12.74 12.51 13.30
0111111111111111110 112 304670344551355 111111111000000000 304670144551355 12.74 12.51 13.30
0111111111111111110 112 304670344551355 111111111111100000 304670244551355 12.74 12.51 13.30
0111111111111111110 112 304670344551355 111111111111111111 304670444551355 12.74 4.17 5.50
0111111111111111110 112 304670344551355 111111111111111111 304670544551355 12.74 4.17 5.50
0111111111111111110 112 304670344551355 111111111111111111 304670644551355 12.74 4.17 5.50
0111111111111111110 112 304670344551355 111111111111111111 304670744551355 12.74 4.17 5.50
0111111111111111110 112 304670344551355 111111111111111110 304670304551355 12.74 10.42 8.10
0111111111111111110 112 304670344551355 111111111111111110 304670314551355 12.74 10.42 8.10
0111111111111111110 112 304670344551355 111111111111111110 304670324551355 12.74 10.42 8.10
0111111111111111110 112 304670344551355 111111111111111110 304670334551355 12.74 10.42 8.10
0111111111111111110 112 304670344551355 111111111111111110 304670354551355 12.74 10.42 8.10
0111111111111111110 112 304670344551355 111111111111111110 304670364551355 12.74 10.42 8.10
0111111111111111110 112 304670344551355 111111111111111110 304670374551355 12.74 10.42 8.10
0111111111111111110 112 304670344551355 111111111111111111 304670340551355 12.74 4.17 5.50
0111111111111111110 112 304670344551355 111111111111111111 304670341551355 12.74 4.17 5.50
0111111111111111110 112 304670344551355 111111111111111111 304670342551355 12.74 4.17 5.50
0111111111111111110 112 304670344551355 111111111111111111 304670343551355 12.74 4.17 5.50
0111111111111111110 112 304670344551355 111111111111110000 304670345551355 12.74 12.51 13.30
0111111111111111110 112 304670344551355 111111111111000000 304670346551355 12.74 12.51 13.30
0111111111111111110 112 304670344551355 111111111110000000 304670347551355 12.74 12.51 13.30
0111111111111111110 112 304670344551355 111111111111111111 304670344051355 12.74 4.17 5.50
0111111111111111110 112 304670344551355 111111111111111111 304670344151355 12.74 4.17 5.50
0111111111111111110 112 304670344551355 111111111111111111 304670344251355 12.74 4.17 5.50
0111111111111111110 112 304670344551355 111111111111111111 304670344351355 12.74 4.17 5.50
0111111111111111110 112 304670344551355 111111111111111111 304670344451355 12.74 4.17 5.50
0111111111111111110 112 304670344551355 111111111111111000 304670344651355 12.74 12.51 13.30
0111111111111111110 112 304670344551355 111111111111100000 304670344751355 12.74 12.51 13.30
0111111111111111110 112 304670344551355 111111111000000000 304670344501355 12.74 12.51 13.30
0111111111111111110 112 304670344551355 111111111100000000 304670344511355 12.74 12.51 13.30
0111111111111111110 112 304670344551355 111111111110000000 304670344521355 12.74 12.51 13.30
0111111111111111110 112 304670344551355 111111111111100000 304670344531355 12.74 12.51 13.30
0111111111111111110 112 304670344551355 111111111111111000 304670344541355 12.74 12.51 13.30
0111111111111111110 112 304670344551355 111111111111111111 304670344561355 12.74 4.17 5.50
0111111111111111110 112 304670344551355 111111111111111111 304670344571355 12.74 4.17 5.50
0111111111111111110 112 304670344551355 111111111111111111 304670344550355 12.74 4.17 5.50
0111111111111111110 112 304670344551355 111111111111000000 304670344552355 12.74 12.51 13.30
0111111111111111110 112 304670344551355 111111111000000000 304670344553355 12.74 12.51 13.30
0111111111111111110 112 304670344551355 111111110000000000 304670344554355 12.74 12.51 13.30
0111111111111111110 112 304670344551355 111111000000000000 304670344555355 12.74 12.51 13.30
0111111111111111110 112 304670344551355 111111000000000001 304670344556355 12.74 14.59 16.00
0111111111111111110 112 304670344551355 111110000000000111 304670344557355 12.74 16.68 18.60
0111111111111111110 112 304670344551355 111111111111111110 304670344551055 12.74 10.42 8.10
0111111111111111110 112 304670344551355 111111111111111110 304670344551155 12.74 10.42 8.10
0111111111111111110 112 304670344551355 111111111111111110 304670344551255 12.74 10.42 8.10
0111111111111111110 112 304670344551355 111111111111111110 304670344551455 12.74 10.42 8.10
0111111111111111110 112 304670344551355 111111111111111110 304670344551555 12.74 10.42 8.10
0111111111111111110 112 304670344551355 111111111111111110 304670344551655 12.74 10.42 8.10
0111111111111111110 112 304670344551355 111111111111111110 304670344551755 12.74 10.42 8.10
0111111111111111110 112 304670344551355 110000000000000000 304670344551305 12.74 12.51 13.30
0111111111111111110 112 304670344551355 111111000000000000 304670344551315 12.74 12.51 13.30
0111111111111111110 112 304670344551355 111111111000000000 304670344551325 12.74 12.51 13.30
0111111111111111110 112 304670344551355 111111111111000000 304670344551335 12.74 12.51 13.30
0111111111111111110 112 304670344551355 111111111111110000 304670344551345 12.74 12.51 13.30
0111111111111111110 112 304670344551355 111111111111111111 304670344551365 12.74 4.17 5.50
0111111111111111110 112 304670344551355 111111111111111111 304670344551375 12.74 4.17 5.50
0111111111111111110 112 304670344551355 111111111111111111 304670344551350 12.74 4.17 5.50
0111111111111111110 112 304670344551355 111111111111111111 304670344551351 12.74 4.17 5.50
0111111111111111110 112 304670344551355 111111111111111111 304670344551352 12.74 4.17 5.50
0111111111111111110 112 304670344551355 111111111111111111 304670344551353 12.74 4.17 5.50
0111111111111111110 112 304670344551355 111111111111111111 304670344551354 12.74 4.17 5.50
0111111111111111110 112 304670344551355 111111111111111000 304670344551356 12.74 12.51 13.30
0111111111111111110 112 304670344551355 111111111111100000 304670344551357 12.74 12.51 13.30
0111111111111111110 208 276101321765545 111111111111111111 076101321765545 12.74 4.17 5.50
0111111111111111110 208 276101321765545 111111111111111110 176101321765545 12.74 10.42 8.10
0111111111111111110 208 276101321765545 111111111111111100 376101321765545 12.74 12.51 10.70
0111111111111111110 208 276101321765545 111111111111111000 476101321765545 12.74 12.51 13.30
0111111111111111110 208 276101321765545 111111111111111000 576101321765545 12.74 12.51 13.30
0111111111111111110 208 276101321765545 111111111111111000 676101321765545 12.74 12.51 13.30
0111111111111111110 208 276101321765545 111111111111110000 776101321765545 12.74 12.51 13.30
0111111111111111110 208 276101321765545 111111111110000000 206101321765545 12.74 12.51 13.30
0111111111111111110 208 276101321765545 111111111111000000 216101321765545 12.74 12.51 13.30
0111111111111111110 208 276101321765545 111111111111100000 226101321765545 12.74 12.51 13.30
0111111111111111110 208 276101321765545 111111111111110000 236101321765545 12.74 12.51 13.30
0111111111111111110 208 276101321765545 111111111111110000 246101321765545 12.74 12.51 13.30
0111111111111111110 208 276101321765545 111111111111111000 256101321765545 12.74 12.51 13.30
0111111111111111110 208 276101321765545 111111111111111100 266101321765545 12.74 12.51 10.70
0111111111111111110 208 276101321765545 111111111111000000 270101321765545 12.74 12.51 13.30
0111111111111111110 208 276101321765545 111111111111110000 271101321765545 12.74 12.51 13.30
0111111111111111110 208 276101321765545 111111111111111000 272101321765545 12.74 12.51 13.30
0111111111111111110 208 276101321765545 111111111111111000 273101321765545 12.74 12.51 13.30
0111111111111111110 208 276101321765545 111111111111111100 274101321765545 12.74 12.51 10.70
0111111111111111110 208 276101321765545 111111111111111100 275101321765545 12.74 12.51 10.70
0111111111111111110 208 276101321765545 111111111111111110 277101321765545 12.74 10.42 8.10
0111111111111111110 208 276101321765545 111111111111111111 276001321765545 12.74 4.17 5.50
0111111111111111110 208 276101321765545 111111111111111000 276201321765545 12.74 12.51 13.30
0111111111111111110 208 276101321765545 111111111111110000 276301321765545 12.74 12.51 13.30
0111111111111111110 208 276101321765545 111111111111100000 276401321765545 12.74 12.51 13.30
0111111111111111110 208 276101321765545 111111111111000000 276501321765545 12.74 12.51 13.30
0111111111111111110 208 276101321765545 111111111111000000 276601321765545 12.74 12.51 13.30
0111111111111111110 208 276101321765545 111111111111000000 276701321765545 12.74 12.51 13.30
0111111111111111110 208 276101321765545 111111111111111100 276111321765545 12.74 12.51 10.70
0111111111111111110 208 276101321765545 111111111111111100 276121321765545 12.74 12.51 10.70
0111111111111111110 208 276101321765545 111111111111111100 276131321765545 12.74 12.51 10.70
0111111111111111110 208 276101321765545 111111111111111100 276141321765545 12.74 12.51 10.70
0111111111111111110 208 276101321765545 111111111111111100 276151321765545 12.74 12.51 10.70
0111111111111111110 208 276101321765545 111111111111111100 276161321765545 12.74 12.51 10.70
0111111111111111110 208 276101321765545 111111111111111100 276171321765545 12.74 12.51 10.70
0111111111111111110 208 276101321765545 111111111111111110 276100321765545 12.74 10.42 8.10
0111111111111111110 208 276101321765545 111111111111111110 276102321765545 12.74 10.42 8.10
0111111111111111110 208 276101321765545 111111111111111110 276103321765545 12.74 10.42 8.10
0111111111111111110 208 276101321765545 111111111111111110 276104321765545 12.74 10.42 8.10
0111111111111111110 208 276101321765545 111111111111111110 276105321765545 12.74 10.42 8.10
0111111111111111110 208 276101321765545 111111111111111110 276106321765545 12.74 10.42 8.10
0111111111111111110 208 276101321765545 111111111111111110 276107321765545 12.74 10.42 8.10
0111111111111111110 208 276101321765545 111111111000000011 276101021765545 12.74 16.68 18.60
0111111111111111110 208 276101321765545 111111111111000000 276101121765545 12.74 12.51 13.30
0111111111111111110 208 276101321765545 111111111111110000 276101221765545 12.74 12.51 13.30
0111111111111111110 208 276101321765545 111111111111111111 276101421765545 12.74 4.17 5.50
0111111111111111110 208 276101321765545 111111111111111111 276101521765545 12.74 4.17 5.50
0111111111111111110 208 276101321765545 111111111111111111 276101621765545 12.74 4.17 5.50
0111111111111111110 208 276101321765545 111111111111111111 276101721765545 12.74 4.17 5.50
0111111111111111110 208 276101321765545 111111111111111110 276101301765545 12.74 10.42 8.10
0111111111111111110 208 276101321765545 111111111111111110 276101311765545 12.74 10.42 8.10
0111111111111111110 208 276101321765545 111111111111111110 276101331765545 12.74 10.42 8.10
0111111111111111110 208 276101321765545 111111111111111110 276101341765545 12.74 10.42 8.10
0111111111111111110 208 276101321765545 111111111111111110 276101351765545 12.74 10.42 8.10
0111111111111111110 208 276101321765545 111111111111111110 276101361765545 12.74 10.42 8.10
0111111111111111110 208 276101321765545 111111111111111110 276101371765545 12.74 10.42 8.10
0111111111111111110 208 276101321765545 111111111111111111 276101320765545 12.74 4.17 5.50
0111111111111111110 208 276101321765545 111111111111000000 276101322765545 12.74 12.51 13.30
0111111111111111110 208 276101321765545 111111111000000001 276101323765545 12.74 14.59 16.00
0111111111111111110 208 276101321765545 111111110000000011 276101324765545 12.74 16.68 18.60
0111111111111111110 208 276101321765545 111111100000000111 276101325765545 12.74 16.68 18.60
0111111111111111110 208 276101321765545 111111000000001111 276101326765545 12.74 16.68 18.60
0111111111111111110 208 276101321765545 111111000000001111 276101327765545 12.74 16.68 18.60
0111111111111111110 208 276101321765545 111111111111111111 276101321065545 12.74 4.17 5.50
0111111111111111110 208 276101321765545 111111111111111111 276101321165545 12.74 4.17 5.50
0111111111111111110 208 276101321765545 111111111111111111 276101321265545 12.74 4.17 5.50
0111111111111111110 208 276101321765545 111111111111111111 276101321365545 12.74 4.17 5.50
0111111111111111110 208 276101321765545 111111111111111111 276101321465545 12.74 4.17 5.50
0111111111111111110 208 276101321765545 111111111111111111 276101321565545 12.74 4.17 5.50
0111111111111111110 208 276101321765545 111111111111111111 276101321665545 12.74 4.17 5.50
0111111111111111110 208 276101321765545 111111111000000000 276101321705545 12.74 12.51 13.30
0111111111111111110 208 276101321765545 111111111000000000 276101321715545 12.74 12.51 13.30
0111111111111111110 208 276101321765545 111111111110000000 276101321725545 12.74 12.51 13.30
0111111111111111110 208 276101321765545 111111111111000000 276101321735545 12.74 12.51 13.30
0111111111111111110 208 276101321765545 111111111111100000 276101321745545 12.74 12.51 13.30
0111111111111111110 208 276101321765545 111111111111111000 276101321755545 12.74 12.51 13.30
0111111111111111110 208 276101321765545 111111111111111111 276101321775545 12.74 4.17 5.50
0111111111111111110 208 276101321765545 111111111111111111 276101321760545 12.74 4.17 5.50
0111111111111111110 208 276101321765545 111111111111111111 276101321761545 12.74 4.17 5.50
0111111111111111110 208 276101321765545 111111111111111111 276101321762545 12.74 4.17 5.50
0111111111111111110 208 276101321765545 111111111111111111 276101321763545 12.74 4.17 5.50
0111111111111111110 208 276101321765545 111111111111111111 276101321764545 12.74 4.17 5.50
0111111111111111110 208 276101321765545 111111111111111000 276101321766545 12.74 12.51 13.30
0111111111111111110 208 276101321765545 111111111111110000 276101321767545 12.74 12.51 13.30
0111111111111111110 208 276101321765545 111111111111111100 276101321765045 12.74 12.51 10.70
0111111111111111110 208 276101321765545 111111111111111100 276101321765145 12.74 12.51 10.70
0111111111111111110 208 276101321765545 111111111111111100 276101321765245 12.74 12.51 10.70
0111111111111111110 208 276101321765545 111111111111111100 276101321765345 12.74 12.51 10.70
0111111111111111110 208 276101321765545 111111111111111110 276101321765445 12.74 10.42 8.10
0111111111111111110 208 276101321765545 111111111111111110 276101321765645 12.74 10.42 8.10
0111111111111111110 208 276101321765545 111111111111111110 276101321765745 12.74 10.42 8.10
0111111111111111110 208 276101321765545 111111111000000001 276101321765505 12.74 14.59 16.00
0111111111111111110 208 276101321765545 111111111110000000 276101321765515 12.74 12.51 13.30
0111111111111111110 208 276101321765545 111111111111100000 276101321765525 12.74 12.51 13.30
0111111111111111110 208 276101321765545 111111111111111000 276101321765535 12.74 12.51 13.30
0111111111111111110 208 276101321765545 111111111111111111 276101321765555 12.74 4.17 5.50
0111111111111111110 208 276101321765545 111111111111111111 276101321765565 12.74 4.17 5.50
0111111111111111110 208 276101321765545 111111111111111111 276101321765575 12.74 4.17 5.50
0111111111111111110 208 276101321765545 111111111111111111 276101321765540 12.74 4.17 5.50
0111111111111111110 208 276101321765545 111111111111111111 276101321765541 12.74 4.17 5.50
0111111111111111110 208 276101321765545 111111111111111111 276101321765542 12.74 4.17 5.50
0111111111111111110 208 276101321765545 111111111111111111 276101321765543 12.74 4.17 5.50
0111111111111111110 208 276101321765545 111111111111111111 276101321765544 12.74 4.17 5.50
0111111111111111110 208 276101321765545 111111111111111000 276101321765546 12.74 12.51 13.30
0111111111111111110 208 276101321765545 111111111111100000 276101321765547 12.74 12.51 13.30
0111111111111111110 225 245143706114600 111111111111111111 045143706114600 12.74 4.17 5.50
0111111111111111110 225 245143706114600 111111111111111110 145143706114600 12.74 10.42 8.10
0111111111111111110 225 245143706114600 111111111111111110 345143706114600 12.74 10.42 8.10
0111111111111111110 225 245143706114600 111111111111111110 445143706114600 12.74 10.42 8.10
0111111111111111110 225 245143706114600 111111111111111100 545143706114600 12.74 12.51 10.70
0111111111111111110 225 245143706114600 111111111111111100 645143706114600 12.74 12.51 10.70
0111111111111111110 225 245143706114600 111111111111111100 745143706114600 12.74 12.51 10.70
0111111111111111110 225 245143706114600 111111111111111000 205143706114600 12.74 12.51 13.30
0111111111111111110 225 245143706114600 111111111111111100 215143706114600 12.74 12.51 10.70
0111111111111111110 225 245143706114600 111111111111111100 225143706114600 12.74 12.51 10.70
0111111111111111110 225 245143706114600 111111111111111110 235143706114600 12.74 10.42 8.10
0111111111111111110 225 245143706114600 111111111111111110 255143706114600 12.74 10.42 8.10
0111111111111111110 225 245143706114600 111111111111111111 265143706114600 12.74 4.17 5.50
0111111111111111110 225 245143706114600 111111111111111111 275143706114600 12.74 4.17 5.50
0111111111111111110 225 245143706114600 111111111111111000 240143706114600 12.74 12.51 13.30
0111111111111111110 225 245143706114600 111111111111111100 241143706114600 12.74 12.51 10.70
0111111111111111110 225 245143706114600 111111111111111100 242143706114600 12.74 12.51 10.70
0111111111111111110 225 245143706114600 111111111111111110 243143706114600 12.74 10.42 8.10
0111111111111111110 225 245143706114600 111111111111111110 244143706114600 12.74 10.42 8.10
0111111111111111110 225 245143706114600 111111111111111110 246143706114600 12.74 10.42 8.10
0111111111111111110 225 245143706114600 111111111111111110 247143706114600 12.74 10.42 8.10
0111111111111111110 225 245143706114600 111111111111111111 245043706114600 12.74 4.17 5.50
0111111111111111110 225 245143706114600 111111111111111100 245243706114600 12.74 12.51 10.70
0111111111111111110 225 245143706114600 111111111111111100 245343706114600 12.74 12.51 10.70
0111111111111111110 225 245143706114600 111111111111111100 245443706114600 12.74 12.51 10.70
0111111111111111110 225 245143706114600 111111111111111100 245543706114600 12.74 12.51 10.70
0111111111111111110 225 245143706114600 111111111111111000 245643706114600 12.74 12.51 13.30
0111111111111111110 225 245143706114600 111111111111111000 245743706114600 12.74 12.51 13.30
0111111111111111110 225 245143706114600 111111111111111110 245103706114600 12.74 10.42 8.10
0111111111111111110 225 245143706114600 111111111111111110 245113706114600 12.74 10.42 8.10
0111111111111111110 225 245143706114600 111111111111111110 245123706114600 12.74 10.42 8.10
0111111111111111110 225 245143706114600 111111111111111110 245133706114600 12.74 10.42 8.10
0111111111111111110 225 245143706114600 111111111111111110 245153706114600 12.74 10.42 8.10
0111111111111111110 225 245143706114600 111111111111111110 245163706114600 12.74 10.42 8.10
0111111111111111110 225 245143706114600 111111111111111110 245173706114600 12.74 10.42 8.10
0111111111111111110 225 245143706114600 111111111111111110 245140706114600 12.74 10.42 8.10
0111111111111111110 225 245143706114600 111111111111111110 245141706114600 12.74 10.42 8.10
0111111111111111110 225 245143706114600 111111111111111110 245142706114600 12.74 10.42 8.10
0111111111111111110 225 245143706114600 111111111111111110 245144706114600 12.74 10.42 8.10
0111111111111111110 225 245143706114600 111111111111111110 245145706114600 12.74 10.42 8.10
0111111111111111110 225 245143706114600 111111111111111110 245146706114600 12.74 10.42 8.10
0111111111111111110 225 245143706114600 111111111111111110 245147706114600 12.74 10.42 8.10
0111111111111111110 225 245143706114600 111111110000000000 245143006114600 12.74 12.51 13.30
0111111111111111110 225 245143706114600 111111111000000000 245143106114600 12.74 12.51 13.30
0111111111111111110 225 245143706114600 111111111110000000 245143206114600 12.74 12.51 13.30
0111111111111111110 225 245143706114600 111111111111000000 245143306114600 12.74 12.51 13.30
0111111111111111110 225 245143706114600 111111111111100000 245143406114600 12.74 12.51 13.30
0111111111111111110 225 245143706114600 111111111111111000 245143506114600 12.74 12.51 13.30
0111111111111111110 225 245143706114600 111111111111111100 245143606114600 12.74 12.51 10.70
0111111111111111110 225 245143706114600 111111111111111110 245143716114600 12.74 10.42 8.10
0111111111111111110 225 245143706114600 111111111111111110 245143726114600 12.74 10.42 8.10
0111111111111111110 225 245143706114600 111111111111111110 245143736114600 12.74 10.42 8.10
0111111111111111110 225 245143706114600 111111111111111110 245143746114600 12.74 10.42 8.10
0111111111111111110 225 245143706114600 111111111111111110 245143756114600 12.74 10.42 8.10
0111111111111111110 225 245143706114600 111111111111111110 245143766114600 12.74 10.42 8.10
0111111111111111110 225 245143706114600 111111111111111110 245143776114600 12.74 10.42 8.10
0111111111111111110 225 245143706114600 111111111111111111 245143700114600 12.74 4.17 5.50
0111111111111111110 225 245143706114600 111111111111111111 245143701114600 12.74 4.17 5.50
0111111111111111110 225 245143706114600 111111111111111111 245143702114600 12.74 4.17 5.50
0111111111111111110 225 245143706114600 111111111111111111 245143703114600 12.74 4.17 5.50
0111111111111111110 225 245143706114600 111111111111111111 245143704114600 12.74 4.17 5.50
0111111111111111110 225 245143706114600 111111111111111111 245143705114600 12.74 4.17 5.50
0111111111111111110 225 245143706114600 111111111111111100 245143707114600 12.74 12.51 10.70
0111111111111111110 225 245143706114600 111111111111111111 245143706014600 12.74 4.17 5.50
0111111111111111110 225 245143706114600 111111111111110000 245143706214600 12.74 12.51 13.30
0111111111111111110 225 245143706114600 111111111111000000 245143706314600 12.74 12.51 13.30
0111111111111111110 225 245143706114600 111111111110000000 245143706414600 12.74 12.51 13.30
0111111111111111110 225 245143706114600 111111111100000000 245143706514600 12.74 12.51 13.30
0111111111111111110 225 245143706114600 111111111000000000 245143706614600 12.74 12.51 13.30
0111111111111111110 225 245143706114600 111111111000000000 245143706714600 12.74 12.51 13.30
0111111111111111110 225 245143706114600 111111111111111000 245143706104600 12.74 12.51 13.30
0111111111111111110 225 245143706114600 111111111111111111 245143706124600 12.74 4.17 5.50
0111111111111111110 225 245143706114600 111111111111111111 245143706134600 12.74 4.17 5.50
0111111111111111110 225 245143706114600 111111111111111111 245143706144600 12.74 4.17 5.50
0111111111111111110 225 245143706114600 111111111111111111 245143706154600 12.74 4.17 5.50
0111111111111111110 225 245143706114600 111111111111111111 245143706164600 12.74 4.17 5.50
0111111111111111110 225 245143706114600 111111111111111111 245143706174600 12.74 4.17 5.50
0111111111111111110 225 245143706114600 111111111111111111 245143706110600 12.74 4.17 5.50
0111111111111111110 225 245143706114600 111111111111111111 245143706111600 12.74 4.17 5.50
0111111111111111110 225 245143706114600 111111111111111111 245143706112600 12.74 4.17 5.50
0111111111111111110 225 245143706114600 111111111111111111 245143706113600 12.74 4.17 5.50
0111111111111111110 225 245143706114600 111111111111111000 245143706115600 12.74 12.51 13.30
0111111111111111110 225 245143706114600 111111111111110000 245143706116600 12.74 12.51 13.30
0111111111111111110 225 245143706114600 111111111111100000 245143706117600 12.74 12.51 13.30
0111111111111111110 225 245143706114600 111111111111111110 245143706114000 12.74 10.42 8.10
0111111111111111110 225 245143706114600 111111111111111110 245143706114100 12.74 10.42 8.10
0111111111111111110 225 245143706114600 111111111111111110 245143706114200 12.74 10.42 8.10
0111111111111111110 225 245143706114600 111111111111111110 245143706114300 12.74 10.42 8.10
0111111111111111110 225 245143706114600 111111111111111110 245143706114400 12.74 10.42 8.10
0111111111111111110 225 245143706114600 111111111111111110 245143706114500 12.74 10.42 8.10
0111111111111111110 225 245143706114600 111111111111111110 245143706114700 12.74 10.42 8.10
0111111111111111110 225 245143706114600 111111111111111111 245143706114610 12.74 4.17 5.50
0111111111111111110 225 245143706114600 111111111111111111 245143706114620 12.74 4.17 5.50
0111111111111111110 225 245143706114600 111111111111111111 245143706114630 12.74 4.17 5.50
0111111111111111110 225 245143706114600 111111111111111111 245143706114640 12.74 4.17 5.50
0111111111111111110 225 245143706114600 111111111111111111 245143706114650 12.74 4.17 5.50
0111111111111111110 225 245143706114600 111111111111111111 245143706114660 12.74 4.17 5.50
0111111111111111110 225 245143706114600 111111111111111111 245143706114670 12.74 4.17 5.50
0111111111111111110 225 245143706114600 111111111110000000 245143706114601 12.74 12.51 13.30
0111111111111111110 225 245143706114600 111111111000000000 245143706114602 12.74 12.51 13.30
0111111111111111110 225 245143706114600 111111110000000000 245143706114603 12.74 12.51 13.30
0111111111111111110 225 245143706114600 111111100000000000 245143706114604 12.74 12.51 13.30
0111111111111111110 225 245143706114600 111111000000000000 245143706114605 12.74 12.51 13.30
0111111111111111110 225 245143706114600 111111000000000000 245143706114606 12.74 12.51 13.30
0111111111111111110 225 245143706114600 111110000000000000 245143706114607 12.74 12.51 13.30
0111111111111111110 285 042474761634623 111111111111111100 142474761634623 12.74 12.51 10.70
0111111111111111110 285 042474761634623 111111111111111100 242474761634623 12.74 12.51 10.70
0111111111111111110 285 042474761634623 111111111111111000 342474761634623 12.74 12.51 13.30
0111111111111111110 285 042474761634623 111111111111111000 442474761634623 12.74 12.51 13.30
0111111111111111110 285 042474761634623 111111111111111000 542474761634623 12.74 12.51 13.30
0111111111111111110 285 042474761634623 111111111111110000 642474761634623 12.74 12.51 13.30
0111111111111111110 285 042474761634623 111111111111110000 742474761634623 12.74 12.51 13.30
0111111111111111110 285 042474761634623 111111111111111100 002474761634623 12.74 12.51 10.70
0111111111111111110 285 042474761634623 111111111111111100 012474761634623 12.74 12.51 10.70
0111111111111111110 285 042474761634623 111111111111111110 022474761634623 12.74 10.42 8.10
0111111111111111110 285 042474761634623 111111111111111110 032474761634623 12.74 10.42 8.10
0111111111111111110 285 042474761634623 111111111111111110 052474761634623 12.74 10.42 8.10
0111111111111111110 285 042474761634623 111111111111111111 062474761634623 12.74 4.17 5.50
0111111111111111110 285 042474761634623 111111111111111111 072474761634623 12.74 4.17 5.50
0111111111111111110 285 042474761634623 111111111111111100 040474761634623 12.74 12.51 10.70
0111111111111111110 285 042474761634623 111111111111111110 041474761634623 12.74 10.42 8.10
0111111111111111110 285 042474761634623 111111111111111110 043474761634623 12.74 10.42 8.10
0111111111111111110 285 042474761634623 111111111111111111 044474761634623 12.74 4.17 5.50
0111111111111111110 285 042474761634623 111111111111111111 045474761634623 12.74 4.17 5.50
0111111111111111110 285 042474761634623 111111111111111111 046474761634623 12.74 4.17 5.50
0111111111111111110 285 042474761634623 111111111111111111 047474761634623 12.74 4.17 5.50
0111111111111111110 285 042474761634623 111111111111111111 042074761634623 12.74 4.17 5.50
0111111111111111110 285 042474761634623 111111111111111111 042174761634623 12.74 4.17 5.50
0111111111111111110 285 042474761634623 111111111111111111 042274761634623 12.74 4.17 5.50
0111111111111111110 285 042474761634623 111111111111111111 042374761634623 12.74 4.17 5.50
0111111111111111110 285 042474761634623 111111111111111110 042574761634623 12.74 10.42 8.10
0111111111111111110 285 042474761634623 111111111111111110 042674761634623 12.74 10.42 8.10
0111111111111111110 285 042474761634623 111111111111111110 042774761634623 12.74 10.42 8.10
0111111111111111110 285 042474761634623 111111111111111111 042404761634623 12.74 4.17 5.50
0111111111111111110 285 042474761634623 111111111111111110 042414761634623 12.74 10.42 8.10
0111111111111111110 285 042474761634623 111111111111111110 042424761634623 12.74 10.42 8.10
0111111111111111110 285 042474761634623 111111111111111110 042434761634623 12.74 10.42 8.10
0111111111111111110 285 042474761634623 111111111111111110 042444761634623 12.74 10.42 8.10
0111111111111111110 285 042474761634623 111111111111111110 042454761634623 12.74 10.42 8.10
0111111111111111110 285 042474761634623 111111111111111110 042464761634623 12.74 10.42 8.10
0111111111111111110 285 042474761634623 111111111111111110 042470761634623 12.74 10.42 8.10
0111111111111111110 285 042474761634623 111111111111111110 042471761634623 12.74 10.42 8.10
0111111111111111110 285 042474761634623 111111111111111110 042472761634623 12.74 10.42 8.10
0111111111111111110 285 042474761634623 111111111111111110 042473761634623 12.74 10.42 8.10
0111111111111111110 285 042474761634623 111111111111111110 042475761634623 12.74 10.42 8.10
0111111111111111110 285 042474761634623 111111111111111110 042476761634623 12.74 10.42 8.10
0111111111111111110 285 042474761634623 111111111111111110 042477761634623 12.74 10.42 8.10
0111111111111111110 285 042474761634623 111111000000000111 042474061634623 12.74 16.68 18.60
0111111111111111110 285 042474761634623 111111100000000001 042474161634623 12.74 14.59 16.00
0111111111111111110 285 042474761634623 111111111000000000 042474261634623 12.74 12.51 13.30
0111111111111111110 285 042474761634623 111111111110000000 042474361634623 12.74 12.51 13.30
0111111111111111110 285 042474761634623 111111111111000000 042474461634623 12.74 12.51 13.30
0111111111111111110 285 042474761634623 111111111111110000 042474561634623 12.74 12.51 13.30
0111111111111111110 285 042474761634623 111111111111111100 042474661634623 12.74 12.51 10.70
0111111111111111110 285 042474761634623 111111111111111110 042474701634623 12.74 10.42 8.10
0111111111111111110 285 042474761634623 111111111111111110 042474711634623 12.74 10.42 8.10
0111111111111111110 285 042474761634623 111111111111111110 042474721634623 12.74 10.42 8.10
0111111111111111110 285 042474761634623 111111111111111110 042474731634623 12.74 10.42 8.10
0111111111111111110 285 042474761634623 111111111111111110 042474741634623 12.74 10.42 8.10
0111111111111111110 285 042474761634623 111111111111111110 042474751634623 12.74 10.42 8.10
0111111111111111110 285 042474761634623 111111111111111110 042474771634623 12.74 10.42 8.10
0111111111111111110 285 042474761634623 111111111111111111 042474760634623 12.74 4.17 5.50
0111111111111111110 285 042474761634623 111111111111100000 042474762634623 12.74 12.51 13.30
0111111111111111110 285 042474761634623 111111111100000000 042474763634623 12.74 12.51 13.30
0111111111111111110 285 042474761634623 111111111000000000 042474764634623 12.74 12.51 13.30
0111111111111111110 285 042474761634623 111111110000000000 042474765634623 12.74 12.51 13.30
0111111111111111110 285 042474761634623 111111100000000000 042474766634623 12.74 12.51 13.30
0111111111111111110 285 042474761634623 111111000000000000 042474767634623 12.74 12.51 13.30
0111111111111111110 285 042474761634623 111111111111111111 042474761034623 12.74 4.17 5.50
0111111111111111110 285 042474761634623 111111111111111111 042474761134623 12.74 4.17 5.50
0111111111111111110 285 042474761634623 111111111111111111 042474761234623 12.74 4.17 5.50
0111111111111111110 285 042474761634623 111111111111111111 042474761334623 12.74 4.17 5.50
0111111111111111110 285 042474761634623 111111111111111111 042474761434623 12.74 4.17 5.50
0111111111111111110 285 042474761634623 111111111111111111 042474761534623 12.74 4.17 5.50
0111111111111111110 285 042474761634623 111111111111111100 042474761734623 12.74 12.51 10.70
0111111111111111110 285 042474761634623 111111111110000000 042474761604623 12.74 12.51 13.30
0111111111111111110 285 042474761634623 111111111111100000 042474761614623 12.74 12.51 13.30
0111111111111111110 285 042474761634623 111111111111111000 042474761624623 12.74 12.51 13.30
0111111111111111110 285 042474761634623 111111111111111111 042474761644623 12.74 4.17 5.50
0111111111111111110 285 042474761634623 111111111111111111 042474761654623 12.74 4.17 5.50
0111111111111111110 285 042474761634623 111111111111111111 042474761664623 12.74 4.17 5.50
0111111111111111110 285 042474761634623 111111111111111111 042474761674623 12.74 4.17 5.50
0111111111111111110 285 042474761634623 111111111111111111 042474761630623 12.74 4.17 5.50
0111111111111111110 285 042474761634623 111111111111111111 042474761631623 12.74 4.17 5.50
0111111111111111110 285 042474761634623 111111111111111111 042474761632623 12.74 4.17 5.50
0111111111111111110 285 042474761634623 111111111111111111 042474761633623 12.74 4.17 5.50
0111111111111111110 285 042474761634623 111111111111111000 042474761635623 12.74 12.51 13.30
0111111111111111110 285 042474761634623 111111111111100000 042474761636623 12.74 12.51 13.30
0111111111111111110 285 042474761634623 111111111111000000 042474761637623 12.74 12.51 13.30
0111111111111111110 285 042474761634623 111111111111111110 042474761634023 12.74 10.42 8.10
0111111111111111110 285 042474761634623 111111111111111110 042474761634123 12.74 10.42 8.10
0111111111111111110 285 042474761634623 111111111111111110 042474761634223 12.74 10.42 8.10
0111111111111111110 285 042474761634623 111111111111111110 042474761634323 12.74 10.42 8.10
0111111111111111110 285 042474761634623 111111111111111110 042474761634423 12.74 10.42 8.10
0111111111111111110 285 042474761634623 111111111111111110 042474761634523 12.74 10.42 8.10
0111111111111111110 285 042474761634623 111111111111111110 042474761634723 12.74 10.42 8.10
0111111111111111110 285 042474761634623 111111111000000000 042474761634603 12.74 12.51 13.30
0111111111111111110 285 042474761634623 111111111111100000 042474761634613 12.74 12.51 13.30
0111111111111111110 285 042474761634623 111111111111111111 042474761634633 12.74 4.17 5.50
0111111111111111110 285 042474761634623 111111111111111111 042474761634643 12.74 4.17 5.50
0111111111111111110 285 042474761634623 111111111111111111 042474761634653 12.74 4.17 5.50
0111111111111111110 285 042474761634623 111111111111111111 042474761634663 12.74 4.17 5.50
0111111111111111110 285 042474761634623 111111111111111111 042474761634673 12.74 4.17 5.50
0111111111111111110 285 042474761634623 111111111111111111 042474761634620 12.74 4.17 5.50
0111111111111111110 285 042474761634623 111111111111111111 042474761634621 12.74 4.17 5.50
0111111111111111110 285 042474761634623 111111111111111111 042474761634622 12.74 4.17 5.50
0111111111111111110 285 042474761634623 111111111111110000 042474761634624 12.74 12.51 13.30
0111111111111111110 285 042474761634623 111111111111100000 042474761634625 12.74 12.51 13.30
0111111111111111110 285 042474761634623 111111111110000000 042474761634626 12.74 12.51 13.30
0111111111111111110 285 042474761634623 111111111100000000 042474761634627 12.74 12.51 13.30
0111111111111111110 304 534750406124574 111111111111111111 034750406124574 12.74 4.17 5.50
0111111111111111110 304 534750406124574 111111111111111111 134750406124574 12.74 4.17 5.50
0111111111111111110 304 534750406124574 111111111111111111 234750406124574 12.74 4.17 5.50
0111111111111111110 304 534750406124574 111111111111111111 334750406124574 12.74 4.17 5.50
0111111111111111110 304 534750406124574 111111111111111111 434750406124574 12.74 4.17 5.50
0111111111111111110 304 534750406124574 111111111111111110 634750406124574 12.74 10.42 8.10
0111111111111111110 304 534750406124574 111111111111111110 734750406124574 12.74 10.42 8.10
0111111111111111110 304 534750406124574 111111111111111110 504750406124574 12.74 10.42 8.10
0111111111111111110 304 534750406124574 111111111111111110 514750406124574 12.74 10.42 8.10
0111111111111111110 304 534750406124574 111111111111111110 524750406124574 12.74 10.42 8.10
0111111111111111110 304 534750406124574 111111111111111111 544750406124574 12.74 4.17 5.50
0111111111111111110 304 534750406124574 111111111111111111 554750406124574 12.74 4.17 5.50
0111111111111111110 304 534750406124574 111111111111111111 564750406124574 12.74 4.17 5.50
0111111111111111110 304 534750406124574 111111111111111111 574750406124574 12.74 4.17 5.50
0111111111111111110 304 534750406124574 111111111111111100 530750406124574 12.74 12.51 10.70
0111111111111111110 304 534750406124574 111111111111111110 531750406124574 12.74 10.42 8.10
0111111111111111110 304 534750406124574 111111111111111110 532750406124574 12.74 10.42 8.10
0111111111111111110 304 534750406124574 111111111111111110 533750406124574 12.74 10.42 8.10
0111111111111111110 304 534750406124574 111111111111111111 535750406124574 12.74 4.17 5.50
0111111111111111110 304 534750406124574 111111111111111111 536750406124574 12.74 4.17 5.50
0111111111111111110 304 534750406124574 111111111111111111 537750406124574 12.74 4.17 5.50
0111111111111111110 304 534750406124574 111111111111111111 534050406124574 12.74 4.17 5.50
0111111111111111110 304 534750406124574 111111111111111111 534150406124574 12.74 4.17 5.50
0111111111111111110 304 534750406124574 111111111111111111 534250406124574 12.74 4.17 5.50
0111111111111111110 304 534750406124574 111111111111111111 534350406124574 12.74 4.17 5.50
0111111111111111110 304 534750406124574 111111111111111111 534450406124574 12.74 4.17 5.50
0111111111111111110 304 534750406124574 111111111111111111 534550406124574 12.74 4.17 5.50
0111111111111111110 304 534750406124574 111111111111111110 534650406124574 12.74 10.42 8.10
0111111111111111110 304 534750406124574 111111111111111111 534700406124574 12.74 4.17 5.50
0111111111111111110 304 534750406124574 111111111111111111 534710406124574 12.74 4.17 5.50
0111111111111111110 304 534750406124574 111111111111111110 534720406124574 12.74 10.42 8.10
0111111111111111110 304 534750406124574 111111111111111110 534730406124574 12.74 10.42 8.10
0111111111111111110 304 534750406124574 111111111111111110 534740406124574 12.74 10.42 8.10
0111111111111111110 304 534750406124574 111111111111111110 534760406124574 12.74 10.42 8.10
0111111111111111110 304 534750406124574 111111111111111110 534770406124574 12.74 10.42 8.10
0111111111111111110 304 534750406124574 111111111111111110 534751406124574 12.74 10.42 8.10
0111111111111111110 304 534750406124574 111111111111111110 534752406124574 12.74 10.42 8.10
0111111111111111110 304 534750406124574 111111111111111110 534753406124574 12.74 10.42 8.10
0111111111111111110 304 534750406124574 111111111111111110 534754406124574 12.74 10.42 8.10
0111111111111111110 304 534750406124574 111111111111111110 534755406124574 12.74 10.42 8.10
0111111111111111110 304 534750406124574 111111111111111110 534756406124574 12.74 10.42 8.10
0111111111111111110 304 534750406124574 111111111111111110 534757406124574 12.74 10.42 8.10
0111111111111111110 304 534750406124574 111111000000000000 534750006124574 12.74 12.51 13.30
0111111111111111110 304 534750406124574 111111111000000000 534750106124574 12.74 12.51 13.30
0111111111111111110 304 534750406124574 111111111111000000 534750206124574 12.74 12.51 13.30
0111111111111111110 304 534750406124574 111111111111111000 534750306124574 12.74 12.51 13.30
0111111111111111110 304 534750406124574 111111111111111111 534750506124574 12.74 4.17 5.50
0111111111111111110 304 534750406124574 111111111111111111 534750606124574 12.74 4.17 5.50
0111111111111111110 304 534750406124574 111111111111111111 534750706124574 12.74 4.17 5.50
0111111111111111110 304 534750406124574 111111111111111110 534750416124574 12.74 10.42 8.10
0111111111111111110 304 534750406124574 111111111111111110 534750426124574 12.74 10.42 8.10
0111111111111111110 304 534750406124574 111111111111111110 534750436124574 12.74 10.42 8.10
0111111111111111110 304 534750406124574 111111111111111110 534750446124574 12.74 10.42 8.10
0111111111111111110 304 534750406124574 111111111111111110 534750456124574 12.74 10.42 8.10
0111111111111111110 304 534750406124574 111111111111111110 534750466124574 12.74 10.42 8.10
0111111111111111110 304 534750406124574 111111111111111110 534750476124574 12.74 10.42 8.10
0111111111111111110 304 534750406124574 111111111111111111 534750400124574 12.74 4.17 5.50
0111111111111111110 304 534750406124574 111111111111111111 534750401124574 12.74 4.17 5.50
0111111111111111110 304 534750406124574 111111111111111111 534750402124574 12.74 4.17 5.50
0111111111111111110 304 534750406124574 111111111111111111 534750403124574 12.74 4.17 5.50
0111111111111111110 304 534750406124574 111111111111111111 534750404124574 12.74 4.17 5.50
0111111111111111110 304 534750406124574 111111111111111111 534750405124574 12.74 4.17 5.50
0111111111111111110 304 534750406124574 111111111111111100 534750407124574 12.74 12.51 10.70
0111111111111111110 304 534750406124574 111111111111111111 534750406024574 12.74 4.17 5.50
0111111111111111110 304 534750406124574 111111111111100000 534750406224574 12.74 12.51 13.30
0111111111111111110 304 534750406124574 111111111100000000 534750406324574 12.74 12.51 13.30
0111111111111111110 304 534750406124574 111111111000000000 534750406424574 12.74 12.51 13.30
0111111111111111110 304 534750406124574 111111110000000000 534750406524574 12.74 12.51 13.30
0111111111111111110 304 534750406124574 111111100000000000 534750406624574 12.74 12.51 13.30
0111111111111111110 304 534750406124574 111111000000000000 534750406724574 12.74 12.51 13.30
0111111111111111110 304 534750406124574 111111111111100000 534750406104574 12.74 12.51 13.30
0111111111111111110 304 534750406124574 111111111111111000 534750406114574 12.74 12.51 13.30
0111111111111111110 304 534750406124574 111111111111111111 534750406134574 12.74 4.17 5.50
0111111111111111110 304 534750406124574 111111111111111111 534750406144574 12.74 4.17 5.50
0111111111111111110 304 534750406124574 111111111111111111 534750406154574 12.74 4.17 5.50
0111111111111111110 304 534750406124574 111111111111111111 534750406164574 12.74 4.17 5.50
0111111111111111110 304 534750406124574 111111111111111111 534750406174574 12.74 4.17 5.50
0111111111111111110 304 534750406124574 111111111111111111 534750406120574 12.74 4.17 5.50
0111111111111111110 304 534750406124574 111111111111111111 534750406121574 12.74 4.17 5.50
0111111111111111110 304 534750406124574 111111111111111111 534750406122574 12.74 4.17 5.50
0111111111111111110 304 534750406124574 111111111111111111 534750406123574 12.74 4.17 5.50
0111111111111111110 304 534750406124574 111111111111111000 534750406125574 12.74 12.51 13.30
0111111111111111110 304 534750406124574 111111111111100000 534750406126574 12.74 12.51 13.30
0111111111111111110 304 534750406124574 111111111111000000 534750406127574 12.74 12.51 13.30
0111111111111111110 304 534750406124574 111111111111111110 534750406124074 12.74 10.42 8.10
0111111111111111110 304 534750406124574 111111111111111110 534750406124174 12.74 10.42 8.10
0111111111111111110 304 534750406124574 111111111111111110 534750406124274 12.74 10.42 8.10
0111111111111111110 304 534750406124574 111111111111111110 534750406124374 12.74 10.42 8.10
0111111111111111110 304 534750406124574 111111111111111110 534750406124474 12.74 10.42 8.10
0111111111111111110 304 534750406124574 111111111111111110 534750406124674 12.74 10.42 8.10
0111111111111111110 304 534750406124574 111111111111111110 534750406124774 12.74 10.42 8.10
0111111111111111110 304 534750406124574 111110000000000000 534750406124504 12.74 12.51 13.30
0111111111111111110 304 534750406124574 111111100000000000 534750406124514 12.74 12.51 13.30
0111111111111111110 304 534750406124574 111111111000000000 534750406124524 12.74 12.51 13.30
0111111111111111110 304 534750406124574 111111111110000000 534750406124534 12.74 12.51 13.30
0111111111111111110 304 534750406124574 111111111111000000 534750406124544 12.74 12.51 13.30
0111111111111111110 304 534750406124574 111111111111110000 534750406124554 12.74 12.51 13.30
0111111111111111110 304 534750406124574 111111111111111100 534750406124564 12.74 12.51 10.70
0111111111111111110 304 534750406124574 111111111111111111 534750406124570 12.74 4.17 5.50
0111111111111111110 304 534750406124574 111111111111111111 534750406124571 12.74 4.17 5.50
0111111111111111110 304 534750406124574 111111111111111111 534750406124572 12.74 4.17 5.50
0111111111111111110 304 534750406124574 111111111111111111 534750406124573 12.74 4.17 5.50
0111111111111111110 304 534750406124574 111111111111111000 534750406124575 12.74 12.51 13.30
0111111111111111110 304 534750406124574 111111111111110000 534750406124576 12.74 12.51 13.30
0111111111111111110 304 534750406124574 111111111111000000 534750406124577 12.74 12.51 13.30
0111111111111111110 338 346752144457560 111111111111111111 046752144457560 12.74 4.17 5.50
0111111111111111110 338 346752144457560 111111111111111111 146752144457560 12.74 4.17 5.50
0111111111111111110 338 346752144457560 111111111111111111 246752144457560 12.74 4.17 5.50
0111111111111111110 338 346752144457560 111111111111111110 446752144457560 12.74 10.42 8.10
0111111111111111110 338 346752144457560 111111111111111100 546752144457560 12.74 12.51 10.70
0111111111111111110 338 346752144457560 111111111111111100 646752144457560 12.74 12.51 10.70
0111111111111111110 338 346752144457560 111111111111111000 746752144457560 12.74 12.51 13.30
0111111111111111110 338 346752144457560 111111111111111100 306752144457560 12.74 12.51 10.70
0111111111111111110 338 346752144457560 111111111111111100 316752144457560 12.74 12.51 10.70
0111111111111111110 338 346752144457560 111111111111111100 326752144457560 12.74 12.51 10.70
0111111111111111110 338 346752144457560 111111111111111110 336752144457560 12.74 10.42 8.10
0111111111111111110 338 346752144457560 111111111111111110 356752144457560 12.74 10.42 8.10
0111111111111111110 338 346752144457560 111111111111111111 366752144457560 12.74 4.17 5.50
0111111111111111110 338 346752144457560 111111111111111111 376752144457560 12.74 4.17 5.50
0111111111111111110 338 346752144457560 111111111111000000 340752144457560 12.74 12.51 13.30
0111111111111111110 338 346752144457560 111111111111110000 341752144457560 12.74 12.51 13.30
0111111111111111110 338 346752144457560 111111111111111000 342752144457560 12.74 12.51 13.30
0111111111111111110 338 346752144457560 111111111111111100 343752144457560 12.74 12.51 10.70
0111111111111111110 338 346752144457560 111111111111111100 344752144457560 12.74 12.51 10.70
0111111111111111110 338 346752144457560 111111111111111110 345752144457560 12.74 10.42 8.10
0111111111111111110 338 346752144457560 111111111111111110 347752144457560 12.74 10.42 8.10
0111111111111111110 338 346752144457560 111111111111111111 346052144457560 12.74 4.17 5.50
0111111111111111110 338 346752144457560 111111111111111111 346152144457560 12.74 4.17 5.50
0111111111111111110 338 346752144457560 111111111111111111 346252144457560 12.74 4.17 5.50
0111111111111111110 338 346752144457560 111111111111111111 346352144457560 12.74 4.17 5.50
0111111111111111110 338 346752144457560 111111111111111111 346452144457560 12.74 4.17 5.50
0111111111111111110 338 346752144457560 111111111111111111 346552144457560 12.74 4.17 5.50
0111111111111111110 338 346752144457560 111111111111111110 346652144457560 12.74 10.42 8.10
0111111111111111110 338 346752144457560 111111111111111111 346702144457560 12.74 4.17 5.50
0111111111111111110 338 346752144457560 111111111111111110 346712144457560 12.74 10.42 8.10
0111111111111111110 338 346752144457560 111111111111111110 346722144457560 12.74 10.42 8.10
0111111111111111110 338 346752144457560 111111111111111110 346732144457560 12.74 10.42 8.10
0111111111111111110 338 346752144457560 111111111111111110 346742144457560 12.74 10.42 8.10
0111111111111111110 338 346752144457560 111111111111111110 346762144457560 12.74 10.42 8.10
0111111111111111110 338 346752144457560 111111111111111110 346772144457560 12.74 10.42 8.10
0111111111111111110 338 346752144457560 111111111111111110 346750144457560 12.74 10.42 8.10
0111111111111111110 338 346752144457560 111111111111111110 346751144457560 12.74 10.42 8.10
0111111111111111110 338 346752144457560 111111111111111110 346753144457560 12.74 10.42 8.10
0111111111111111110 338 346752144457560 111111111111111110 346754144457560 12.74 10.42 8.10
0111111111111111110 338 346752144457560 111111111111111111 346755144457560 12.74 4.17 5.50
0111111111111111110 338 346752144457560 111111111111111111 346756144457560 12.74 4.17 5.50
0111111111111111110 338 346752144457560 111111111111111111 346757144457560 12.74 4.17 5.50
0111111111111111110 338 346752144457560 111111111100000001 346752044457560 12.74 14.59 16.00
0111111111111111110 338 346752144457560 111111111111111111 346752244457560 12.74 4.17 5.50
0111111111111111110 338 346752144457560 111111111111111111 346752344457560 12.74 4.17 5.50
0111111111111111110 338 346752144457560 111111111111111111 346752444457560 12.74 4.17 5.50
0111111111111111110 338 346752144457560 111111111111111111 346752544457560 12.74 4.17 5.50
0111111111111111110 338 346752144457560 111111111111111111 346752644457560 12.74 4.17 5.50
0111111111111111110 338 346752144457560 111111111111111111 346752744457560 12.74 4.17 5.50
0111111111111111110 338 346752144457560 111111111111111110 346752104457560 12.74 10.42 8.10
0111111111111111110 338 346752144457560 111111111111111110 346752114457560 12.74 10.42 8.10
0111111111111111110 338 346752144457560 111111111111111110 346752124457560 12.74 10.42 8.10
0111111111111111110 338 346752144457560 111111111111111110 346752134457560 12.74 10.42 8.10
0111111111111111110 338 346752144457560 111111111111111110 346752154457560 12.74 10.42 8.10
0111111111111111110 338 346752144457560 111111111111111110 346752164457560 12.74 10.42 8.10
0111111111111111110 338 346752144457560 111111111111111110 346752174457560 12.74 10.42 8.10
0111111111111111110 338 346752144457560 111111111111111111 346752140457560 12.74 4.17 5.50
0111111111111111110 338 346752144457560 111111111111111111 346752141457560 12.74 4.17 5.50
0111111111111111110 338 346752144457560 111111111111111111 346752142457560 12.74 4.17 5.50
0111111111111111110 338 346752144457560 111111111111111111 346752143457560 12.74 4.17 5.50
0111111111111111110 338 346752144457560 111111111111111000 346752145457560 12.74 12.51 13.30
0111111111111111110 338 346752144457560 111111111111100000 346752146457560 12.74 12.51 13.30
0111111111111111110 338 346752144457560 111111111111000000 346752147457560 12.74 12.51 13.30
0111111111111111110 338 346752144457560 111111111111111111 346752144057560 12.74 4.17 5.50
0111111111111111110 338 346752144457560 111111111111111111 346752144157560 12.74 4.17 5.50
0111111111111111110 338 346752144457560 111111111111111111 346752144257560 12.74 4.17 5.50
0111111111111111110 338 346752144457560 111111111111111111 346752144357560 12.74 4.17 5.50
0111111111111111110 338 346752144457560 111111111111111000 346752144557560 12.74 12.51 13.30
0111111111111111110 338 346752144457560 111111111111100000 346752144657560 12.74 12.51 13.30
0111111111111111110 338 346752144457560 111111111111000000 346752144757560 12.74 12.51 13.30
0111111111111111110 338 346752144457560 111111111100000000 346752144407560 12.74 12.51 13.30
0111111111111111110 338 346752144457560 111111111110000000 346752144417560 12.74 12.51 13.30
0111111111111111110 338 346752144457560 111111111111000000 346752144427560 12.74 12.51 13.30
0111111111111111110 338 346752144457560 111111111111100000 346752144437560 12.74 12.51 13.30
0111111111111111110 338 346752144457560 111111111111111000 346752144447560 12.74 12.51 13.30
0111111111111111110 338 346752144457560 111111111111111111 346752144467560 12.74 4.17 5.50
0111111111111111110 338 346752144457560 111111111111111111 346752144477560 12.74 4.17 5.50
0111111111111111110 338 346752144457560 111111111111111111 346752144450560 12.74 4.17 5.50
0111111111111111110 338 346752144457560 111111111111111111 346752144451560 12.74 4.17 5.50
0111111111111111110 338 346752144457560 111111111111111111 346752144452560 12.74 4.17 5.50
0111111111111111110 338 346752144457560 111111111111111111 346752144453560 12.74 4.17 5.50
0111111111111111110 338 346752144457560 111111111111111111 346752144454560 12.74 4.17 5.50
0111111111111111110 338 346752144457560 111111111111111111 346752144455560 12.74 4.17 5.50
0111111111111111110 338 346752144457560 111111111111111111 346752144456560 12.74 4.17 5.50
0111111111111111110 338 346752144457560 111111111111111110 346752144457060 12.74 10.42 8.10
0111111111111111110 338 346752144457560 111111111111111110 346752144457160 12.74 10.42 8.10
0111111111111111110 338 346752144457560 111111111111111110 346752144457260 12.74 10.42 8.10
0111111111111111110 338 346752144457560 111111111111111110 346752144457360 12.74 10.42 8.10
0111111111111111110 338 346752144457560 111111111111111110 346752144457460 12.74 10.42 8.10
0111111111111111110 338 346752144457560 111111111111111110 346752144457660 12.74 10.42 8.10
0111111111111111110 338 346752144457560 111111111111111110 346752144457760 12.74 10.42 8.10
0111111111111111110 338 346752144457560 111110000000111111 346752144457500 12.74 16.68 16.00
0111111111111111110 338 346752144457560 111111100000001111 346752144457510 12.74 16.68 18.60
0111111111111111110 338 346752144457560 111111111000000011 346752144457520 12.74 16.68 18.60
0111111111111111110 338 346752144457560 111111111110000000 346752144457530 12.74 12.51 13.30
0111111111111111110 338 346752144457560 111111111111100000 346752144457540 12.74 12.51 13.30
0111111111111111110 338 346752144457560 111111111111111000 346752144457550 12.74 12.51 13.30
0111111111111111110 338 346752144457560 111111111111111111 346752144457570 12.74 4.17 5.50
0111111111111111110 338 346752144457560 111111111100000001 346752144457561 12.74 14.59 16.00
0111111111111111110 338 346752144457560 111111100000000111 346752144457562 12.74 16.68 18.60
0111111111111111110 338 346752144457560 111111000000011111 346752144457563 12.74 16.68 16.00
0111111111111111110 338 346752144457560 111110000000011111 346752144457564 12.74 16.68 16.00
0111111111111111110 338 346752144457560 111100000000111111 346752144457565 12.74 16.68 16.00
0111111111111111110 338 346752144457560 111100000000111111 346752144457566 12.74 16.68 16.00
0111111111111111110 338 346752144457560 111100000001111111 346752144457567 12.74 16.68 16.00
