ParentPhenotype line ParentGenotype MutantPhenotype MutantGenotype KC_col1 KC_col4 Conditional_Complexity
0110000000000000000 113 732360037515314 110000000000000111 032360037515314 14.87 16.68 13.80
0110000000000000000 113 732360037515314 110000000000001111 132360037515314 14.87 16.68 13.80
0110000000000000000 113 732360037515314 110000000000001111 232360037515314 14.87 16.68 13.80
0110000000000000000 113 732360037515314 110000000000000111 332360037515314 14.87 16.68 13.80
0110000000000000000 113 732360037515314 110000000000000111 432360037515314 14.87 16.68 13.80
0110000000000000000 113 732360037515314 110000000000000001 532360037515314 14.87 14.59 11.10
0110000000000000000 113 732360037515314 110000000000000000 632360037515314 14.87 12.51 8.50
0110000000000000000 113 732360037515314 111111111000000000 702360037515314 14.87 12.51 13.80
0110000000000000000 113 732360037515314 111100000000000000 712360037515314 14.87 12.51 13.80
0110000000000000000 113 732360037515314 110000000000000000 722360037515314 14.87 12.51 8.50
0110000000000000000 113 732360037515314 110000000000000000 742360037515314 14.87 12.51 8.50
0110000000000000000 113 732360037515314 111000000000000000 752360037515314 14.87 12.51 8.50
0110000000000000000 113 732360037515314 111000000000000000 762360037515314 14.87 12.51 8.50
0110000000000000000 113 732360037515314 111000000000000000 772360037515314 14.87 12.51 8.50
0110000000000000000 113 732360037515314 111111111110000000 730360037515314 14.87 12.51 13.80
0110000000000000000 113 732360037515314 111000000000000000 731360037515314 14.87 12.51 8.50
0110000000000000000 113 732360037515314 110000000000000001 733360037515314 14.87 14.59 11.10
0110000000000000000 113 732360037515314 110000000000000111 734360037515314 14.87 16.68 13.80
0110000000000000000 113 732360037515314 110000000000000111 735360037515314 14.87 16.68 13.80
0110000000000000000 113 732360037515314 110000000000001111 736360037515314 14.87 16.68 13.80
0110000000000000000 113 732360037515314 110000000000001111 737360037515314 14.87 16.68 13.80
0110000000000000000 113 732360037515314 111100000000000000 732060037515314 14.87 12.51 13.80
0110000000000000000 113 732360037515314 111000000000000000 732160037515314 14.87 12.51 8.50
0110000000000000000 113 732360037515314 110000000000000000 732260037515314 14.87 12.51 8.50
0110000000000000000 113 732360037515314 110000000000000000 732460037515314 14.87 12.51 8.50
0110000000000000000 113 732360037515314 110000000000000000 732560037515314 14.87 12.51 8.50
0110000000000000000 113 732360037515314 111000000000000000 732660037515314 14.87 12.51 8.50
0110000000000000000 113 732360037515314 111100000000000000 732760037515314 14.87 12.51 13.80
0110000000000000000 113 732360037515314 111000000000000000 732300037515314 14.87 12.51 8.50
0110000000000000000 113 732360037515314 111000000000000000 732310037515314 14.87 12.51 8.50
0110000000000000000 113 732360037515314 111000000000000000 732320037515314 14.87 12.51 8.50
0110000000000000000 113 732360037515314 110000000000000000 732330037515314 14.87 12.51 8.50
0110000000000000000 113 732360037515314 110000000000000000 732340037515314 14.87 12.51 8.50
0110000000000000000 113 732360037515314 110000000000000000 732350037515314 14.87 12.51 8.50
0110000000000000000 113 732360037515314 110000000000000000 732370037515314 14.87 12.51 8.50
0110000000000000000 113 732360037515314 110000000000000000 732361037515314 14.87 12.51 8.50
0110000000000000000 113 732360037515314 111000000000000000 732362037515314 14.87 12.51 8.50
0110000000000000000 113 732360037515314 111111000000000000 732363037515314 14.87 12.51 13.80
0110000000000000000 113 732360037515314 111111111100000000 732364037515314 14.87 12.51 13.80
0110000000000000000 113 732360037515314 111111111111000000 732365037515314 14.87 12.51 13.80
0110000000000000000 113 732360037515314 111111111111000000 732366037515314 14.87 12.51 13.80
0110000000000000000 113 732360037515314 111111111111000000 732367037515314 14.87 12.51 13.80
0110000000000000000 113 732360037515314 110000000000000111 732360137515314 14.87 16.68 13.80
0110000000000000000 113 732360037515314 110000000000000111 732360237515314 14.87 16.68 13.80
0110000000000000000 113 732360037515314 110000000000000011 732360337515314 14.87 16.68 13.80
0110000000000000000 113 732360037515314 111000000000000000 732360437515314 14.87 12.51 8.50
0110000000000000000 113 732360037515314 111000000000000000 732360537515314 14.87 12.51 8.50
0110000000000000000 113 732360037515314 111100000000000000 732360637515314 14.87 12.51 13.80
0110000000000000000 113 732360037515314 111100000000000000 732360737515314 14.87 12.51 13.80
0110000000000000000 113 732360037515314 110000000000000000 732360007515314 14.87 12.51 8.50
0110000000000000000 113 732360037515314 110000000000000000 732360017515314 14.87 12.51 8.50
0110000000000000000 113 732360037515314 110000000000000000 732360027515314 14.87 12.51 8.50
0110000000000000000 113 732360037515314 110000000000000000 732360047515314 14.87 12.51 8.50
0110000000000000000 113 732360037515314 110000000000000000 732360057515314 14.87 12.51 8.50
0110000000000000000 113 732360037515314 110000000000000000 732360067515314 14.87 12.51 8.50
0110000000000000000 113 732360037515314 110000000000000000 732360077515314 14.87 12.51 8.50
0110000000000000000 113 732360037515314 111110000000000000 732360030515314 14.87 12.51 13.80
0110000000000000000 113 732360037515314 111100000000000000 732360031515314 14.87 12.51 13.80
0110000000000000000 113 732360037515314 111000000000000000 732360032515314 14.87 12.51 8.50
0110000000000000000 113 732360037515314 111000000000000000 732360033515314 14.87 12.51 8.50
0110000000000000000 113 732360037515314 111000000000000000 732360034515314 14.87 12.51 8.50
0110000000000000000 113 732360037515314 110000000000000000 732360035515314 14.87 12.51 8.50
0110000000000000000 113 732360037515314 110000000000000000 732360036515314 14.87 12.51 8.50
0110000000000000000 113 732360037515314 111000000000000001 732360037015314 14.87 14.59 13.80
0110000000000000000 113 732360037515314 110000000000000111 732360037115314 14.87 16.68 13.80
0110000000000000000 113 732360037515314 110000000000000111 732360037215314 14.87 16.68 13.80
0110000000000000000 113 732360037515314 110000000000000011 732360037315314 14.87 16.68 13.80
0110000000000000000 113 732360037515314 110000000000000000 732360037415314 14.87 12.51 8.50
0110000000000000000 113 732360037515314 110000000000000000 732360037615314 14.87 12.51 8.50
0110000000000000000 113 732360037515314 111000000000000000 732360037715314 14.87 12.51 8.50
0110000000000000000 113 732360037515314 110000000000000000 732360037505314 14.87 12.51 8.50
0110000000000000000 113 732360037515314 110000000000000000 732360037525314 14.87 12.51 8.50
0110000000000000000 113 732360037515314 110000000000000000 732360037535314 14.87 12.51 8.50
0110000000000000000 113 732360037515314 110000000000000000 732360037545314 14.87 12.51 8.50
0110000000000000000 113 732360037515314 110000000000000001 732360037555314 14.87 14.59 11.10
0110000000000000000 113 732360037515314 110000000000000011 732360037565314 14.87 16.68 13.80
0110000000000000000 113 732360037515314 111000000000000111 732360037575314 14.87 16.68 13.80
0110000000000000000 113 732360037515314 111111111111111111 732360037510314 14.87 4.17 8.50
0110000000000000000 113 732360037515314 111111111111111111 732360037511314 14.87 4.17 8.50
0110000000000000000 113 732360037515314 111111111111111111 732360037512314 14.87 4.17 8.50
0110000000000000000 113 732360037515314 111000000000000000 732360037513314 14.87 12.51 8.50
0110000000000000000 113 732360037515314 110000000000000000 732360037514314 14.87 12.51 8.50
0110000000000000000 113 732360037515314 110000000000000000 732360037516314 14.87 12.51 8.50
0110000000000000000 113 732360037515314 110000000000000000 732360037517314 14.87 12.51 8.50
0110000000000000000 113 732360037515314 110000000000000000 732360037515014 14.87 12.51 8.50
0110000000000000000 113 732360037515314 110000000000000000 732360037515114 14.87 12.51 8.50
0110000000000000000 113 732360037515314 110000000000000000 732360037515214 14.87 12.51 8.50
0110000000000000000 113 732360037515314 110000000000000000 732360037515414 14.87 12.51 8.50
0110000000000000000 113 732360037515314 110000000000000000 732360037515514 14.87 12.51 8.50
0110000000000000000 113 732360037515314 110000000000000000 732360037515614 14.87 12.51 8.50
0110000000000000000 113 732360037515314 110000000000000000 732360037515714 14.87 12.51 8.50
0110000000000000000 113 732360037515314 111111100000000000 732360037515304 14.87 12.51 13.80
0110000000000000000 113 732360037515314 110000000000000011 732360037515324 14.87 16.68 13.80
0110000000000000000 113 732360037515314 110000000000000111 732360037515334 14.87 16.68 13.80
0110000000000000000 113 732360037515314 110000000000000111 732360037515344 14.87 16.68 13.80
0110000000000000000 113 732360037515314 110000000000000111 732360037515354 14.87 16.68 13.80
0110000000000000000 113 732360037515314 110000000000000111 732360037515364 14.87 16.68 13.80
0110000000000000000 113 732360037515314 110000000000000011 732360037515374 14.87 16.68 13.80
0110000000000000000 113 732360037515314 111100000000000000 732360037515310 14.87 12.51 13.80
0110000000000000000 113 732360037515314 111000000000000000 732360037515311 14.87 12.51 8.50
0110000000000000000 113 732360037515314 111000000000000000 732360037515312 14.87 12.51 8.50
0110000000000000000 113 732360037515314 110000000000000000 732360037515313 14.87 12.51 8.50
0110000000000000000 113 732360037515314 110000000000000000 732360037515315 14.87 12.51 8.50
0110000000000000000 113 732360037515314 110000000000000000 732360037515316 14.87 12.51 8.50
0110000000000000000 113 732360037515314 111000000000000000 732360037515317 14.87 12.51 8.50
0110000000000000000 588 720363137616246 110000000000001111 020363137616246 14.87 16.68 13.80
0110000000000000000 588 720363137616246 110000000000001111 120363137616246 14.87 16.68 13.80
0110000000000000000 588 720363137616246 110000000000001111 220363137616246 14.87 16.68 13.80
0110000000000000000 588 720363137616246 110000000000000111 320363137616246 14.87 16.68 13.80
0110000000000000000 588 720363137616246 110000000000000111 420363137616246 14.87 16.68 13.80
0110000000000000000 588 720363137616246 110000000000000011 520363137616246 14.87 16.68 13.80
0110000000000000000 588 720363137616246 110000000000000000 620363137616246 14.87 12.51 8.50
0110000000000000000 588 720363137616246 111111111100000000 700363137616246 14.87 12.51 13.80
0110000000000000000 588 720363137616246 110000000000000000 710363137616246 14.87 12.51 8.50
0110000000000000000 588 720363137616246 110000000000000000 730363137616246 14.87 12.51 8.50
0110000000000000000 588 720363137616246 110000000000000000 740363137616246 14.87 12.51 8.50
0110000000000000000 588 720363137616246 110000000000000000 750363137616246 14.87 12.51 8.50
0110000000000000000 588 720363137616246 110000000000000000 760363137616246 14.87 12.51 8.50
0110000000000000000 588 720363137616246 110000000000000000 770363137616246 14.87 12.51 8.50
0110000000000000000 588 720363137616246 110000000000000111 721363137616246 14.87 16.68 13.80
0110000000000000000 588 720363137616246 110000000000001111 722363137616246 14.87 16.68 13.80
0110000000000000000 588 720363137616246 110000000000001111 723363137616246 14.87 16.68 13.80
0110000000000000000 588 720363137616246 110000000000001111 724363137616246 14.87 16.68 13.80
0110000000000000000 588 720363137616246 110000000000001111 725363137616246 14.87 16.68 13.80
0110000000000000000 588 720363137616246 110000000000001111 726363137616246 14.87 16.68 13.80
0110000000000000000 588 720363137616246 110000000000001111 727363137616246 14.87 16.68 13.80
0110000000000000000 588 720363137616246 111000000000000000 720063137616246 14.87 12.51 8.50
0110000000000000000 588 720363137616246 110000000000000000 720163137616246 14.87 12.51 8.50
0110000000000000000 588 720363137616246 110000000000000000 720263137616246 14.87 12.51 8.50
0110000000000000000 588 720363137616246 110000000000000000 720463137616246 14.87 12.51 8.50
0110000000000000000 588 720363137616246 110000000000000000 720563137616246 14.87 12.51 8.50
0110000000000000000 588 720363137616246 110000000000000000 720663137616246 14.87 12.51 8.50
0110000000000000000 588 720363137616246 111111000000000000 720763137616246 14.87 12.51 13.80
0110000000000000000 588 720363137616246 110000000000000000 720303137616246 14.87 12.51 8.50
0110000000000000000 588 720363137616246 110000000000000000 720313137616246 14.87 12.51 8.50
0110000000000000000 588 720363137616246 110000000000000000 720323137616246 14.87 12.51 8.50
0110000000000000000 588 720363137616246 110000000000000000 720333137616246 14.87 12.51 8.50
0110000000000000000 588 720363137616246 110000000000000000 720343137616246 14.87 12.51 8.50
0110000000000000000 588 720363137616246 110000000000000000 720353137616246 14.87 12.51 8.50
0110000000000000000 588 720363137616246 110000000000000000 720373137616246 14.87 12.51 8.50
0110000000000000000 588 720363137616246 110000000000000000 720360137616246 14.87 12.51 8.50
0110000000000000000 588 720363137616246 110000000000000000 720361137616246 14.87 12.51 8.50
0110000000000000000 588 720363137616246 110000000000000000 720362137616246 14.87 12.51 8.50
0110000000000000000 588 720363137616246 110000000000000000 720364137616246 14.87 12.51 8.50
0110000000000000000 588 720363137616246 110000000000000000 720365137616246 14.87 12.51 8.50
0110000000000000000 588 720363137616246 110000000000000000 720366137616246 14.87 12.51 8.50
0110000000000000000 588 720363137616246 110000000000000000 720367137616246 14.87 12.51 8.50
0110000000000000000 588 720363137616246 111111111111000000 720363037616246 14.87 12.51 13.80
0110000000000000000 588 720363137616246 110000000000000111 720363237616246 14.87 16.68 13.80
0110000000000000000 588 720363137616246 110000000000000111 720363337616246 14.87 16.68 13.80
0110000000000000000 588 720363137616246 110000000000000111 720363437616246 14.87 16.68 13.80
0110000000000000000 588 720363137616246 110000000000000011 720363537616246 14.87 16.68 13.80
0110000000000000000 588 720363137616246 111000000000000001 720363637616246 14.87 14.59 13.80
0110000000000000000 588 720363137616246 111000000000000001 720363737616246 14.87 14.59 13.80
0110000000000000000 588 720363137616246 110000000000000000 720363107616246 14.87 12.51 8.50
0110000000000000000 588 720363137616246 110000000000000000 720363117616246 14.87 12.51 8.50
0110000000000000000 588 720363137616246 110000000000000000 720363127616246 14.87 12.51 8.50
0110000000000000000 588 720363137616246 110000000000000000 720363147616246 14.87 12.51 8.50
0110000000000000000 588 720363137616246 110000000000000000 720363157616246 14.87 12.51 8.50
0110000000000000000 588 720363137616246 110000000000000000 720363167616246 14.87 12.51 8.50
0110000000000000000 588 720363137616246 110000000000000000 720363177616246 14.87 12.51 8.50
0110000000000000000 588 720363137616246 111110000000000000 720363130616246 14.87 12.51 13.80
0110000000000000000 588 720363137616246 111000000000000000 720363131616246 14.87 12.51 8.50
0110000000000000000 588 720363137616246 111000000000000000 720363132616246 14.87 12.51 8.50
0110000000000000000 588 720363137616246 110000000000000000 720363133616246 14.87 12.51 8.50
0110000000000000000 588 720363137616246 110000000000000000 720363134616246 14.87 12.51 8.50
0110000000000000000 588 720363137616246 110000000000000000 720363135616246 14.87 12.51 8.50
0110000000000000000 588 720363137616246 110000000000000000 720363136616246 14.87 12.51 8.50
0110000000000000000 588 720363137616246 111110000000000000 720363137016246 14.87 12.51 13.80
0110000000000000000 588 720363137616246 111000000000000001 720363137116246 14.87 14.59 13.80
0110000000000000000 588 720363137616246 110000000000000011 720363137216246 14.87 16.68 13.80
0110000000000000000 588 720363137616246 110000000000000111 720363137316246 14.87 16.68 13.80
0110000000000000000 588 720363137616246 110000000000000011 720363137416246 14.87 16.68 13.80
0110000000000000000 588 720363137616246 110000000000000000 720363137516246 14.87 12.51 8.50
0110000000000000000 588 720363137616246 110000000000000000 720363137716246 14.87 12.51 8.50
0110000000000000000 588 720363137616246 110000000000000000 720363137606246 14.87 12.51 8.50
0110000000000000000 588 720363137616246 110000000000000000 720363137626246 14.87 12.51 8.50
0110000000000000000 588 720363137616246 110000000000000000 720363137636246 14.87 12.51 8.50
0110000000000000000 588 720363137616246 110000000000000000 720363137646246 14.87 12.51 8.50
0110000000000000000 588 720363137616246 110000000000000000 720363137656246 14.87 12.51 8.50
0110000000000000000 588 720363137616246 110000000000000001 720363137666246 14.87 14.59 11.10
0110000000000000000 588 720363137616246 110000000000000011 720363137676246 14.87 16.68 13.80
0110000000000000000 588 720363137616246 111111111111111111 720363137610246 14.87 4.17 8.50
0110000000000000000 588 720363137616246 111111111111111111 720363137611246 14.87 4.17 8.50
0110000000000000000 588 720363137616246 111111111111111111 720363137612246 14.87 4.17 8.50
0110000000000000000 588 720363137616246 111111111111111111 720363137613246 14.87 4.17 8.50
0110000000000000000 588 720363137616246 110000000000000000 720363137614246 14.87 12.51 8.50
0110000000000000000 588 720363137616246 110000000000000000 720363137615246 14.87 12.51 8.50
0110000000000000000 588 720363137616246 110000000000000000 720363137617246 14.87 12.51 8.50
0110000000000000000 588 720363137616246 110000000000000000 720363137616046 14.87 12.51 8.50
0110000000000000000 588 720363137616246 110000000000000000 720363137616146 14.87 12.51 8.50
0110000000000000000 588 720363137616246 110000000000000000 720363137616346 14.87 12.51 8.50
0110000000000000000 588 720363137616246 110000000000000000 720363137616446 14.87 12.51 8.50
0110000000000000000 588 720363137616246 110000000000000000 720363137616546 14.87 12.51 8.50
0110000000000000000 588 720363137616246 110000000000000000 720363137616646 14.87 12.51 8.50
0110000000000000000 588 720363137616246 110000000000000000 720363137616746 14.87 12.51 8.50
0110000000000000000 588 720363137616246 111111111111000000 720363137616206 14.87 12.51 13.80
0110000000000000000 588 720363137616246 111111111110000000 720363137616216 14.87 12.51 13.80
0110000000000000000 588 720363137616246 111111111100000000 720363137616226 14.87 12.51 13.80
0110000000000000000 588 720363137616246 110000000000000000 720363137616236 14.87 12.51 8.50
0110000000000000000 588 720363137616246 110000000000000000 720363137616256 14.87 12.51 8.50
0110000000000000000 588 720363137616246 110000000000000011 720363137616266 14.87 16.68 13.80
0110000000000000000 588 720363137616246 110000000000000111 720363137616276 14.87 16.68 13.80
0110000000000000000 588 720363137616246 111100000000000000 720363137616240 14.87 12.51 13.80
0110000000000000000 588 720363137616246 111000000000000000 720363137616241 14.87 12.51 8.50
0110000000000000000 588 720363137616246 110000000000000000 720363137616242 14.87 12.51 8.50
0110000000000000000 588 720363137616246 110000000000000000 720363137616243 14.87 12.51 8.50
0110000000000000000 588 720363137616246 110000000000000000 720363137616244 14.87 12.51 8.50
0110000000000000000 588 720363137616246 110000000000000000 720363137616245 14.87 12.51 8.50
0110000000000000000 588 720363137616246 110000000000000000 720363137616247 14.87 12.51 8.50
0110000000000000000 1195 012637337621304 110000000000000000 112637337621304 14.87 12.51 8.50
0110000000000000000 1195 012637337621304 110000000000000000 212637337621304 14.87 12.51 8.50
0110000000000000000 1195 012637337621304 111111111111111111 312637337621304 14.87 4.17 8.50
0110000000000000000 1195 012637337621304 111111111111111111 412637337621304 14.87 4.17 8.50
0110000000000000000 1195 012637337621304 111111111111111111 512637337621304 14.87 4.17 8.50
0110000000000000000 1195 012637337621304 111111111111111111 612637337621304 14.87 4.17 8.50
0110000000000000000 1195 012637337621304 111111111111111111 712637337621304 14.87 4.17 8.50
0110000000000000000 1195 012637337621304 110000000000000000 002637337621304 14.87 12.51 8.50
0110000000000000000 1195 012637337621304 111000000000000000 022637337621304 14.87 12.51 8.50
0110000000000000000 1195 012637337621304 111000000000000000 032637337621304 14.87 12.51 8.50
0110000000000000000 1195 012637337621304 111000000000000000 042637337621304 14.87 12.51 8.50
0110000000000000000 1195 012637337621304 111000000000000000 052637337621304 14.87 12.51 8.50
0110000000000000000 1195 012637337621304 111000000000000000 062637337621304 14.87 12.51 8.50
0110000000000000000 1195 012637337621304 111100000000000000 072637337621304 14.87 12.51 13.80
0110000000000000000 1195 012637337621304 111000000000000000 010637337621304 14.87 12.51 8.50
0110000000000000000 1195 012637337621304 110000000000000000 011637337621304 14.87 12.51 8.50
0110000000000000000 1195 012637337621304 111000000000000000 013637337621304 14.87 12.51 8.50
0110000000000000000 1195 012637337621304 111000000000000000 014637337621304 14.87 12.51 8.50
0110000000000000000 1195 012637337621304 111000000000000000 015637337621304 14.87 12.51 8.50
0110000000000000000 1195 012637337621304 111000000000000000 016637337621304 14.87 12.51 8.50
0110000000000000000 1195 012637337621304 111000000000000000 017637337621304 14.87 12.51 8.50
0110000000000000000 1195 012637337621304 111100000000000000 012037337621304 14.87 12.51 13.80
0110000000000000000 1195 012637337621304 111000000000000000 012137337621304 14.87 12.51 8.50
0110000000000000000 1195 012637337621304 111000000000000000 012237337621304 14.87 12.51 8.50
0110000000000000000 1195 012637337621304 111000000000000000 012337337621304 14.87 12.51 8.50
0110000000000000000 1195 012637337621304 111000000000000000 012437337621304 14.87 12.51 8.50
0110000000000000000 1195 012637337621304 111000000000000000 012537337621304 14.87 12.51 8.50
0110000000000000000 1195 012637337621304 110000000000000000 012737337621304 14.87 12.51 8.50
0110000000000000000 1195 012637337621304 111000000000000000 012607337621304 14.87 12.51 8.50
0110000000000000000 1195 012637337621304 111000000000000000 012617337621304 14.87 12.51 8.50
0110000000000000000 1195 012637337621304 111000000000000000 012627337621304 14.87 12.51 8.50
0110000000000000000 1195 012637337621304 110000000000000000 012647337621304 14.87 12.51 8.50
0110000000000000000 1195 012637337621304 110000000000000000 012657337621304 14.87 12.51 8.50
0110000000000000000 1195 012637337621304 110000000000000000 012667337621304 14.87 12.51 8.50
0110000000000000000 1195 012637337621304 110000000000000000 012677337621304 14.87 12.51 8.50
0110000000000000000 1195 012637337621304 111000000000000000 012630337621304 14.87 12.51 8.50
0110000000000000000 1195 012637337621304 111000000000000000 012631337621304 14.87 12.51 8.50
0110000000000000000 1195 012637337621304 111000000000000000 012632337621304 14.87 12.51 8.50
0110000000000000000 1195 012637337621304 110000000000000000 012633337621304 14.87 12.51 8.50
0110000000000000000 1195 012637337621304 110000000000000000 012634337621304 14.87 12.51 8.50
0110000000000000000 1195 012637337621304 110000000000000000 012635337621304 14.87 12.51 8.50
0110000000000000000 1195 012637337621304 110000000000000000 012636337621304 14.87 12.51 8.50
0110000000000000000 1195 012637337621304 111111111111111111 012637037621304 14.87 4.17 8.50
0110000000000000000 1195 012637337621304 111111111111111111 012637137621304 14.87 4.17 8.50
0110000000000000000 1195 012637337621304 110000000000000000 012637237621304 14.87 12.51 8.50
0110000000000000000 1195 012637337621304 111000000000000000 012637437621304 14.87 12.51 8.50
0110000000000000000 1195 012637337621304 111000000000000000 012637537621304 14.87 12.51 8.50
0110000000000000000 1195 012637337621304 111000000000000000 012637637621304 14.87 12.51 8.50
0110000000000000000 1195 012637337621304 111100000000000000 012637737621304 14.87 12.51 13.80
0110000000000000000 1195 012637337621304 110000000000000000 012637307621304 14.87 12.51 8.50
0110000000000000000 1195 012637337621304 110000000000000000 012637317621304 14.87 12.51 8.50
0110000000000000000 1195 012637337621304 110000000000000000 012637327621304 14.87 12.51 8.50
0110000000000000000 1195 012637337621304 110000000000000000 012637347621304 14.87 12.51 8.50
0110000000000000000 1195 012637337621304 110000000000000000 012637357621304 14.87 12.51 8.50
0110000000000000000 1195 012637337621304 110000000000000000 012637367621304 14.87 12.51 8.50
0110000000000000000 1195 012637337621304 110000000000000000 012637377621304 14.87 12.51 8.50
0110000000000000000 1195 012637337621304 111111111110000000 012637330621304 14.87 12.51 13.80
0110000000000000000 1195 012637337621304 111111100000000000 012637331621304 14.87 12.51 13.80
0110000000000000000 1195 012637337621304 111110000000000000 012637332621304 14.87 12.51 13.80
0110000000000000000 1195 012637337621304 111100000000000000 012637333621304 14.87 12.51 13.80
0110000000000000000 1195 012637337621304 111000000000000000 012637334621304 14.87 12.51 8.50
0110000000000000000 1195 012637337621304 111000000000000000 012637335621304 14.87 12.51 8.50
0110000000000000000 1195 012637337621304 111000000000000000 012637336621304 14.87 12.51 8.50
0110000000000000000 1195 012637337621304 111111111100000000 012637337021304 14.87 12.51 13.80
0110000000000000000 1195 012637337621304 111111000000000000 012637337121304 14.87 12.51 13.80
0110000000000000000 1195 012637337621304 111100000000000000 012637337221304 14.87 12.51 13.80
0110000000000000000 1195 012637337621304 111000000000000000 012637337321304 14.87 12.51 8.50
0110000000000000000 1195 012637337621304 111000000000000000 012637337421304 14.87 12.51 8.50
0110000000000000000 1195 012637337621304 111000000000000000 012637337521304 14.87 12.51 8.50
0110000000000000000 1195 012637337621304 110000000000000000 012637337721304 14.87 12.51 8.50
0110000000000000000 1195 012637337621304 110000000000000000 012637337601304 14.87 12.51 8.50
0110000000000000000 1195 012637337621304 110000000000000000 012637337611304 14.87 12.51 8.50
0110000000000000000 1195 012637337621304 111000000000000000 012637337631304 14.87 12.51 8.50
0110000000000000000 1195 012637337621304 111000000000000000 012637337641304 14.87 12.51 8.50
0110000000000000000 1195 012637337621304 111000000000000000 012637337651304 14.87 12.51 8.50
0110000000000000000 1195 012637337621304 111000000000000000 012637337661304 14.87 12.51 8.50
0110000000000000000 1195 012637337621304 111000000000000000 012637337671304 14.87 12.51 8.50
0110000000000000000 1195 012637337621304 111000000000000000 012637337620304 14.87 12.51 8.50
0110000000000000000 1195 012637337621304 110000000000000000 012637337622304 14.87 12.51 8.50
0110000000000000000 1195 012637337621304 110000000000000011 012637337623304 14.87 16.68 13.80
0110000000000000000 1195 012637337621304 110000000000001111 012637337624304 14.87 16.68 13.80
0110000000000000000 1195 012637337621304 110000000000111111 012637337625304 14.87 16.68 13.80
0110000000000000000 1195 012637337621304 110000000001111111 012637337626304 14.87 16.68 13.80
0110000000000000000 1195 012637337621304 100000000011111111 012637337627304 14.87 14.59 16.40
0110000000000000000 1195 012637337621304 110000000000000000 012637337621004 14.87 12.51 8.50
0110000000000000000 1195 012637337621304 110000000000000000 012637337621104 14.87 12.51 8.50
0110000000000000000 1195 012637337621304 110000000000000000 012637337621204 14.87 12.51 8.50
0110000000000000000 1195 012637337621304 110000000000000000 012637337621404 14.87 12.51 8.50
0110000000000000000 1195 012637337621304 110000000000000000 012637337621504 14.87 12.51 8.50
0110000000000000000 1195 012637337621304 110000000000000000 012637337621604 14.87 12.51 8.50
0110000000000000000 1195 012637337621304 110000000000000000 012637337621704 14.87 12.51 8.50
0110000000000000000 1195 012637337621304 111100000000000000 012637337621314 14.87 12.51 13.80
0110000000000000000 1195 012637337621304 111110000000000000 012637337621324 14.87 12.51 13.80
0110000000000000000 1195 012637337621304 111111000000000000 012637337621334 14.87 12.51 13.80
0110000000000000000 1195 012637337621304 111111100000000000 012637337621344 14.87 12.51 13.80
0110000000000000000 1195 012637337621304 111111110000000000 012637337621354 14.87 12.51 13.80
0110000000000000000 1195 012637337621304 111111111000000000 012637337621364 14.87 12.51 13.80
0110000000000000000 1195 012637337621304 111111111100000000 012637337621374 14.87 12.51 13.80
0110000000000000000 1195 012637337621304 111111110000000000 012637337621300 14.87 12.51 13.80
0110000000000000000 1195 012637337621304 111110000000000000 012637337621301 14.87 12.51 13.80
0110000000000000000 1195 012637337621304 111100000000000000 012637337621302 14.87 12.51 13.80
0110000000000000000 1195 012637337621304 111000000000000000 012637337621303 14.87 12.51 8.50
0110000000000000000 1195 012637337621304 110000000000000000 012637337621305 14.87 12.51 8.50
0110000000000000000 1195 012637337621304 110000000000000000 012637337621306 14.87 12.51 8.50
0110000000000000000 1195 012637337621304 110000000000000000 012637337621307 14.87 12.51 8.50
0110000000000000000 1470 420640415204207 111000000000000000 020640415204207 14.87 12.51 8.50
0110000000000000000 1470 420640415204207 110000000000000000 120640415204207 14.87 12.51 8.50
0110000000000000000 1470 420640415204207 110000000000000000 220640415204207 14.87 12.51 8.50
0110000000000000000 1470 420640415204207 110000000000000000 320640415204207 14.87 12.51 8.50
0110000000000000000 1470 420640415204207 110000000000000000 520640415204207 14.87 12.51 8.50
0110000000000000000 1470 420640415204207 110000000000000000 620640415204207 14.87 12.51 8.50
0110000000000000000 1470 420640415204207 110000000000000000 720640415204207 14.87 12.51 8.50
0110000000000000000 1470 420640415204207 111000000000000000 400640415204207 14.87 12.51 8.50
0110000000000000000 1470 420640415204207 110000000000000000 410640415204207 14.87 12.51 8.50
0110000000000000000 1470 420640415204207 110000000000000000 430640415204207 14.87 12.51 8.50
0110000000000000000 1470 420640415204207 110000000000000000 440640415204207 14.87 12.51 8.50
0110000000000000000 1470 420640415204207 110000000000000000 450640415204207 14.87 12.51 8.50
0110000000000000000 1470 420640415204207 110000000000000000 460640415204207 14.87 12.51 8.50
0110000000000000000 1470 420640415204207 110000000000000000 470640415204207 14.87 12.51 8.50
0110000000000000000 1470 420640415204207 110000000000000000 421640415204207 14.87 12.51 8.50
0110000000000000000 1470 420640415204207 110000000000000000 422640415204207 14.87 12.51 8.50
0110000000000000000 1470 420640415204207 111000000000000000 423640415204207 14.87 12.51 8.50
0110000000000000000 1470 420640415204207 111000000000000000 424640415204207 14.87 12.51 8.50
0110000000000000000 1470 420640415204207 111000000000000000 425640415204207 14.87 12.51 8.50
0110000000000000000 1470 420640415204207 111000000000000000 426640415204207 14.87 12.51 8.50
0110000000000000000 1470 420640415204207 111000000000000000 427640415204207 14.87 12.51 8.50
0110000000000000000 1470 420640415204207 111100000000000000 420040415204207 14.87 12.51 13.80
0110000000000000000 1470 420640415204207 111000000000000000 420140415204207 14.87 12.51 8.50
0110000000000000000 1470 420640415204207 110000000000000000 420240415204207 14.87 12.51 8.50
0110000000000000000 1470 420640415204207 110000000000000000 420340415204207 14.87 12.51 8.50
0110000000000000000 1470 420640415204207 110000000000000000 420440415204207 14.87 12.51 8.50
0110000000000000000 1470 420640415204207 110000000000000000 420540415204207 14.87 12.51 8.50
0110000000000000000 1470 420640415204207 110000000000000000 420740415204207 14.87 12.51 8.50
0110000000000000000 1470 420640415204207 110000000000000000 420600415204207 14.87 12.51 8.50
0110000000000000000 1470 420640415204207 110000000000000000 420610415204207 14.87 12.51 8.50
0110000000000000000 1470 420640415204207 110000000000000000 420620415204207 14.87 12.51 8.50
0110000000000000000 1470 420640415204207 110000000000000000 420630415204207 14.87 12.51 8.50
0110000000000000000 1470 420640415204207 110000000000000000 420650415204207 14.87 12.51 8.50
0110000000000000000 1470 420640415204207 110000000000000000 420660415204207 14.87 12.51 8.50
0110000000000000000 1470 420640415204207 110000000000000000 420670415204207 14.87 12.51 8.50
0110000000000000000 1470 420640415204207 110000000000000000 420641415204207 14.87 12.51 8.50
0110000000000000000 1470 420640415204207 110000000000000000 420642415204207 14.87 12.51 8.50
0110000000000000000 1470 420640415204207 110000000000000000 420643415204207 14.87 12.51 8.50
0110000000000000000 1470 420640415204207 110000000000000000 420644415204207 14.87 12.51 8.50
0110000000000000000 1470 420640415204207 110000000000000000 420645415204207 14.87 12.51 8.50
0110000000000000000 1470 420640415204207 110000000000000000 420646415204207 14.87 12.51 8.50
0110000000000000000 1470 420640415204207 110000000000000000 420647415204207 14.87 12.51 8.50
0110000000000000000 1470 420640415204207 111111111111111100 420640015204207 14.87 12.51 13.80
0110000000000000000 1470 420640415204207 111111111000000000 420640115204207 14.87 12.51 13.80
0110000000000000000 1470 420640415204207 110000000000000000 420640215204207 14.87 12.51 8.50
0110000000000000000 1470 420640415204207 110000000000000000 420640315204207 14.87 12.51 8.50
0110000000000000000 1470 420640415204207 110000000000000000 420640515204207 14.87 12.51 8.50
0110000000000000000 1470 420640415204207 110000000000000000 420640615204207 14.87 12.51 8.50
0110000000000000000 1470 420640415204207 110000000000000000 420640715204207 14.87 12.51 8.50
0110000000000000000 1470 420640415204207 110000000000000000 420640405204207 14.87 12.51 8.50
0110000000000000000 1470 420640415204207 110000000000000000 420640425204207 14.87 12.51 8.50
0110000000000000000 1470 420640415204207 110000000000000000 420640435204207 14.87 12.51 8.50
0110000000000000000 1470 420640415204207 110000000000000000 420640445204207 14.87 12.51 8.50
0110000000000000000 1470 420640415204207 110000000000000000 420640455204207 14.87 12.51 8.50
0110000000000000000 1470 420640415204207 110000000000000000 420640465204207 14.87 12.51 8.50
0110000000000000000 1470 420640415204207 110000000000000000 420640475204207 14.87 12.51 8.50
0110000000000000000 1470 420640415204207 111110000000000000 420640410204207 14.87 12.51 13.80
0110000000000000000 1470 420640415204207 111000000000000000 420640411204207 14.87 12.51 8.50
0110000000000000000 1470 420640415204207 110000000000000000 420640412204207 14.87 12.51 8.50
0110000000000000000 1470 420640415204207 110000000000000000 420640413204207 14.87 12.51 8.50
0110000000000000000 1470 420640415204207 110000000000000000 420640414204207 14.87 12.51 8.50
0110000000000000000 1470 420640415204207 110000000000000000 420640416204207 14.87 12.51 8.50
0110000000000000000 1470 420640415204207 110000000000000000 420640417204207 14.87 12.51 8.50
0110000000000000000 1470 420640415204207 111000000000000000 420640415004207 14.87 12.51 8.50
0110000000000000000 1470 420640415204207 110000000000000000 420640415104207 14.87 12.51 8.50
0110000000000000000 1470 420640415204207 110000000000000000 420640415304207 14.87 12.51 8.50
0110000000000000000 1470 420640415204207 110000000000000000 420640415404207 14.87 12.51 8.50
0110000000000000000 1470 420640415204207 110000000000000000 420640415504207 14.87 12.51 8.50
0110000000000000000 1470 420640415204207 111000000000000000 420640415604207 14.87 12.51 8.50
0110000000000000000 1470 420640415204207 111110000000000000 420640415704207 14.87 12.51 13.80
0110000000000000000 1470 420640415204207 110000000000000011 420640415214207 14.87 16.68 13.80
0110000000000000000 1470 420640415204207 110000000000001111 420640415224207 14.87 16.68 13.80
0110000000000000000 1470 420640415204207 110000000000011111 420640415234207 14.87 16.68 13.80
0110000000000000000 1470 420640415204207 110000000000011111 420640415244207 14.87 16.68 13.80
0110000000000000000 1470 420640415204207 110000000000111111 420640415254207 14.87 16.68 13.80
0110000000000000000 1470 420640415204207 110000000000111111 420640415264207 14.87 16.68 13.80
0110000000000000000 1470 420640415204207 110000000000111111 420640415274207 14.87 16.68 13.80
0110000000000000000 1470 420640415204207 111111111111111111 420640415200207 14.87 4.17 8.50
0110000000000000000 1470 420640415204207 111111111111111111 420640415201207 14.87 4.17 8.50
0110000000000000000 1470 420640415204207 110000000000000000 420640415202207 14.87 12.51 8.50
0110000000000000000 1470 420640415204207 110000000000000000 420640415203207 14.87 12.51 8.50
0110000000000000000 1470 420640415204207 110000000000000000 420640415205207 14.87 12.51 8.50
0110000000000000000 1470 420640415204207 110000000000000000 420640415206207 14.87 12.51 8.50
0110000000000000000 1470 420640415204207 110000000000000000 420640415207207 14.87 12.51 8.50
0110000000000000000 1470 420640415204207 110000000000000000 420640415204007 14.87 12.51 8.50
0110000000000000000 1470 420640415204207 110000000000000000 420640415204107 14.87 12.51 8.50
0110000000000000000 1470 420640415204207 110000000000000000 420640415204307 14.87 12.51 8.50
0110000000000000000 1470 420640415204207 110000000000000011 420640415204407 14.87 16.68 13.80
0110000000000000000 1470 420640415204207 110000000000000011 420640415204507 14.87 16.68 13.80
0110000000000000000 1470 420640415204207 110000000000000111 420640415204607 14.87 16.68 13.80
0110000000000000000 1470 420640415204207 110000000000001111 420640415204707 14.87 16.68 13.80
0110000000000000000 1470 420640415204207 110000000000000000 420640415204217 14.87 12.51 8.50
0110000000000000000 1470 420640415204207 111100000000000000 420640415204227 14.87 12.51 13.80
0110000000000000000 1470 420640415204207 111110000000000000 420640415204237 14.87 12.51 13.80
0110000000000000000 1470 420640415204207 111111000000000000 420640415204247 14.87 12.51 13.80
0110000000000000000 1470 420640415204207 111111100000000000 420640415204257 14.87 12.51 13.80
0110000000000000000 1470 420640415204207 111111100000000000 420640415204267 14.87 12.51 13.80
0110000000000000000 1470 420640415204207 111111110000000000 420640415204277 14.87 12.51 13.80
0110000000000000000 1470 420640415204207 111111000000000000 420640415204200 14.87 12.51 13.80
0110000000000000000 1470 420640415204207 111000000000000000 420640415204201 14.87 12.51 8.50
0110000000000000000 1470 420640415204207 111000000000000000 420640415204202 14.87 12.51 8.50
0110000000000000000 1470 420640415204207 110000000000000000 420640415204203 14.87 12.51 8.50
0110000000000000000 1470 420640415204207 110000000000000000 420640415204204 14.87 12.51 8.50
0110000000000000000 1470 420640415204207 110000000000000000 420640415204205 14.87 12.51 8.50
0110000000000000000 1470 420640415204207 110000000000000000 420640415204206 14.87 12.51 8.50
0110000000000000000 1516 534454545707127 111000000000000000 034454545707127 14.87 12.51 8.50
0110000000000000000 1516 534454545707127 110000000000000000 134454545707127 14.87 12.51 8.50
0110000000000000000 1516 534454545707127 110000000000000000 234454545707127 14.87 12.51 8.50
0110000000000000000 1516 534454545707127 110000000000000000 334454545707127 14.87 12.51 8.50
0110000000000000000 1516 534454545707127 110000000000000000 434454545707127 14.87 12.51 8.50
0110000000000000000 1516 534454545707127 110000000000000000 634454545707127 14.87 12.51 8.50
0110000000000000000 1516 534454545707127 110000000000000000 734454545707127 14.87 12.51 8.50
0110000000000000000 1516 534454545707127 110000000000000000 504454545707127 14.87 12.51 8.50
0110000000000000000 1516 534454545707127 110000000000000000 514454545707127 14.87 12.51 8.50
0110000000000000000 1516 534454545707127 110000000000000000 524454545707127 14.87 12.51 8.50
0110000000000000000 1516 534454545707127 110000000000000000 544454545707127 14.87 12.51 8.50
0110000000000000000 1516 534454545707127 111000000000000000 554454545707127 14.87 12.51 8.50
0110000000000000000 1516 534454545707127 111000000000000000 564454545707127 14.87 12.51 8.50
0110000000000000000 1516 534454545707127 111000000000000000 574454545707127 14.87 12.51 8.50
0110000000000000000 1516 534454545707127 110000000000000000 530454545707127 14.87 12.51 8.50
0110000000000000000 1516 534454545707127 110000000000000000 531454545707127 14.87 12.51 8.50
0110000000000000000 1516 534454545707127 110000000000000000 532454545707127 14.87 12.51 8.50
0110000000000000000 1516 534454545707127 110000000000000000 533454545707127 14.87 12.51 8.50
0110000000000000000 1516 534454545707127 110000000000000000 535454545707127 14.87 12.51 8.50
0110000000000000000 1516 534454545707127 110000000000000000 536454545707127 14.87 12.51 8.50
0110000000000000000 1516 534454545707127 110000000000000000 537454545707127 14.87 12.51 8.50
0110000000000000000 1516 534454545707127 111000000000000000 534054545707127 14.87 12.51 8.50
0110000000000000000 1516 534454545707127 111000000000000000 534154545707127 14.87 12.51 8.50
0110000000000000000 1516 534454545707127 111000000000000000 534254545707127 14.87 12.51 8.50
0110000000000000000 1516 534454545707127 110000000000000000 534354545707127 14.87 12.51 8.50
0110000000000000000 1516 534454545707127 110000000000000000 534554545707127 14.87 12.51 8.50
0110000000000000000 1516 534454545707127 110000000000000000 534654545707127 14.87 12.51 8.50
0110000000000000000 1516 534454545707127 110000000000000000 534754545707127 14.87 12.51 8.50
0110000000000000000 1516 534454545707127 110000000000000000 534404545707127 14.87 12.51 8.50
0110000000000000000 1516 534454545707127 110000000000000000 534414545707127 14.87 12.51 8.50
0110000000000000000 1516 534454545707127 110000000000000000 534424545707127 14.87 12.51 8.50
0110000000000000000 1516 534454545707127 110000000000000000 534434545707127 14.87 12.51 8.50
0110000000000000000 1516 534454545707127 110000000000000000 534444545707127 14.87 12.51 8.50
0110000000000000000 1516 534454545707127 110000000000000000 534464545707127 14.87 12.51 8.50
0110000000000000000 1516 534454545707127 110000000000000000 534474545707127 14.87 12.51 8.50
0110000000000000000 1516 534454545707127 111000000000000000 534450545707127 14.87 12.51 8.50
0110000000000000000 1516 534454545707127 110000000000000000 534451545707127 14.87 12.51 8.50
0110000000000000000 1516 534454545707127 110000000000000000 534452545707127 14.87 12.51 8.50
0110000000000000000 1516 534454545707127 110000000000000000 534453545707127 14.87 12.51 8.50
0110000000000000000 1516 534454545707127 110000000000000000 534455545707127 14.87 12.51 8.50
0110000000000000000 1516 534454545707127 110000000000000000 534456545707127 14.87 12.51 8.50
0110000000000000000 1516 534454545707127 110000000000000000 534457545707127 14.87 12.51 8.50
0110000000000000000 1516 534454545707127 110000000000000000 534454045707127 14.87 12.51 8.50
0110000000000000000 1516 534454545707127 110000000000000000 534454145707127 14.87 12.51 8.50
0110000000000000000 1516 534454545707127 110000000000000000 534454245707127 14.87 12.51 8.50
0110000000000000000 1516 534454545707127 110000000000000000 534454345707127 14.87 12.51 8.50
0110000000000000000 1516 534454545707127 110000000000000000 534454445707127 14.87 12.51 8.50
0110000000000000000 1516 534454545707127 111000000000000000 534454645707127 14.87 12.51 8.50
0110000000000000000 1516 534454545707127 111000000000000000 534454745707127 14.87 12.51 8.50
0110000000000000000 1516 534454545707127 110000000000000000 534454505707127 14.87 12.51 8.50
0110000000000000000 1516 534454545707127 110000000000000000 534454515707127 14.87 12.51 8.50
0110000000000000000 1516 534454545707127 110000000000000000 534454525707127 14.87 12.51 8.50
0110000000000000000 1516 534454545707127 110000000000000000 534454535707127 14.87 12.51 8.50
0110000000000000000 1516 534454545707127 110000000000000000 534454555707127 14.87 12.51 8.50
0110000000000000000 1516 534454545707127 110000000000000000 534454565707127 14.87 12.51 8.50
0110000000000000000 1516 534454545707127 110000000000000000 534454575707127 14.87 12.51 8.50
0110000000000000000 1516 534454545707127 111111000000000000 534454540707127 14.87 12.51 13.80
0110000000000000000 1516 534454545707127 111100000000000000 534454541707127 14.87 12.51 13.80
0110000000000000000 1516 534454545707127 111000000000000000 534454542707127 14.87 12.51 8.50
0110000000000000000 1516 534454545707127 111000000000000000 534454543707127 14.87 12.51 8.50
0110000000000000000 1516 534454545707127 111000000000000000 534454544707127 14.87 12.51 8.50
0110000000000000000 1516 534454545707127 110000000000000000 534454546707127 14.87 12.51 8.50
0110000000000000000 1516 534454545707127 110000000000000000 534454547707127 14.87 12.51 8.50
0110000000000000000 1516 534454545707127 111111110000000000 534454545007127 14.87 12.51 13.80
0110000000000000000 1516 534454545707127 111110000000000000 534454545107127 14.87 12.51 13.80
0110000000000000000 1516 534454545707127 111100000000000000 534454545207127 14.87 12.51 13.80
0110000000000000000 1516 534454545707127 111000000000000000 534454545307127 14.87 12.51 8.50
0110000000000000000 1516 534454545707127 111000000000000000 534454545407127 14.87 12.51 8.50
0110000000000000000 1516 534454545707127 111000000000000000 534454545507127 14.87 12.51 8.50
0110000000000000000 1516 534454545707127 110000000000000000 534454545607127 14.87 12.51 8.50
0110000000000000000 1516 534454545707127 110000000000000111 534454545717127 14.87 16.68 13.80
0110000000000000000 1516 534454545707127 110000000000001111 534454545727127 14.87 16.68 13.80
0110000000000000000 1516 534454545707127 111000000000001111 534454545737127 14.87 16.68 13.80
0110000000000000000 1516 534454545707127 111000000000011111 534454545747127 14.87 16.68 13.80
0110000000000000000 1516 534454545707127 111000000000011111 534454545757127 14.87 16.68 13.80
0110000000000000000 1516 534454545707127 111000000000011111 534454545767127 14.87 16.68 13.80
0110000000000000000 1516 534454545707127 111000000000011111 534454545777127 14.87 16.68 13.80
0110000000000000000 1516 534454545707127 111111000000000000 534454545700127 14.87 12.51 13.80
0110000000000000000 1516 534454545707127 111110000000000000 534454545701127 14.87 12.51 13.80
0110000000000000000 1516 534454545707127 111100000000000000 534454545702127 14.87 12.51 13.80
0110000000000000000 1516 534454545707127 111000000000000000 534454545703127 14.87 12.51 8.50
0110000000000000000 1516 534454545707127 111000000000000000 534454545704127 14.87 12.51 8.50
0110000000000000000 1516 534454545707127 111000000000000000 534454545705127 14.87 12.51 8.50
0110000000000000000 1516 534454545707127 111000000000000000 534454545706127 14.87 12.51 8.50
0110000000000000000 1516 534454545707127 110000000000000000 534454545707027 14.87 12.51 8.50
0110000000000000000 1516 534454545707127 110000000000000001 534454545707227 14.87 14.59 11.10
0110000000000000000 1516 534454545707127 110000000000000111 534454545707327 14.87 16.68 13.80
0110000000000000000 1516 534454545707127 110000000000000111 534454545707427 14.87 16.68 13.80
0110000000000000000 1516 534454545707127 110000000000001111 534454545707527 14.87 16.68 13.80
0110000000000000000 1516 534454545707127 110000000000001111 534454545707627 14.87 16.68 13.80
0110000000000000000 1516 534454545707127 110000000000011111 534454545707727 14.87 16.68 13.80
0110000000000000000 1516 534454545707127 110000000000000000 534454545707107 14.87 12.51 8.50
0110000000000000000 1516 534454545707127 110000000000000000 534454545707117 14.87 12.51 8.50
0110000000000000000 1516 534454545707127 111000000000000000 534454545707137 14.87 12.51 8.50
0110000000000000000 1516 534454545707127 111000000000000000 534454545707147 14.87 12.51 8.50
0110000000000000000 1516 534454545707127 111000000000000000 534454545707157 14.87 12.51 8.50
0110000000000000000 1516 534454545707127 111100000000000000 534454545707167 14.87 12.51 13.80
0110000000000000000 1516 534454545707127 111100000000000000 534454545707177 14.87 12.51 13.80
0110000000000000000 1516 534454545707127 111111100000000000 534454545707120 14.87 12.51 13.80
0110000000000000000 1516 534454545707127 111110000000000000 534454545707121 14.87 12.51 13.80
0110000000000000000 1516 534454545707127 111100000000000000 534454545707122 14.87 12.51 13.80
0110000000000000000 1516 534454545707127 111000000000000000 534454545707123 14.87 12.51 8.50
0110000000000000000 1516 534454545707127 111000000000000000 534454545707124 14.87 12.51 8.50
0110000000000000000 1516 534454545707127 111000000000000000 534454545707125 14.87 12.51 8.50
0110000000000000000 1516 534454545707127 111000000000000000 534454545707126 14.87 12.51 8.50
0110000000000000000 1825 516760072641016 111000000000000000 016760072641016 14.87 12.51 8.50
0110000000000000000 1825 516760072641016 111000000000000000 116760072641016 14.87 12.51 8.50
0110000000000000000 1825 516760072641016 111000000000000000 216760072641016 14.87 12.51 8.50
0110000000000000000 1825 516760072641016 110000000000000000 316760072641016 14.87 12.51 8.50
0110000000000000000 1825 516760072641016 110000000000000000 416760072641016 14.87 12.51 8.50
0110000000000000000 1825 516760072641016 111100000000000000 616760072641016 14.87 12.51 13.80
0110000000000000000 1825 516760072641016 111111111111111111 716760072641016 14.87 4.17 8.50
0110000000000000000 1825 516760072641016 111111111111111111 506760072641016 14.87 4.17 8.50
0110000000000000000 1825 516760072641016 111000000000000000 526760072641016 14.87 12.51 8.50
0110000000000000000 1825 516760072641016 111000000000000000 536760072641016 14.87 12.51 8.50
0110000000000000000 1825 516760072641016 111000000000000000 546760072641016 14.87 12.51 8.50
0110000000000000000 1825 516760072641016 111100000000000000 556760072641016 14.87 12.51 13.80
0110000000000000000 1825 516760072641016 111100000000000000 566760072641016 14.87 12.51 13.80
0110000000000000000 1825 516760072641016 111100000000000000 576760072641016 14.87 12.51 13.80
0110000000000000000 1825 516760072641016 111111111111111111 510760072641016 14.87 4.17 8.50
0110000000000000000 1825 516760072641016 111111111111111111 511760072641016 14.87 4.17 8.50
0110000000000000000 1825 516760072641016 111111111111111111 512760072641016 14.87 4.17 8.50
0110000000000000000 1825 516760072641016 111111111111111111 513760072641016 14.87 4.17 8.50
0110000000000000000 1825 516760072641016 111111111111111111 514760072641016 14.87 4.17 8.50
0110000000000000000 1825 516760072641016 111100000000000000 515760072641016 14.87 12.51 13.80
0110000000000000000 1825 516760072641016 110000000000000000 517760072641016 14.87 12.51 8.50
0110000000000000000 1825 516760072641016 111111000000000000 516060072641016 14.87 12.51 13.80
0110000000000000000 1825 516760072641016 111100000000000000 516160072641016 14.87 12.51 13.80
0110000000000000000 1825 516760072641016 111100000000000000 516260072641016 14.87 12.51 13.80
0110000000000000000 1825 516760072641016 111000000000000000 516360072641016 14.87 12.51 8.50
0110000000000000000 1825 516760072641016 111000000000000000 516460072641016 14.87 12.51 8.50
0110000000000000000 1825 516760072641016 111000000000000000 516560072641016 14.87 12.51 8.50
0110000000000000000 1825 516760072641016 111000000000000000 516660072641016 14.87 12.51 8.50
0110000000000000000 1825 516760072641016 111000000000000000 516700072641016 14.87 12.51 8.50
0110000000000000000 1825 516760072641016 111000000000000000 516710072641016 14.87 12.51 8.50
0110000000000000000 1825 516760072641016 111000000000000000 516720072641016 14.87 12.51 8.50
0110000000000000000 1825 516760072641016 111000000000000000 516730072641016 14.87 12.51 8.50
0110000000000000000 1825 516760072641016 111000000000000000 516740072641016 14.87 12.51 8.50
0110000000000000000 1825 516760072641016 110000000000000000 516750072641016 14.87 12.51 8.50
0110000000000000000 1825 516760072641016 110000000000000000 516770072641016 14.87 12.51 8.50
0110000000000000000 1825 516760072641016 111111111111111111 516761072641016 14.87 4.17 8.50
0110000000000000000 1825 516760072641016 111111111111111111 516762072641016 14.87 4.17 8.50
0110000000000000000 1825 516760072641016 111111111111111111 516763072641016 14.87 4.17 8.50
0110000000000000000 1825 516760072641016 111111111111111111 516764072641016 14.87 4.17 8.50
0110000000000000000 1825 516760072641016 111111111111111111 516765072641016 14.87 4.17 8.50
0110000000000000000 1825 516760072641016 111111111111111111 516766072641016 14.87 4.17 8.50
0110000000000000000 1825 516760072641016 111111111111111111 516767072641016 14.87 4.17 8.50
0110000000000000000 1825 516760072641016 111000000000000000 516760172641016 14.87 12.51 8.50
0110000000000000000 1825 516760072641016 111110000000000000 516760272641016 14.87 12.51 13.80
0110000000000000000 1825 516760072641016 111111100000000000 516760372641016 14.87 12.51 13.80
0110000000000000000 1825 516760072641016 111111110000000000 516760472641016 14.87 12.51 13.80
0110000000000000000 1825 516760072641016 111111111100000000 516760572641016 14.87 12.51 13.80
0110000000000000000 1825 516760072641016 111111111110000000 516760672641016 14.87 12.51 13.80
0110000000000000000 1825 516760072641016 111111111111000000 516760772641016 14.87 12.51 13.80
0110000000000000000 1825 516760072641016 110000000000000000 516760002641016 14.87 12.51 8.50
0110000000000000000 1825 516760072641016 110000000000000000 516760012641016 14.87 12.51 8.50
0110000000000000000 1825 516760072641016 110000000000000000 516760022641016 14.87 12.51 8.50
0110000000000000000 1825 516760072641016 110000000000000000 516760032641016 14.87 12.51 8.50
0110000000000000000 1825 516760072641016 110000000000000000 516760042641016 14.87 12.51 8.50
0110000000000000000 1825 516760072641016 110000000000000000 516760052641016 14.87 12.51 8.50
0110000000000000000 1825 516760072641016 110000000000000000 516760062641016 14.87 12.51 8.50
0110000000000000000 1825 516760072641016 111110000000000000 516760070641016 14.87 12.51 13.80
0110000000000000000 1825 516760072641016 111000000000000000 516760071641016 14.87 12.51 8.50
0110000000000000000 1825 516760072641016 111111111111111111 516760073641016 14.87 4.17 8.50
0110000000000000000 1825 516760072641016 111111111111111111 516760074641016 14.87 4.17 8.50
0110000000000000000 1825 516760072641016 111111111111111111 516760075641016 14.87 4.17 8.50
0110000000000000000 1825 516760072641016 111111111111111111 516760076641016 14.87 4.17 8.50
0110000000000000000 1825 516760072641016 111111111111111111 516760077641016 14.87 4.17 8.50
0110000000000000000 1825 516760072641016 111111111111000000 516760072041016 14.87 12.51 13.80
0110000000000000000 1825 516760072641016 111111000000000000 516760072141016 14.87 12.51 13.80
0110000000000000000 1825 516760072641016 111100000000000000 516760072241016 14.87 12.51 13.80
0110000000000000000 1825 516760072641016 111000000000000000 516760072341016 14.87 12.51 8.50
0110000000000000000 1825 516760072641016 111000000000000000 516760072441016 14.87 12.51 8.50
0110000000000000000 1825 516760072641016 110000000000000000 516760072541016 14.87 12.51 8.50
0110000000000000000 1825 516760072641016 111000000000000000 516760072741016 14.87 12.51 8.50
0110000000000000000 1825 516760072641016 110000000000000000 516760072601016 14.87 12.51 8.50
0110000000000000000 1825 516760072641016 110000000000000000 516760072611016 14.87 12.51 8.50
0110000000000000000 1825 516760072641016 110000000000000000 516760072621016 14.87 12.51 8.50
0110000000000000000 1825 516760072641016 110000000000000000 516760072631016 14.87 12.51 8.50
0110000000000000000 1825 516760072641016 110000000000000000 516760072651016 14.87 12.51 8.50
0110000000000000000 1825 516760072641016 111000000000000000 516760072661016 14.87 12.51 8.50
0110000000000000000 1825 516760072641016 111000000000000000 516760072671016 14.87 12.51 8.50
0110000000000000000 1825 516760072641016 111111111111111111 516760072640016 14.87 4.17 8.50
0110000000000000000 1825 516760072641016 110000000000000000 516760072642016 14.87 12.51 8.50
0110000000000000000 1825 516760072641016 110000000000000000 516760072643016 14.87 12.51 8.50
0110000000000000000 1825 516760072641016 110000000000000011 516760072644016 14.87 16.68 13.80
0110000000000000000 1825 516760072641016 110000000000000111 516760072645016 14.87 16.68 13.80
0110000000000000000 1825 516760072641016 110000000000001111 516760072646016 14.87 16.68 13.80
0110000000000000000 1825 516760072641016 110000000000001111 516760072647016 14.87 16.68 13.80
0110000000000000000 1825 516760072641016 110000000000000000 516760072641116 14.87 12.51 8.50
0110000000000000000 1825 516760072641016 110000000000000000 516760072641216 14.87 12.51 8.50
0110000000000000000 1825 516760072641016 110000000000000001 516760072641316 14.87 14.59 11.10
0110000000000000000 1825 516760072641016 110000000000000011 516760072641416 14.87 16.68 13.80
0110000000000000000 1825 516760072641016 110000000000000111 516760072641516 14.87 16.68 13.80
0110000000000000000 1825 516760072641016 110000000000000111 516760072641616 14.87 16.68 13.80
0110000000000000000 1825 516760072641016 110000000000001111 516760072641716 14.87 16.68 13.80
0110000000000000000 1825 516760072641016 111111111111111111 516760072641006 14.87 4.17 8.50
0110000000000000000 1825 516760072641016 111000000000000000 516760072641026 14.87 12.51 8.50
0110000000000000000 1825 516760072641016 111000000000000000 516760072641036 14.87 12.51 8.50
0110000000000000000 1825 516760072641016 111100000000000000 516760072641046 14.87 12.51 13.80
0110000000000000000 1825 516760072641016 111110000000000000 516760072641056 14.87 12.51 13.80
0110000000000000000 1825 516760072641016 111111000000000000 516760072641066 14.87 12.51 13.80
0110000000000000000 1825 516760072641016 111111100000000000 516760072641076 14.87 12.51 13.80
0110000000000000000 1825 516760072641016 111111111110000000 516760072641010 14.87 12.51 13.80
0110000000000000000 1825 516760072641016 111111000000000000 516760072641011 14.87 12.51 13.80
0110000000000000000 1825 516760072641016 111100000000000000 516760072641012 14.87 12.51 13.80
0110000000000000000 1825 516760072641016 111000000000000000 516760072641013 14.87 12.51 8.50
0110000000000000000 1825 516760072641016 111000000000000000 516760072641014 14.87 12.51 8.50
0110000000000000000 1825 516760072641016 111000000000000000 516760072641015 14.87 12.51 8.50
0110000000000000000 1825 516760072641016 111000000000000000 516760072641017 14.87 12.51 8.50
0110000000000000000 2202 720751163616225 110000000000000111 020751163616225 14.87 16.68 13.80
0110000000000000000 2202 720751163616225 110000000000001111 120751163616225 14.87 16.68 13.80
0110000000000000000 2202 720751163616225 110000000000000111 220751163616225 14.87 16.68 13.80
0110000000000000000 2202 720751163616225 110000000000000011 320751163616225 14.87 16.68 13.80
0110000000000000000 2202 720751163616225 110000000000000000 420751163616225 14.87 12.51 8.50
0110000000000000000 2202 720751163616225 110000000000000000 520751163616225 14.87 12.51 8.50
0110000000000000000 2202 720751163616225 110000000000000000 620751163616225 14.87 12.51 8.50
0110000000000000000 2202 720751163616225 111111111100000000 700751163616225 14.87 12.51 13.80
0110000000000000000 2202 720751163616225 111110000000000000 710751163616225 14.87 12.51 13.80
0110000000000000000 2202 720751163616225 110000000000000000 730751163616225 14.87 12.51 8.50
0110000000000000000 2202 720751163616225 110000000000000000 740751163616225 14.87 12.51 8.50
0110000000000000000 2202 720751163616225 110000000000000000 750751163616225 14.87 12.51 8.50
0110000000000000000 2202 720751163616225 110000000000000000 760751163616225 14.87 12.51 8.50
0110000000000000000 2202 720751163616225 110000000000000000 770751163616225 14.87 12.51 8.50
0110000000000000000 2202 720751163616225 110000000000000011 721751163616225 14.87 16.68 13.80
0110000000000000000 2202 720751163616225 110000000000000111 722751163616225 14.87 16.68 13.80
0110000000000000000 2202 720751163616225 110000000000001111 723751163616225 14.87 16.68 13.80
0110000000000000000 2202 720751163616225 110000000000001111 724751163616225 14.87 16.68 13.80
0110000000000000000 2202 720751163616225 110000000000001111 725751163616225 14.87 16.68 13.80
0110000000000000000 2202 720751163616225 110000000000001111 726751163616225 14.87 16.68 13.80
0110000000000000000 2202 720751163616225 110000000000000111 727751163616225 14.87 16.68 13.80
0110000000000000000 2202 720751163616225 111100000000000000 720051163616225 14.87 12.51 13.80
0110000000000000000 2202 720751163616225 111000000000000000 720151163616225 14.87 12.51 8.50
0110000000000000000 2202 720751163616225 110000000000000000 720251163616225 14.87 12.51 8.50
0110000000000000000 2202 720751163616225 110000000000000000 720351163616225 14.87 12.51 8.50
0110000000000000000 2202 720751163616225 110000000000000000 720451163616225 14.87 12.51 8.50
0110000000000000000 2202 720751163616225 110000000000000000 720551163616225 14.87 12.51 8.50
0110000000000000000 2202 720751163616225 110000000000000000 720651163616225 14.87 12.51 8.50
0110000000000000000 2202 720751163616225 111000000000000000 720701163616225 14.87 12.51 8.50
0110000000000000000 2202 720751163616225 110000000000000000 720711163616225 14.87 12.51 8.50
0110000000000000000 2202 720751163616225 110000000000000000 720721163616225 14.87 12.51 8.50
0110000000000000000 2202 720751163616225 110000000000000000 720731163616225 14.87 12.51 8.50
0110000000000000000 2202 720751163616225 110000000000000000 720741163616225 14.87 12.51 8.50
0110000000000000000 2202 720751163616225 110000000000000000 720761163616225 14.87 12.51 8.50
0110000000000000000 2202 720751163616225 110000000000000000 720771163616225 14.87 12.51 8.50
0110000000000000000 2202 720751163616225 110000000000000000 720750163616225 14.87 12.51 8.50
0110000000000000000 2202 720751163616225 110000000000000000 720752163616225 14.87 12.51 8.50
0110000000000000000 2202 720751163616225 110000000000000000 720753163616225 14.87 12.51 8.50
0110000000000000000 2202 720751163616225 110000000000000000 720754163616225 14.87 12.51 8.50
0110000000000000000 2202 720751163616225 110000000000000000 720755163616225 14.87 12.51 8.50
0110000000000000000 2202 720751163616225 110000000000000000 720756163616225 14.87 12.51 8.50
0110000000000000000 2202 720751163616225 111000000000000000 720757163616225 14.87 12.51 8.50
0110000000000000000 2202 720751163616225 111111111111000000 720751063616225 14.87 12.51 13.80
0110000000000000000 2202 720751163616225 110000000000000000 720751263616225 14.87 12.51 8.50
0110000000000000000 2202 720751163616225 110000000000000011 720751363616225 14.87 16.68 13.80
0110000000000000000 2202 720751163616225 110000000000000111 720751463616225 14.87 16.68 13.80
0110000000000000000 2202 720751163616225 110000000000001111 720751563616225 14.87 16.68 13.80
0110000000000000000 2202 720751163616225 110000000000000111 720751663616225 14.87 16.68 13.80
0110000000000000000 2202 720751163616225 110000000000000111 720751763616225 14.87 16.68 13.80
0110000000000000000 2202 720751163616225 110000000000000000 720751103616225 14.87 12.51 8.50
0110000000000000000 2202 720751163616225 110000000000000000 720751113616225 14.87 12.51 8.50
0110000000000000000 2202 720751163616225 110000000000000000 720751123616225 14.87 12.51 8.50
0110000000000000000 2202 720751163616225 110000000000000000 720751133616225 14.87 12.51 8.50
0110000000000000000 2202 720751163616225 110000000000000000 720751143616225 14.87 12.51 8.50
0110000000000000000 2202 720751163616225 110000000000000000 720751153616225 14.87 12.51 8.50
0110000000000000000 2202 720751163616225 110000000000000000 720751173616225 14.87 12.51 8.50
0110000000000000000 2202 720751163616225 111000000000000000 720751160616225 14.87 12.51 8.50
0110000000000000000 2202 720751163616225 110000000000000000 720751161616225 14.87 12.51 8.50
0110000000000000000 2202 720751163616225 110000000000000000 720751162616225 14.87 12.51 8.50
0110000000000000000 2202 720751163616225 111100000000000000 720751164616225 14.87 12.51 13.80
0110000000000000000 2202 720751163616225 111111100000000000 720751165616225 14.87 12.51 13.80
0110000000000000000 2202 720751163616225 111111111000000000 720751166616225 14.87 12.51 13.80
0110000000000000000 2202 720751163616225 111111111100000000 720751167616225 14.87 12.51 13.80
0110000000000000000 2202 720751163616225 111110000000000000 720751163016225 14.87 12.51 13.80
0110000000000000000 2202 720751163616225 111000000000000011 720751163116225 14.87 16.68 13.80
0110000000000000000 2202 720751163616225 110000000000000011 720751163216225 14.87 16.68 13.80
0110000000000000000 2202 720751163616225 110000000000000000 720751163316225 14.87 12.51 8.50
0110000000000000000 2202 720751163616225 110000000000000000 720751163416225 14.87 12.51 8.50
0110000000000000000 2202 720751163616225 110000000000000000 720751163516225 14.87 12.51 8.50
0110000000000000000 2202 720751163616225 111000000000000000 720751163716225 14.87 12.51 8.50
0110000000000000000 2202 720751163616225 110000000000000000 720751163606225 14.87 12.51 8.50
0110000000000000000 2202 720751163616225 110000000000000000 720751163626225 14.87 12.51 8.50
0110000000000000000 2202 720751163616225 110000000000000000 720751163636225 14.87 12.51 8.50
0110000000000000000 2202 720751163616225 110000000000000000 720751163646225 14.87 12.51 8.50
0110000000000000000 2202 720751163616225 110000000000000000 720751163656225 14.87 12.51 8.50
0110000000000000000 2202 720751163616225 110000000000000000 720751163666225 14.87 12.51 8.50
0110000000000000000 2202 720751163616225 110000000000000000 720751163676225 14.87 12.51 8.50
0110000000000000000 2202 720751163616225 111111111111111111 720751163610225 14.87 4.17 8.50
0110000000000000000 2202 720751163616225 111111111111111111 720751163611225 14.87 4.17 8.50
0110000000000000000 2202 720751163616225 111111111111111111 720751163612225 14.87 4.17 8.50
0110000000000000000 2202 720751163616225 111111111111111111 720751163613225 14.87 4.17 8.50
0110000000000000000 2202 720751163616225 111111111100000000 720751163614225 14.87 12.51 13.80
0110000000000000000 2202 720751163616225 111000000000000000 720751163615225 14.87 12.51 8.50
0110000000000000000 2202 720751163616225 110000000000000000 720751163617225 14.87 12.51 8.50
0110000000000000000 2202 720751163616225 110000000000000000 720751163616025 14.87 12.51 8.50
0110000000000000000 2202 720751163616225 110000000000000000 720751163616125 14.87 12.51 8.50
0110000000000000000 2202 720751163616225 110000000000000000 720751163616325 14.87 12.51 8.50
0110000000000000000 2202 720751163616225 110000000000000000 720751163616425 14.87 12.51 8.50
0110000000000000000 2202 720751163616225 110000000000000000 720751163616525 14.87 12.51 8.50
0110000000000000000 2202 720751163616225 110000000000000000 720751163616625 14.87 12.51 8.50
0110000000000000000 2202 720751163616225 110000000000000000 720751163616725 14.87 12.51 8.50
0110000000000000000 2202 720751163616225 111111111111100000 720751163616205 14.87 12.51 13.80
0110000000000000000 2202 720751163616225 111111111100000000 720751163616215 14.87 12.51 13.80
0110000000000000000 2202 720751163616225 110000000000000000 720751163616235 14.87 12.51 8.50
0110000000000000000 2202 720751163616225 110000000000000000 720751163616245 14.87 12.51 8.50
0110000000000000000 2202 720751163616225 110000000000000011 720751163616255 14.87 16.68 13.80
0110000000000000000 2202 720751163616225 110000000000000111 720751163616265 14.87 16.68 13.80
0110000000000000000 2202 720751163616225 110000000000000111 720751163616275 14.87 16.68 13.80
0110000000000000000 2202 720751163616225 111100000000000000 720751163616220 14.87 12.51 13.80
0110000000000000000 2202 720751163616225 111000000000000000 720751163616221 14.87 12.51 8.50
0110000000000000000 2202 720751163616225 110000000000000000 720751163616222 14.87 12.51 8.50
0110000000000000000 2202 720751163616225 110000000000000000 720751163616223 14.87 12.51 8.50
0110000000000000000 2202 720751163616225 110000000000000000 720751163616224 14.87 12.51 8.50
0110000000000000000 2202 720751163616225 111000000000000000 720751163616226 14.87 12.51 8.50
0110000000000000000 2202 720751163616225 111110000000000000 720751163616227 14.87 12.51 13.80
0110000000000000000 3034 530521537303416 111100000000000000 030521537303416 14.87 12.51 13.80
0110000000000000000 3034 530521537303416 111100000000000000 130521537303416 14.87 12.51 13.80
0110000000000000000 3034 530521537303416 111000000000000000 230521537303416 14.87 12.51 8.50
0110000000000000000 3034 530521537303416 111000000000000000 330521537303416 14.87 12.51 8.50
0110000000000000000 3034 530521537303416 111000000000000000 430521537303416 14.87 12.51 8.50
0110000000000000000 3034 530521537303416 110000000000000000 630521537303416 14.87 12.51 8.50
0110000000000000000 3034 530521537303416 110000000000000000 730521537303416 14.87 12.51 8.50
0110000000000000000 3034 530521537303416 100000000000000001 500521537303416 14.87 12.51 11.10
0110000000000000000 3034 530521537303416 110000000000000000 510521537303416 14.87 12.51 8.50
0110000000000000000 3034 530521537303416 110000000000000000 520521537303416 14.87 12.51 8.50
0110000000000000000 3034 530521537303416 110000000000000000 540521537303416 14.87 12.51 8.50
0110000000000000000 3034 530521537303416 111000000000000000 550521537303416 14.87 12.51 8.50
0110000000000000000 3034 530521537303416 111000000000000000 560521537303416 14.87 12.51 8.50
0110000000000000000 3034 530521537303416 111000000000000000 570521537303416 14.87 12.51 8.50
0110000000000000000 3034 530521537303416 111000000000000000 531521537303416 14.87 12.51 8.50
0110000000000000000 3034 530521537303416 111100000000000000 532521537303416 14.87 12.51 13.80
0110000000000000000 3034 530521537303416 111100000000000000 533521537303416 14.87 12.51 13.80
0110000000000000000 3034 530521537303416 111100000000000000 534521537303416 14.87 12.51 13.80
0110000000000000000 3034 530521537303416 111100000000000000 535521537303416 14.87 12.51 13.80
0110000000000000000 3034 530521537303416 111100000000000000 536521537303416 14.87 12.51 13.80
0110000000000000000 3034 530521537303416 111100000000000000 537521537303416 14.87 12.51 13.80
0110000000000000000 3034 530521537303416 111110000000000000 530021537303416 14.87 12.51 13.80
0110000000000000000 3034 530521537303416 111100000000000000 530121537303416 14.87 12.51 13.80
0110000000000000000 3034 530521537303416 111000000000000000 530221537303416 14.87 12.51 8.50
0110000000000000000 3034 530521537303416 111000000000000000 530321537303416 14.87 12.51 8.50
0110000000000000000 3034 530521537303416 110000000000000000 530421537303416 14.87 12.51 8.50
0110000000000000000 3034 530521537303416 110000000000000000 530621537303416 14.87 12.51 8.50
0110000000000000000 3034 530521537303416 110000000000000000 530721537303416 14.87 12.51 8.50
0110000000000000000 3034 530521537303416 110000000000000000 530501537303416 14.87 12.51 8.50
0110000000000000000 3034 530521537303416 110000000000000000 530511537303416 14.87 12.51 8.50
0110000000000000000 3034 530521537303416 110000000000000000 530531537303416 14.87 12.51 8.50
0110000000000000000 3034 530521537303416 110000000000000000 530541537303416 14.87 12.51 8.50
0110000000000000000 3034 530521537303416 110000000000000000 530551537303416 14.87 12.51 8.50
0110000000000000000 3034 530521537303416 110000000000000000 530561537303416 14.87 12.51 8.50
0110000000000000000 3034 530521537303416 110000000000000000 530571537303416 14.87 12.51 8.50
0110000000000000000 3034 530521537303416 110000000000000000 530520537303416 14.87 12.51 8.50
0110000000000000000 3034 530521537303416 110000000000000000 530522537303416 14.87 12.51 8.50
0110000000000000000 3034 530521537303416 110000000000000000 530523537303416 14.87 12.51 8.50
0110000000000000000 3034 530521537303416 111000000000000000 530524537303416 14.87 12.51 8.50
0110000000000000000 3034 530521537303416 111000000000000000 530525537303416 14.87 12.51 8.50
0110000000000000000 3034 530521537303416 111000000000000000 530526537303416 14.87 12.51 8.50
0110000000000000000 3034 530521537303416 111000000000000000 530527537303416 14.87 12.51 8.50
0110000000000000000 3034 530521537303416 111111111111111111 530521037303416 14.87 4.17 8.50
0110000000000000000 3034 530521537303416 111111111111000001 530521137303416 14.87 14.59 16.40
0110000000000000000 3034 530521537303416 110000000000000000 530521237303416 14.87 12.51 8.50
0110000000000000000 3034 530521537303416 110000000000000000 530521337303416 14.87 12.51 8.50
0110000000000000000 3034 530521537303416 110000000000000000 530521437303416 14.87 12.51 8.50
0110000000000000000 3034 530521537303416 111000000000000000 530521637303416 14.87 12.51 8.50
0110000000000000000 3034 530521537303416 111000000000000000 530521737303416 14.87 12.51 8.50
0110000000000000000 3034 530521537303416 110000000000000000 530521507303416 14.87 12.51 8.50
0110000000000000000 3034 530521537303416 110000000000000000 530521517303416 14.87 12.51 8.50
0110000000000000000 3034 530521537303416 110000000000000000 530521527303416 14.87 12.51 8.50
0110000000000000000 3034 530521537303416 110000000000000000 530521547303416 14.87 12.51 8.50
0110000000000000000 3034 530521537303416 110000000000000000 530521557303416 14.87 12.51 8.50
0110000000000000000 3034 530521537303416 110000000000000000 530521567303416 14.87 12.51 8.50
0110000000000000000 3034 530521537303416 110000000000000000 530521577303416 14.87 12.51 8.50
0110000000000000000 3034 530521537303416 111111111110000000 530521530303416 14.87 12.51 13.80
0110000000000000000 3034 530521537303416 111111100000000000 530521531303416 14.87 12.51 13.80
0110000000000000000 3034 530521537303416 111110000000000000 530521532303416 14.87 12.51 13.80
0110000000000000000 3034 530521537303416 111100000000000000 530521533303416 14.87 12.51 13.80
0110000000000000000 3034 530521537303416 111000000000000000 530521534303416 14.87 12.51 8.50
0110000000000000000 3034 530521537303416 111000000000000000 530521535303416 14.87 12.51 8.50
0110000000000000000 3034 530521537303416 110000000000000000 530521536303416 14.87 12.51 8.50
0110000000000000000 3034 530521537303416 111111110000000000 530521537003416 14.87 12.51 13.80
0110000000000000000 3034 530521537303416 111110000000000000 530521537103416 14.87 12.51 13.80
0110000000000000000 3034 530521537303416 111000000000000000 530521537203416 14.87 12.51 8.50
0110000000000000000 3034 530521537303416 110000000000000000 530521537403416 14.87 12.51 8.50
0110000000000000000 3034 530521537303416 110000000000000000 530521537503416 14.87 12.51 8.50
0110000000000000000 3034 530521537303416 110000000000000000 530521537603416 14.87 12.51 8.50
0110000000000000000 3034 530521537303416 110000000000000000 530521537703416 14.87 12.51 8.50
0110000000000000000 3034 530521537303416 110000000000000000 530521537313416 14.87 12.51 8.50
0110000000000000000 3034 530521537303416 110000000000000001 530521537323416 14.87 14.59 11.10
0110000000000000000 3034 530521537303416 110000000000000001 530521537333416 14.87 14.59 11.10
0110000000000000000 3034 530521537303416 111000000000000001 530521537343416 14.87 14.59 13.80
0110000000000000000 3034 530521537303416 111000000000000011 530521537353416 14.87 16.68 13.80
0110000000000000000 3034 530521537303416 111000000000000011 530521537363416 14.87 16.68 13.80
0110000000000000000 3034 530521537303416 111000000000000001 530521537373416 14.87 14.59 13.80
0110000000000000000 3034 530521537303416 111100000000000000 530521537300416 14.87 12.51 13.80
0110000000000000000 3034 530521537303416 111000000000000000 530521537301416 14.87 12.51 8.50
0110000000000000000 3034 530521537303416 111000000000000000 530521537302416 14.87 12.51 8.50
0110000000000000000 3034 530521537303416 110000000000000001 530521537304416 14.87 14.59 11.10
0110000000000000000 3034 530521537303416 110000000000000011 530521537305416 14.87 16.68 13.80
0110000000000000000 3034 530521537303416 110000000000000111 530521537306416 14.87 16.68 13.80
0110000000000000000 3034 530521537303416 110000000000001111 530521537307416 14.87 16.68 13.80
0110000000000000000 3034 530521537303416 110000000000000000 530521537303016 14.87 12.51 8.50
0110000000000000000 3034 530521537303416 110000000000000000 530521537303116 14.87 12.51 8.50
0110000000000000000 3034 530521537303416 110000000000000000 530521537303216 14.87 12.51 8.50
0110000000000000000 3034 530521537303416 110000000000000000 530521537303316 14.87 12.51 8.50
0110000000000000000 3034 530521537303416 110000000000000000 530521537303516 14.87 12.51 8.50
0110000000000000000 3034 530521537303416 110000000000000000 530521537303616 14.87 12.51 8.50
0110000000000000000 3034 530521537303416 110000000000000000 530521537303716 14.87 12.51 8.50
0110000000000000000 3034 530521537303416 110000000000000000 530521537303406 14.87 12.51 8.50
0110000000000000000 3034 530521537303416 111100000000000000 530521537303426 14.87 12.51 13.80
0110000000000000000 3034 530521537303416 111110000000000000 530521537303436 14.87 12.51 13.80
0110000000000000000 3034 530521537303416 111111000000000000 530521537303446 14.87 12.51 13.80
0110000000000000000 3034 530521537303416 111111100000000000 530521537303456 14.87 12.51 13.80
0110000000000000000 3034 530521537303416 111111100000000000 530521537303466 14.87 12.51 13.80
0110000000000000000 3034 530521537303416 111111110000000000 530521537303476 14.87 12.51 13.80
0110000000000000000 3034 530521537303416 111111111100000000 530521537303410 14.87 12.51 13.80
0110000000000000000 3034 530521537303416 111111100000000000 530521537303411 14.87 12.51 13.80
0110000000000000000 3034 530521537303416 111110000000000000 530521537303412 14.87 12.51 13.80
0110000000000000000 3034 530521537303416 111100000000000000 530521537303413 14.87 12.51 13.80
0110000000000000000 3034 530521537303416 111000000000000000 530521537303414 14.87 12.51 8.50
0110000000000000000 3034 530521537303416 111000000000000000 530521537303415 14.87 12.51 8.50
0110000000000000000 3034 530521537303416 110000000000000000 530521537303417 14.87 12.51 8.50
0110000000000000000 3600 750711433726317 111000000000001111 050711433726317 14.87 16.68 13.80
0110000000000000000 3600 750711433726317 111000000000011111 150711433726317 14.87 16.68 13.80
0110000000000000000 3600 750711433726317 110000000000111111 250711433726317 14.87 16.68 13.80
0110000000000000000 3600 750711433726317 110000000000111111 350711433726317 14.87 16.68 13.80
0110000000000000000 3600 750711433726317 110000000000011111 450711433726317 14.87 16.68 13.80
0110000000000000000 3600 750711433726317 110000000000011111 550711433726317 14.87 16.68 13.80
0110000000000000000 3600 750711433726317 110000000000000111 650711433726317 14.87 16.68 13.80
0110000000000000000 3600 750711433726317 110000000000000001 700711433726317 14.87 14.59 11.10
0110000000000000000 3600 750711433726317 110000000000000001 710711433726317 14.87 14.59 11.10
0110000000000000000 3600 750711433726317 110000000000000000 720711433726317 14.87 12.51 8.50
0110000000000000000 3600 750711433726317 110000000000000000 730711433726317 14.87 12.51 8.50
0110000000000000000 3600 750711433726317 110000000000000000 740711433726317 14.87 12.51 8.50
0110000000000000000 3600 750711433726317 110000000000000000 760711433726317 14.87 12.51 8.50
0110000000000000000 3600 750711433726317 110000000000000000 770711433726317 14.87 12.51 8.50
0110000000000000000 3600 750711433726317 110000000000111111 751711433726317 14.87 16.68 13.80
0110000000000000000 3600 750711433726317 110000000000111111 752711433726317 14.87 16.68 13.80
0110000000000000000 3600 750711433726317 111000000000011111 753711433726317 14.87 16.68 13.80
0110000000000000000 3600 750711433726317 111000000000011111 754711433726317 14.87 16.68 13.80
0110000000000000000 3600 750711433726317 111000000000001111 755711433726317 14.87 16.68 13.80
0110000000000000000 3600 750711433726317 111000000000001111 756711433726317 14.87 16.68 13.80
0110000000000000000 3600 750711433726317 111000000000001111 757711433726317 14.87 16.68 13.80
0110000000000000000 3600 750711433726317 111110000000000000 750011433726317 14.87 12.51 13.80
0110000000000000000 3600 750711433726317 111000000000000000 750111433726317 14.87 12.51 8.50
0110000000000000000 3600 750711433726317 111000000000000000 750211433726317 14.87 12.51 8.50
0110000000000000000 3600 750711433726317 111000000000000000 750311433726317 14.87 12.51 8.50
0110000000000000000 3600 750711433726317 111000000000000000 750411433726317 14.87 12.51 8.50
0110000000000000000 3600 750711433726317 110000000000000000 750511433726317 14.87 12.51 8.50
0110000000000000000 3600 750711433726317 110000000000000000 750611433726317 14.87 12.51 8.50
0110000000000000000 3600 750711433726317 110000000000000000 750701433726317 14.87 12.51 8.50
0110000000000000000 3600 750711433726317 110000000000000000 750721433726317 14.87 12.51 8.50
0110000000000000000 3600 750711433726317 110000000000000000 750731433726317 14.87 12.51 8.50
0110000000000000000 3600 750711433726317 110000000000000000 750741433726317 14.87 12.51 8.50
0110000000000000000 3600 750711433726317 110000000000000000 750751433726317 14.87 12.51 8.50
0110000000000000000 3600 750711433726317 110000000000000000 750761433726317 14.87 12.51 8.50
0110000000000000000 3600 750711433726317 110000000000000000 750771433726317 14.87 12.51 8.50
0110000000000000000 3600 750711433726317 110000000000000001 750710433726317 14.87 14.59 11.10
0110000000000000000 3600 750711433726317 110000000000000000 750712433726317 14.87 12.51 8.50
0110000000000000000 3600 750711433726317 110000000000000000 750713433726317 14.87 12.51 8.50
0110000000000000000 3600 750711433726317 110000000000000000 750714433726317 14.87 12.51 8.50
0110000000000000000 3600 750711433726317 110000000000000000 750715433726317 14.87 12.51 8.50
0110000000000000000 3600 750711433726317 110000000000000000 750716433726317 14.87 12.51 8.50
0110000000000000000 3600 750711433726317 110000000000000000 750717433726317 14.87 12.51 8.50
0110000000000000000 3600 750711433726317 111111111100000000 750711033726317 14.87 12.51 13.80
0110000000000000000 3600 750711433726317 111100000000000000 750711133726317 14.87 12.51 13.80
0110000000000000000 3600 750711433726317 111000000000000000 750711233726317 14.87 12.51 8.50
0110000000000000000 3600 750711433726317 110000000000000000 750711333726317 14.87 12.51 8.50
0110000000000000000 3600 750711433726317 110000000000001111 750711533726317 14.87 16.68 13.80
0110000000000000000 3600 750711433726317 110000000000011111 750711633726317 14.87 16.68 13.80
0110000000000000000 3600 750711433726317 110000000000011111 750711733726317 14.87 16.68 13.80
0110000000000000000 3600 750711433726317 110000000000000000 750711403726317 14.87 12.51 8.50
0110000000000000000 3600 750711433726317 110000000000000000 750711413726317 14.87 12.51 8.50
0110000000000000000 3600 750711433726317 110000000000000000 750711423726317 14.87 12.51 8.50
0110000000000000000 3600 750711433726317 110000000000000000 750711443726317 14.87 12.51 8.50
0110000000000000000 3600 750711433726317 110000000000000000 750711453726317 14.87 12.51 8.50
0110000000000000000 3600 750711433726317 110000000000000000 750711463726317 14.87 12.51 8.50
0110000000000000000 3600 750711433726317 110000000000000000 750711473726317 14.87 12.51 8.50
0110000000000000000 3600 750711433726317 111100000000000000 750711430726317 14.87 12.51 13.80
0110000000000000000 3600 750711433726317 111000000000000000 750711431726317 14.87 12.51 8.50
0110000000000000000 3600 750711433726317 110000000000000000 750711432726317 14.87 12.51 8.50
0110000000000000000 3600 750711433726317 110000000000000000 750711434726317 14.87 12.51 8.50
0110000000000000000 3600 750711433726317 110000000000000000 750711435726317 14.87 12.51 8.50
0110000000000000000 3600 750711433726317 110000000000000000 750711436726317 14.87 12.51 8.50
0110000000000000000 3600 750711433726317 110000000000000000 750711437726317 14.87 12.51 8.50
0110000000000000000 3600 750711433726317 111111110000000000 750711433026317 14.87 12.51 13.80
0110000000000000000 3600 750711433726317 111100000000000011 750711433126317 14.87 16.68 16.40
0110000000000000000 3600 750711433726317 111000000000011111 750711433226317 14.87 16.68 13.80
0110000000000000000 3600 750711433726317 110000000000011111 750711433326317 14.87 16.68 13.80
0110000000000000000 3600 750711433726317 110000000000011111 750711433426317 14.87 16.68 13.80
0110000000000000000 3600 750711433726317 110000000000011111 750711433526317 14.87 16.68 13.80
0110000000000000000 3600 750711433726317 110000000000000111 750711433626317 14.87 16.68 13.80
0110000000000000000 3600 750711433726317 110000000000000000 750711433706317 14.87 12.51 8.50
0110000000000000000 3600 750711433726317 110000000000000000 750711433716317 14.87 12.51 8.50
0110000000000000000 3600 750711433726317 110000000000000011 750711433736317 14.87 16.68 13.80
0110000000000000000 3600 750711433726317 110000000000000111 750711433746317 14.87 16.68 13.80
0110000000000000000 3600 750711433726317 110000000000001111 750711433756317 14.87 16.68 13.80
0110000000000000000 3600 750711433726317 110000000000011111 750711433766317 14.87 16.68 13.80
0110000000000000000 3600 750711433726317 110000000000111111 750711433776317 14.87 16.68 13.80
0110000000000000000 3600 750711433726317 111111111111111111 750711433720317 14.87 4.17 8.50
0110000000000000000 3600 750711433726317 111100000000000001 750711433721317 14.87 14.59 16.40
0110000000000000000 3600 750711433726317 111000000000000001 750711433722317 14.87 14.59 13.80
0110000000000000000 3600 750711433726317 111000000000000011 750711433723317 14.87 16.68 13.80
0110000000000000000 3600 750711433726317 110000000000000111 750711433724317 14.87 16.68 13.80
0110000000000000000 3600 750711433726317 110000000000000111 750711433725317 14.87 16.68 13.80
0110000000000000000 3600 750711433726317 110000000000000000 750711433727317 14.87 12.51 8.50
0110000000000000000 3600 750711433726317 110000000000000000 750711433726017 14.87 12.51 8.50
0110000000000000000 3600 750711433726317 110000000000000000 750711433726117 14.87 12.51 8.50
0110000000000000000 3600 750711433726317 110000000000000000 750711433726217 14.87 12.51 8.50
0110000000000000000 3600 750711433726317 110000000000000001 750711433726417 14.87 14.59 11.10
0110000000000000000 3600 750711433726317 110000000000000011 750711433726517 14.87 16.68 13.80
0110000000000000000 3600 750711433726317 110000000000000111 750711433726617 14.87 16.68 13.80
0110000000000000000 3600 750711433726317 110000000000000111 750711433726717 14.87 16.68 13.80
0110000000000000000 3600 750711433726317 111000000000000000 750711433726307 14.87 12.51 8.50
0110000000000000000 3600 750711433726317 110000000000011111 750711433726327 14.87 16.68 13.80
0110000000000000000 3600 750711433726317 110000000000111111 750711433726337 14.87 16.68 13.80
0110000000000000000 3600 750711433726317 110000000000011111 750711433726347 14.87 16.68 13.80
0110000000000000000 3600 750711433726317 111000000000001111 750711433726357 14.87 16.68 13.80
0110000000000000000 3600 750711433726317 111100000000000111 750711433726367 14.87 16.68 13.80
0110000000000000000 3600 750711433726317 111100000000000011 750711433726377 14.87 16.68 16.40
0110000000000000000 3600 750711433726317 111110000000000000 750711433726310 14.87 12.51 13.80
0110000000000000000 3600 750711433726317 111100000000000000 750711433726311 14.87 12.51 13.80
0110000000000000000 3600 750711433726317 111000000000000000 750711433726312 14.87 12.51 8.50
0110000000000000000 3600 750711433726317 111000000000000000 750711433726313 14.87 12.51 8.50
0110000000000000000 3600 750711433726317 111000000000000000 750711433726314 14.87 12.51 8.50
0110000000000000000 3600 750711433726317 110000000000000000 750711433726315 14.87 12.51 8.50
0110000000000000000 3600 750711433726317 110000000000000000 750711433726316 14.87 12.51 8.50
0110000000000000000 3609 120500117713267 111000000000000000 020500117713267 14.87 12.51 8.50
0110000000000000000 3609 120500117713267 110000000000000000 220500117713267 14.87 12.51 8.50
0110000000000000000 3609 120500117713267 110000000000000001 320500117713267 14.87 14.59 11.10
0110000000000000000 3609 120500117713267 110000000000000001 420500117713267 14.87 14.59 11.10
0110000000000000000 3609 120500117713267 110000000000000001 520500117713267 14.87 14.59 11.10
0110000000000000000 3609 120500117713267 110000000000000001 620500117713267 14.87 14.59 11.10
0110000000000000000 3609 120500117713267 110000000000000001 720500117713267 14.87 14.59 11.10
0110000000000000000 3609 120500117713267 110000000000000000 100500117713267 14.87 12.51 8.50
0110000000000000000 3609 120500117713267 110000000000000000 110500117713267 14.87 12.51 8.50
0110000000000000000 3609 120500117713267 110000000000000000 130500117713267 14.87 12.51 8.50
0110000000000000000 3609 120500117713267 111000000000000000 140500117713267 14.87 12.51 8.50
0110000000000000000 3609 120500117713267 111000000000000000 150500117713267 14.87 12.51 8.50
0110000000000000000 3609 120500117713267 111000000000000000 160500117713267 14.87 12.51 8.50
0110000000000000000 3609 120500117713267 111000000000000000 170500117713267 14.87 12.51 8.50
0110000000000000000 3609 120500117713267 111000000000000000 121500117713267 14.87 12.51 8.50
0110000000000000000 3609 120500117713267 111000000000000000 122500117713267 14.87 12.51 8.50
0110000000000000000 3609 120500117713267 111000000000000000 123500117713267 14.87 12.51 8.50
0110000000000000000 3609 120500117713267 111000000000000000 124500117713267 14.87 12.51 8.50
0110000000000000000 3609 120500117713267 111000000000000000 125500117713267 14.87 12.51 8.50
0110000000000000000 3609 120500117713267 111000000000000000 126500117713267 14.87 12.51 8.50
0110000000000000000 3609 120500117713267 111000000000000000 127500117713267 14.87 12.51 8.50
0110000000000000000 3609 120500117713267 111100000000000000 120000117713267 14.87 12.51 13.80
0110000000000000000 3609 120500117713267 111000000000000000 120100117713267 14.87 12.51 8.50
0110000000000000000 3609 120500117713267 111000000000000000 120200117713267 14.87 12.51 8.50
0110000000000000000 3609 120500117713267 111000000000000000 120300117713267 14.87 12.51 8.50
0110000000000000000 3609 120500117713267 110000000000000000 120400117713267 14.87 12.51 8.50
0110000000000000000 3609 120500117713267 110000000000000000 120600117713267 14.87 12.51 8.50
0110000000000000000 3609 120500117713267 110000000000000000 120700117713267 14.87 12.51 8.50
0110000000000000000 3609 120500117713267 110000000000000000 120510117713267 14.87 12.51 8.50
0110000000000000000 3609 120500117713267 110000000000000000 120520117713267 14.87 12.51 8.50
0110000000000000000 3609 120500117713267 110000000000000000 120530117713267 14.87 12.51 8.50
0110000000000000000 3609 120500117713267 110000000000000000 120540117713267 14.87 12.51 8.50
0110000000000000000 3609 120500117713267 110000000000000000 120550117713267 14.87 12.51 8.50
0110000000000000000 3609 120500117713267 110000000000000000 120560117713267 14.87 12.51 8.50
0110000000000000000 3609 120500117713267 110000000000000000 120570117713267 14.87 12.51 8.50
0110000000000000000 3609 120500117713267 110000000000000000 120501117713267 14.87 12.51 8.50
0110000000000000000 3609 120500117713267 110000000000000000 120502117713267 14.87 12.51 8.50
0110000000000000000 3609 120500117713267 110000000000000000 120503117713267 14.87 12.51 8.50
0110000000000000000 3609 120500117713267 110000000000000000 120504117713267 14.87 12.51 8.50
0110000000000000000 3609 120500117713267 110000000000000000 120505117713267 14.87 12.51 8.50
0110000000000000000 3609 120500117713267 110000000000000000 120506117713267 14.87 12.51 8.50
0110000000000000000 3609 120500117713267 110000000000000000 120507117713267 14.87 12.51 8.50
0110000000000000000 3609 120500117713267 110000000000000001 120500017713267 14.87 14.59 11.10
0110000000000000000 3609 120500117713267 111000000000000000 120500217713267 14.87 12.51 8.50
0110000000000000000 3609 120500117713267 111100000000000000 120500317713267 14.87 12.51 13.80
0110000000000000000 3609 120500117713267 111100000000000000 120500417713267 14.87 12.51 13.80
0110000000000000000 3609 120500117713267 111110000000000000 120500517713267 14.87 12.51 13.80
0110000000000000000 3609 120500117713267 111110000000000000 120500617713267 14.87 12.51 13.80
0110000000000000000 3609 120500117713267 111111000000000000 120500717713267 14.87 12.51 13.80
0110000000000000000 3609 120500117713267 110000000000000000 120500107713267 14.87 12.51 8.50
0110000000000000000 3609 120500117713267 110000000000000000 120500127713267 14.87 12.51 8.50
0110000000000000000 3609 120500117713267 110000000000000000 120500137713267 14.87 12.51 8.50
0110000000000000000 3609 120500117713267 110000000000000000 120500147713267 14.87 12.51 8.50
0110000000000000000 3609 120500117713267 110000000000000000 120500157713267 14.87 12.51 8.50
0110000000000000000 3609 120500117713267 110000000000000000 120500167713267 14.87 12.51 8.50
0110000000000000000 3609 120500117713267 110000000000000000 120500177713267 14.87 12.51 8.50
0110000000000000000 3609 120500117713267 111111111000000000 120500110713267 14.87 12.51 13.80
0110000000000000000 3609 120500117713267 111111000000000000 120500111713267 14.87 12.51 13.80
0110000000000000000 3609 120500117713267 111100000000000000 120500112713267 14.87 12.51 13.80
0110000000000000000 3609 120500117713267 111100000000000000 120500113713267 14.87 12.51 13.80
0110000000000000000 3609 120500117713267 111000000000000000 120500114713267 14.87 12.51 8.50
0110000000000000000 3609 120500117713267 111000000000000000 120500115713267 14.87 12.51 8.50
0110000000000000000 3609 120500117713267 110000000000000000 120500116713267 14.87 12.51 8.50
0110000000000000000 3609 120500117713267 111111111100000000 120500117013267 14.87 12.51 13.80
0110000000000000000 3609 120500117713267 111111000000000000 120500117113267 14.87 12.51 13.80
0110000000000000000 3609 120500117713267 111110000000000000 120500117213267 14.87 12.51 13.80
0110000000000000000 3609 120500117713267 111100000000000000 120500117313267 14.87 12.51 13.80
0110000000000000000 3609 120500117713267 111000000000000000 120500117413267 14.87 12.51 8.50
0110000000000000000 3609 120500117713267 111000000000000000 120500117513267 14.87 12.51 8.50
0110000000000000000 3609 120500117713267 110000000000000000 120500117613267 14.87 12.51 8.50
0110000000000000000 3609 120500117713267 110000000000000000 120500117703267 14.87 12.51 8.50
0110000000000000000 3609 120500117713267 110000000000000000 120500117723267 14.87 12.51 8.50
0110000000000000000 3609 120500117713267 110000000000000000 120500117733267 14.87 12.51 8.50
0110000000000000000 3609 120500117713267 110000000000000001 120500117743267 14.87 14.59 11.10
0110000000000000000 3609 120500117713267 111000000000000001 120500117753267 14.87 14.59 13.80
0110000000000000000 3609 120500117713267 111000000000000001 120500117763267 14.87 14.59 13.80
0110000000000000000 3609 120500117713267 111000000000000001 120500117773267 14.87 14.59 13.80
0110000000000000000 3609 120500117713267 111100000000000000 120500117710267 14.87 12.51 13.80
0110000000000000000 3609 120500117713267 111000000000000000 120500117711267 14.87 12.51 8.50
0110000000000000000 3609 120500117713267 110000000000000000 120500117712267 14.87 12.51 8.50
0110000000000000000 3609 120500117713267 110000000000000001 120500117714267 14.87 14.59 11.10
0110000000000000000 3609 120500117713267 110000000000000111 120500117715267 14.87 16.68 13.80
0110000000000000000 3609 120500117713267 110000000000001111 120500117716267 14.87 16.68 13.80
0110000000000000000 3609 120500117713267 110000000000011111 120500117717267 14.87 16.68 13.80
0110000000000000000 3609 120500117713267 110000000000000000 120500117713067 14.87 12.51 8.50
0110000000000000000 3609 120500117713267 110000000000000000 120500117713167 14.87 12.51 8.50
0110000000000000000 3609 120500117713267 110000000000000000 120500117713367 14.87 12.51 8.50
0110000000000000000 3609 120500117713267 110000000000000000 120500117713467 14.87 12.51 8.50
0110000000000000000 3609 120500117713267 110000000000000001 120500117713567 14.87 14.59 11.10
0110000000000000000 3609 120500117713267 110000000000000001 120500117713667 14.87 14.59 11.10
0110000000000000000 3609 120500117713267 110000000000000011 120500117713767 14.87 16.68 13.80
0110000000000000000 3609 120500117713267 111000000000000000 120500117713207 14.87 12.51 8.50
0110000000000000000 3609 120500117713267 110000000000000001 120500117713217 14.87 14.59 11.10
0110000000000000000 3609 120500117713267 110000000000000001 120500117713227 14.87 14.59 11.10
0110000000000000000 3609 120500117713267 110000000000000001 120500117713237 14.87 14.59 11.10
0110000000000000000 3609 120500117713267 110000000000000000 120500117713247 14.87 12.51 8.50
0110000000000000000 3609 120500117713267 110000000000000000 120500117713257 14.87 12.51 8.50
0110000000000000000 3609 120500117713267 110000000000000000 120500117713277 14.87 12.51 8.50
0110000000000000000 3609 120500117713267 111111111000000000 120500117713260 14.87 12.51 13.80
0110000000000000000 3609 120500117713267 111111000000000000 120500117713261 14.87 12.51 13.80
0110000000000000000 3609 120500117713267 111100000000000000 120500117713262 14.87 12.51 13.80
0110000000000000000 3609 120500117713267 111100000000000000 120500117713263 14.87 12.51 13.80
0110000000000000000 3609 120500117713267 111000000000000000 120500117713264 14.87 12.51 8.50
0110000000000000000 3609 120500117713267 111000000000000000 120500117713265 14.87 12.51 8.50
0110000000000000000 3609 120500117713267 110000000000000000 120500117713266 14.87 12.51 8.50
