ParentPhenotype line ParentGenotype MutantPhenotype MutantGenotype KC_col1 KC_col4 Conditional_Complexity
0111111111100000001 308 675305533247547 111111111110000000 075305533247547 16.99 12.51 9.00
0111111111100000001 308 675305533247547 111111111110000000 175305533247547 16.99 12.51 9.00
0111111111100000001 308 675305533247547 111111111110000000 275305533247547 16.99 12.51 9.00
0111111111100000001 308 675305533247547 111111111110000000 375305533247547 16.99 12.51 9.00
0111111111100000001 308 675305533247547 111111111110000001 475305533247547 16.99 14.59 11.70
0111111111100000001 308 675305533247547 111111111100000001 575305533247547 16.99 14.59 9.00
0111111111100000001 308 675305533247547 111111111100000001 775305533247547 16.99 14.59 9.00
0111111111100000001 308 675305533247547 111111111000000001 605305533247547 16.99 14.59 11.70
0111111111100000001 308 675305533247547 111111111100000001 615305533247547 16.99 14.59 9.00
0111111111100000001 308 675305533247547 111111111100000001 625305533247547 16.99 14.59 9.00
0111111111100000001 308 675305533247547 111111111100000001 635305533247547 16.99 14.59 9.00
0111111111100000001 308 675305533247547 111111111100000001 645305533247547 16.99 14.59 9.00
0111111111100000001 308 675305533247547 111111111100000001 655305533247547 16.99 14.59 9.00
0111111111100000001 308 675305533247547 111111111100000001 665305533247547 16.99 14.59 9.00
0111111111100000001 308 675305533247547 111111110000000001 670305533247547 16.99 14.59 14.30
0111111111100000001 308 675305533247547 111111111000000001 671305533247547 16.99 14.59 11.70
0111111111100000001 308 675305533247547 111111111100000001 672305533247547 16.99 14.59 9.00
0111111111100000001 308 675305533247547 111111111100000001 673305533247547 16.99 14.59 9.00
0111111111100000001 308 675305533247547 111111111100000001 674305533247547 16.99 14.59 9.00
0111111111100000001 308 675305533247547 111111111100000001 676305533247547 16.99 14.59 9.00
0111111111100000001 308 675305533247547 111111111100000001 677305533247547 16.99 14.59 9.00
0111111111100000001 308 675305533247547 111111111111100000 675005533247547 16.99 12.51 11.70
0111111111100000001 308 675305533247547 111111111110000000 675105533247547 16.99 12.51 9.00
0111111111100000001 308 675305533247547 111111111110000000 675205533247547 16.99 12.51 9.00
0111111111100000001 308 675305533247547 111111111100000001 675405533247547 16.99 14.59 9.00
0111111111100000001 308 675305533247547 111111111100000001 675505533247547 16.99 14.59 9.00
0111111111100000001 308 675305533247547 111111111100000001 675605533247547 16.99 14.59 9.00
0111111111100000001 308 675305533247547 111111111100000001 675705533247547 16.99 14.59 9.00
0111111111100000001 308 675305533247547 111111111100000000 675315533247547 16.99 12.51 6.40
0111111111100000001 308 675305533247547 111111111100000000 675325533247547 16.99 12.51 6.40
0111111111100000001 308 675305533247547 111111111100000000 675335533247547 16.99 12.51 6.40
0111111111100000001 308 675305533247547 111111111100000000 675345533247547 16.99 12.51 6.40
0111111111100000001 308 675305533247547 111111111100000000 675355533247547 16.99 12.51 6.40
0111111111100000001 308 675305533247547 111111111100000000 675365533247547 16.99 12.51 6.40
0111111111100000001 308 675305533247547 111111111100000000 675375533247547 16.99 12.51 6.40
0111111111100000001 308 675305533247547 111111111100000000 675300533247547 16.99 12.51 6.40
0111111111100000001 308 675305533247547 111111111100000000 675301533247547 16.99 12.51 6.40
0111111111100000001 308 675305533247547 111111111100000000 675302533247547 16.99 12.51 6.40
0111111111100000001 308 675305533247547 111111111100000000 675303533247547 16.99 12.51 6.40
0111111111100000001 308 675305533247547 111111111100000000 675304533247547 16.99 12.51 6.40
0111111111100000001 308 675305533247547 111111111100000001 675306533247547 16.99 14.59 9.00
0111111111100000001 308 675305533247547 111111111100000001 675307533247547 16.99 14.59 9.00
0111111111100000001 308 675305533247547 111100000001111111 675305033247547 16.99 16.68 11.70
0111111111100000001 308 675305533247547 111110000000111111 675305133247547 16.99 16.68 9.00
0111111111100000001 308 675305533247547 111111100000011111 675305233247547 16.99 16.68 14.30
0111111111100000001 308 675305533247547 111111110000000111 675305333247547 16.99 16.68 11.70
0111111111100000001 308 675305533247547 111111111000000011 675305433247547 16.99 16.68 9.00
0111111111100000001 308 675305533247547 111111111110000000 675305633247547 16.99 12.51 9.00
0111111111100000001 308 675305533247547 111111111111100000 675305733247547 16.99 12.51 11.70
0111111111100000001 308 675305533247547 111111111100000001 675305503247547 16.99 14.59 9.00
0111111111100000001 308 675305533247547 111111111100000001 675305513247547 16.99 14.59 9.00
0111111111100000001 308 675305533247547 111111111100000001 675305523247547 16.99 14.59 9.00
0111111111100000001 308 675305533247547 111111111100000001 675305543247547 16.99 14.59 9.00
0111111111100000001 308 675305533247547 111111111100000001 675305553247547 16.99 14.59 9.00
0111111111100000001 308 675305533247547 111111111100000001 675305563247547 16.99 14.59 9.00
0111111111100000001 308 675305533247547 111111111100000001 675305573247547 16.99 14.59 9.00
0111111111100000001 308 675305533247547 111111111111111111 675305530247547 16.99 4.17 6.40
0111111111100000001 308 675305533247547 111111111111111111 675305531247547 16.99 4.17 6.40
0111111111100000001 308 675305533247547 111111111111100000 675305532247547 16.99 12.51 11.70
0111111111100000001 308 675305533247547 111111111000000011 675305534247547 16.99 16.68 9.00
0111111111100000001 308 675305533247547 111111110000000111 675305535247547 16.99 16.68 11.70
0111111111100000001 308 675305533247547 111111100000001111 675305536247547 16.99 16.68 11.70
0111111111100000001 308 675305533247547 111111000000001111 675305537247547 16.99 16.68 14.30
0111111111100000001 308 675305533247547 111111111111111111 675305533047547 16.99 4.17 6.40
0111111111100000001 308 675305533247547 111111111111110000 675305533147547 16.99 12.51 11.70
0111111111100000001 308 675305533247547 111111110000000111 675305533347547 16.99 16.68 11.70
0111111111100000001 308 675305533247547 111111100000001111 675305533447547 16.99 16.68 11.70
0111111111100000001 308 675305533247547 111111000000011111 675305533547547 16.99 16.68 11.70
0111111111100000001 308 675305533247547 111111000000011111 675305533647547 16.99 16.68 11.70
0111111111100000001 308 675305533247547 111110000000111111 675305533747547 16.99 16.68 9.00
0111111111100000001 308 675305533247547 111111100000000011 675305533207547 16.99 16.68 14.30
0111111111100000001 308 675305533247547 111111110000000011 675305533217547 16.99 16.68 14.30
0111111111100000001 308 675305533247547 111111111000000011 675305533227547 16.99 16.68 9.00
0111111111100000001 308 675305533247547 111111111000000001 675305533237547 16.99 14.59 11.70
0111111111100000001 308 675305533247547 111111111110000000 675305533257547 16.99 12.51 9.00
0111111111100000001 308 675305533247547 111111111111000000 675305533267547 16.99 12.51 9.00
0111111111100000001 308 675305533247547 111111111111110000 675305533277547 16.99 12.51 11.70
0111111111100000001 308 675305533247547 111111111111111111 675305533240547 16.99 4.17 6.40
0111111111100000001 308 675305533247547 111111111111111111 675305533241547 16.99 4.17 6.40
0111111111100000001 308 675305533247547 111111111111111111 675305533242547 16.99 4.17 6.40
0111111111100000001 308 675305533247547 111111111111111111 675305533243547 16.99 4.17 6.40
0111111111100000001 308 675305533247547 111111111111111000 675305533244547 16.99 12.51 11.70
0111111111100000001 308 675305533247547 111111111111100000 675305533245547 16.99 12.51 11.70
0111111111100000001 308 675305533247547 111111111110000000 675305533246547 16.99 12.51 9.00
0111111111100000001 308 675305533247547 111111111100000000 675305533247047 16.99 12.51 6.40
0111111111100000001 308 675305533247547 111111111100000000 675305533247147 16.99 12.51 6.40
0111111111100000001 308 675305533247547 111111111100000000 675305533247247 16.99 12.51 6.40
0111111111100000001 308 675305533247547 111111111100000000 675305533247347 16.99 12.51 6.40
0111111111100000001 308 675305533247547 111111111100000000 675305533247447 16.99 12.51 6.40
0111111111100000001 308 675305533247547 111111111100000001 675305533247647 16.99 14.59 9.00
0111111111100000001 308 675305533247547 111111111100000001 675305533247747 16.99 14.59 9.00
0111111111100000001 308 675305533247547 111100000000111111 675305533247507 16.99 16.68 11.70
0111111111100000001 308 675305533247547 111111000000011111 675305533247517 16.99 16.68 11.70
0111111111100000001 308 675305533247547 111111100000000111 675305533247527 16.99 16.68 14.30
0111111111100000001 308 675305533247547 111111111000000011 675305533247537 16.99 16.68 9.00
0111111111100000001 308 675305533247547 111111111111000000 675305533247557 16.99 12.51 9.00
0111111111100000001 308 675305533247547 111111111111100000 675305533247567 16.99 12.51 11.70
0111111111100000001 308 675305533247547 111111111111111000 675305533247577 16.99 12.51 11.70
0111111111100000001 308 675305533247547 111111111111111111 675305533247540 16.99 4.17 6.40
0111111111100000001 308 675305533247547 111111111111111111 675305533247541 16.99 4.17 6.40
0111111111100000001 308 675305533247547 111111111111111111 675305533247542 16.99 4.17 6.40
0111111111100000001 308 675305533247547 111111111111111111 675305533247543 16.99 4.17 6.40
0111111111100000001 308 675305533247547 111111111111111000 675305533247544 16.99 12.51 11.70
0111111111100000001 308 675305533247547 111111111111100000 675305533247545 16.99 12.51 11.70
0111111111100000001 308 675305533247547 111111111110000000 675305533247546 16.99 12.51 9.00
0111111111100000001 1858 203754351667766 111111111110000001 003754351667766 16.99 14.59 11.70
0111111111100000001 1858 203754351667766 111111111100000001 103754351667766 16.99 14.59 9.00
0111111111100000001 1858 203754351667766 111111111000000001 303754351667766 16.99 14.59 11.70
0111111111100000001 1858 203754351667766 111111111000000001 403754351667766 16.99 14.59 11.70
0111111111100000001 1858 203754351667766 111111111000000001 503754351667766 16.99 14.59 11.70
0111111111100000001 1858 203754351667766 111111111000000011 603754351667766 16.99 16.68 9.00
0111111111100000001 1858 203754351667766 111111110000000011 703754351667766 16.99 16.68 14.30
0111111111100000001 1858 203754351667766 111111111100000001 213754351667766 16.99 14.59 9.00
0111111111100000001 1858 203754351667766 111111111100000001 223754351667766 16.99 14.59 9.00
0111111111100000001 1858 203754351667766 111111111100000001 233754351667766 16.99 14.59 9.00
0111111111100000001 1858 203754351667766 111111111100000000 243754351667766 16.99 12.51 6.40
0111111111100000001 1858 203754351667766 111111111110000000 253754351667766 16.99 12.51 9.00
0111111111100000001 1858 203754351667766 111111111110000000 263754351667766 16.99 12.51 9.00
0111111111100000001 1858 203754351667766 111111111110000000 273754351667766 16.99 12.51 9.00
0111111111100000001 1858 203754351667766 111111110000000011 200754351667766 16.99 16.68 14.30
0111111111100000001 1858 203754351667766 111111111000000001 201754351667766 16.99 14.59 11.70
0111111111100000001 1858 203754351667766 111111111000000001 202754351667766 16.99 14.59 11.70
0111111111100000001 1858 203754351667766 111111111100000001 204754351667766 16.99 14.59 9.00
0111111111100000001 1858 203754351667766 111111111100000001 205754351667766 16.99 14.59 9.00
0111111111100000001 1858 203754351667766 111111111100000001 206754351667766 16.99 14.59 9.00
0111111111100000001 1858 203754351667766 111111111100000001 207754351667766 16.99 14.59 9.00
0111111111100000001 1858 203754351667766 111111111110000000 203054351667766 16.99 12.51 9.00
0111111111100000001 1858 203754351667766 111111111100000001 203154351667766 16.99 14.59 9.00
0111111111100000001 1858 203754351667766 111111111100000001 203254351667766 16.99 14.59 9.00
0111111111100000001 1858 203754351667766 111111111100000001 203354351667766 16.99 14.59 9.00
0111111111100000001 1858 203754351667766 111111111100000001 203454351667766 16.99 14.59 9.00
0111111111100000001 1858 203754351667766 111111111100000001 203554351667766 16.99 14.59 9.00
0111111111100000001 1858 203754351667766 111111111100000001 203654351667766 16.99 14.59 9.00
0111111111100000001 1858 203754351667766 111111111100000011 203704351667766 16.99 16.68 11.70
0111111111100000001 1858 203754351667766 111111111100000011 203714351667766 16.99 16.68 11.70
0111111111100000001 1858 203754351667766 111111111100000001 203724351667766 16.99 14.59 9.00
0111111111100000001 1858 203754351667766 111111111100000001 203734351667766 16.99 14.59 9.00
0111111111100000001 1858 203754351667766 111111111100000001 203744351667766 16.99 14.59 9.00
0111111111100000001 1858 203754351667766 111111111100000001 203764351667766 16.99 14.59 9.00
0111111111100000001 1858 203754351667766 111111111100000001 203774351667766 16.99 14.59 9.00
0111111111100000001 1858 203754351667766 111111111100000000 203750351667766 16.99 12.51 6.40
0111111111100000001 1858 203754351667766 111111111100000000 203751351667766 16.99 12.51 6.40
0111111111100000001 1858 203754351667766 111111111100000001 203752351667766 16.99 14.59 9.00
0111111111100000001 1858 203754351667766 111111111100000001 203753351667766 16.99 14.59 9.00
0111111111100000001 1858 203754351667766 111111111100000001 203755351667766 16.99 14.59 9.00
0111111111100000001 1858 203754351667766 111111111100000001 203756351667766 16.99 14.59 9.00
0111111111100000001 1858 203754351667766 111111111100000001 203757351667766 16.99 14.59 9.00
0111111111100000001 1858 203754351667766 111100000011111111 203754051667766 16.99 16.68 14.30
0111111111100000001 1858 203754351667766 111111000000111111 203754151667766 16.99 16.68 14.30
0111111111100000001 1858 203754351667766 111111110000000111 203754251667766 16.99 16.68 11.70
0111111111100000001 1858 203754351667766 111111111111000000 203754451667766 16.99 12.51 9.00
0111111111100000001 1858 203754351667766 111111111111110000 203754551667766 16.99 12.51 11.70
0111111111100000001 1858 203754351667766 111111111111111100 203754651667766 16.99 12.51 11.70
0111111111100000001 1858 203754351667766 111111111111111111 203754751667766 16.99 4.17 6.40
0111111111100000001 1858 203754351667766 111111111100000001 203754301667766 16.99 14.59 9.00
0111111111100000001 1858 203754351667766 111111111100000001 203754311667766 16.99 14.59 9.00
0111111111100000001 1858 203754351667766 111111111100000001 203754321667766 16.99 14.59 9.00
0111111111100000001 1858 203754351667766 111111111100000001 203754331667766 16.99 14.59 9.00
0111111111100000001 1858 203754351667766 111111111100000001 203754341667766 16.99 14.59 9.00
0111111111100000001 1858 203754351667766 111111111100000001 203754361667766 16.99 14.59 9.00
0111111111100000001 1858 203754351667766 111111111100000001 203754371667766 16.99 14.59 9.00
0111111111100000001 1858 203754351667766 111111111111111111 203754350667766 16.99 4.17 6.40
0111111111100000001 1858 203754351667766 111111100000001111 203754352667766 16.99 16.68 11.70
0111111111100000001 1858 203754351667766 111111000000011111 203754353667766 16.99 16.68 11.70
0111111111100000001 1858 203754351667766 111110000000111111 203754354667766 16.99 16.68 9.00
0111111111100000001 1858 203754351667766 111100000000111111 203754355667766 16.99 16.68 11.70
0111111111100000001 1858 203754351667766 111100000001111111 203754356667766 16.99 16.68 11.70
0111111111100000001 1858 203754351667766 111000000001111111 203754357667766 16.99 16.68 11.70
0111111111100000001 1858 203754351667766 111111111111111111 203754351067766 16.99 4.17 6.40
0111111111100000001 1858 203754351667766 111111111111111111 203754351167766 16.99 4.17 6.40
0111111111100000001 1858 203754351667766 111111111111111111 203754351267766 16.99 4.17 6.40
0111111111100000001 1858 203754351667766 111111111111111110 203754351367766 16.99 10.42 9.00
0111111111100000001 1858 203754351667766 111111111111100000 203754351467766 16.99 12.51 11.70
0111111111100000001 1858 203754351667766 111111111110000000 203754351567766 16.99 12.51 9.00
0111111111100000001 1858 203754351667766 111111111000000011 203754351767766 16.99 16.68 9.00
0111111111100000001 1858 203754351667766 111111000000000011 203754351607766 16.99 16.68 14.30
0111111111100000001 1858 203754351667766 111111000000000111 203754351617766 16.99 16.68 14.30
0111111111100000001 1858 203754351667766 111111100000000111 203754351627766 16.99 16.68 14.30
0111111111100000001 1858 203754351667766 111111110000000111 203754351637766 16.99 16.68 11.70
0111111111100000001 1858 203754351667766 111111110000000011 203754351647766 16.99 16.68 14.30
0111111111100000001 1858 203754351667766 111111111000000011 203754351657766 16.99 16.68 9.00
0111111111100000001 1858 203754351667766 111111111110000000 203754351677766 16.99 12.51 9.00
0111111111100000001 1858 203754351667766 111111111111111111 203754351660766 16.99 4.17 6.40
0111111111100000001 1858 203754351667766 111111111111111111 203754351661766 16.99 4.17 6.40
0111111111100000001 1858 203754351667766 111111111111111111 203754351662766 16.99 4.17 6.40
0111111111100000001 1858 203754351667766 111111111111111111 203754351663766 16.99 4.17 6.40
0111111111100000001 1858 203754351667766 111111111111111000 203754351664766 16.99 12.51 11.70
0111111111100000001 1858 203754351667766 111111111111100000 203754351665766 16.99 12.51 11.70
0111111111100000001 1858 203754351667766 111111111110000000 203754351666766 16.99 12.51 9.00
0111111111100000001 1858 203754351667766 111111111100000000 203754351667066 16.99 12.51 6.40
0111111111100000001 1858 203754351667766 111111111100000000 203754351667166 16.99 12.51 6.40
0111111111100000001 1858 203754351667766 111111111100000000 203754351667266 16.99 12.51 6.40
0111111111100000001 1858 203754351667766 111111111100000000 203754351667366 16.99 12.51 6.40
0111111111100000001 1858 203754351667766 111111111100000000 203754351667466 16.99 12.51 6.40
0111111111100000001 1858 203754351667766 111111111100000001 203754351667566 16.99 14.59 9.00
0111111111100000001 1858 203754351667766 111111111100000001 203754351667666 16.99 14.59 9.00
0111111111100000001 1858 203754351667766 110000000111111111 203754351667706 16.99 16.68 11.70
0111111111100000001 1858 203754351667766 111100000001111111 203754351667716 16.99 16.68 11.70
0111111111100000001 1858 203754351667766 111110000000111111 203754351667726 16.99 16.68 9.00
0111111111100000001 1858 203754351667766 111111000000011111 203754351667736 16.99 16.68 11.70
0111111111100000001 1858 203754351667766 111111100000000111 203754351667746 16.99 16.68 14.30
0111111111100000001 1858 203754351667766 111111111000000011 203754351667756 16.99 16.68 9.00
0111111111100000001 1858 203754351667766 111111111110000000 203754351667776 16.99 12.51 9.00
0111111111100000001 1858 203754351667766 111111111111111111 203754351667760 16.99 4.17 6.40
0111111111100000001 1858 203754351667766 111111111111111111 203754351667761 16.99 4.17 6.40
0111111111100000001 1858 203754351667766 111111111111111111 203754351667762 16.99 4.17 6.40
0111111111100000001 1858 203754351667766 111111111111111100 203754351667763 16.99 12.51 11.70
0111111111100000001 1858 203754351667766 111111111111100000 203754351667764 16.99 12.51 11.70
0111111111100000001 1858 203754351667766 111111111110000000 203754351667765 16.99 12.51 9.00
0111111111100000001 1858 203754351667766 111111111000000011 203754351667767 16.99 16.68 9.00
0111111111100000001 2888 165517174245774 111111111100000001 065517174245774 16.99 14.59 9.00
0111111111100000001 2888 165517174245774 111111111100000001 265517174245774 16.99 14.59 9.00
0111111111100000001 2888 165517174245774 111111111100000001 365517174245774 16.99 14.59 9.00
0111111111100000001 2888 165517174245774 111111111100000001 465517174245774 16.99 14.59 9.00
0111111111100000001 2888 165517174245774 111111111100000001 565517174245774 16.99 14.59 9.00
0111111111100000001 2888 165517174245774 111111111100000001 665517174245774 16.99 14.59 9.00
0111111111100000001 2888 165517174245774 111111111100000001 765517174245774 16.99 14.59 9.00
0111111111100000001 2888 165517174245774 111111111000000011 105517174245774 16.99 16.68 9.00
0111111111100000001 2888 165517174245774 111111111100000011 115517174245774 16.99 16.68 11.70
0111111111100000001 2888 165517174245774 111111111100000011 125517174245774 16.99 16.68 11.70
0111111111100000001 2888 165517174245774 111111111100000001 135517174245774 16.99 14.59 9.00
0111111111100000001 2888 165517174245774 111111111100000001 145517174245774 16.99 14.59 9.00
0111111111100000001 2888 165517174245774 111111111100000001 155517174245774 16.99 14.59 9.00
0111111111100000001 2888 165517174245774 111111111100000001 175517174245774 16.99 14.59 9.00
0111111111100000001 2888 165517174245774 111111111000000001 160517174245774 16.99 14.59 11.70
0111111111100000001 2888 165517174245774 111111111100000001 161517174245774 16.99 14.59 9.00
0111111111100000001 2888 165517174245774 111111111100000001 162517174245774 16.99 14.59 9.00
0111111111100000001 2888 165517174245774 111111111100000001 163517174245774 16.99 14.59 9.00
0111111111100000001 2888 165517174245774 111111111100000001 164517174245774 16.99 14.59 9.00
0111111111100000001 2888 165517174245774 111111111100000001 166517174245774 16.99 14.59 9.00
0111111111100000001 2888 165517174245774 111111111100000001 167517174245774 16.99 14.59 9.00
0111111111100000001 2888 165517174245774 111111111111110000 165017174245774 16.99 12.51 11.70
0111111111100000001 2888 165517174245774 111111111111000000 165117174245774 16.99 12.51 9.00
0111111111100000001 2888 165517174245774 111111111110000000 165217174245774 16.99 12.51 9.00
0111111111100000001 2888 165517174245774 111111111110000001 165317174245774 16.99 14.59 11.70
0111111111100000001 2888 165517174245774 111111111100000001 165417174245774 16.99 14.59 9.00
0111111111100000001 2888 165517174245774 111111111100000001 165617174245774 16.99 14.59 9.00
0111111111100000001 2888 165517174245774 111111111100000001 165717174245774 16.99 14.59 9.00
0111111111100000001 2888 165517174245774 111111111100000001 165507174245774 16.99 14.59 9.00
0111111111100000001 2888 165517174245774 111111111100000001 165527174245774 16.99 14.59 9.00
0111111111100000001 2888 165517174245774 111111111100000001 165537174245774 16.99 14.59 9.00
0111111111100000001 2888 165517174245774 111111111100000001 165547174245774 16.99 14.59 9.00
0111111111100000001 2888 165517174245774 111111111100000000 165557174245774 16.99 12.51 6.40
0111111111100000001 2888 165517174245774 111111111100000000 165567174245774 16.99 12.51 6.40
0111111111100000001 2888 165517174245774 111111111100000000 165577174245774 16.99 12.51 6.40
0111111111100000001 2888 165517174245774 111111111100000000 165510174245774 16.99 12.51 6.40
0111111111100000001 2888 165517174245774 111111111100000000 165511174245774 16.99 12.51 6.40
0111111111100000001 2888 165517174245774 111111111100000000 165512174245774 16.99 12.51 6.40
0111111111100000001 2888 165517174245774 111111111100000001 165513174245774 16.99 14.59 9.00
0111111111100000001 2888 165517174245774 111111111100000001 165514174245774 16.99 14.59 9.00
0111111111100000001 2888 165517174245774 111111111100000001 165515174245774 16.99 14.59 9.00
0111111111100000001 2888 165517174245774 111111111100000001 165516174245774 16.99 14.59 9.00
0111111111100000001 2888 165517174245774 111111100000011111 165517074245774 16.99 16.68 14.30
0111111111100000001 2888 165517174245774 111111111111110000 165517274245774 16.99 12.51 11.70
0111111111100000001 2888 165517174245774 111111111111111110 165517374245774 16.99 10.42 9.00
0111111111100000001 2888 165517174245774 111111111111111111 165517474245774 16.99 4.17 6.40
0111111111100000001 2888 165517174245774 111111111111111111 165517574245774 16.99 4.17 6.40
0111111111100000001 2888 165517174245774 111111111111111111 165517674245774 16.99 4.17 6.40
0111111111100000001 2888 165517174245774 111111111111111111 165517774245774 16.99 4.17 6.40
0111111111100000001 2888 165517174245774 111111111100000001 165517104245774 16.99 14.59 9.00
0111111111100000001 2888 165517174245774 111111111100000001 165517114245774 16.99 14.59 9.00
0111111111100000001 2888 165517174245774 111111111100000001 165517124245774 16.99 14.59 9.00
0111111111100000001 2888 165517174245774 111111111100000001 165517134245774 16.99 14.59 9.00
0111111111100000001 2888 165517174245774 111111111100000001 165517144245774 16.99 14.59 9.00
0111111111100000001 2888 165517174245774 111111111100000001 165517154245774 16.99 14.59 9.00
0111111111100000001 2888 165517174245774 111111111100000001 165517164245774 16.99 14.59 9.00
0111111111100000001 2888 165517174245774 111111111111111111 165517170245774 16.99 4.17 6.40
0111111111100000001 2888 165517174245774 111111111111111111 165517171245774 16.99 4.17 6.40
0111111111100000001 2888 165517174245774 111111111111111000 165517172245774 16.99 12.51 11.70
0111111111100000001 2888 165517174245774 111111111111000000 165517173245774 16.99 12.51 9.00
0111111111100000001 2888 165517174245774 111111111000000011 165517175245774 16.99 16.68 9.00
0111111111100000001 2888 165517174245774 111111110000000111 165517176245774 16.99 16.68 11.70
0111111111100000001 2888 165517174245774 111111100000001111 165517177245774 16.99 16.68 11.70
0111111111100000001 2888 165517174245774 111111111111111111 165517174045774 16.99 4.17 6.40
0111111111100000001 2888 165517174245774 111111111111110000 165517174145774 16.99 12.51 11.70
0111111111100000001 2888 165517174245774 111111110000000111 165517174345774 16.99 16.68 11.70
0111111111100000001 2888 165517174245774 111111100000001111 165517174445774 16.99 16.68 11.70
0111111111100000001 2888 165517174245774 111111000000011111 165517174545774 16.99 16.68 11.70
0111111111100000001 2888 165517174245774 111111000000111111 165517174645774 16.99 16.68 14.30
0111111111100000001 2888 165517174245774 111110000000111111 165517174745774 16.99 16.68 9.00
0111111111100000001 2888 165517174245774 111111100000000011 165517174205774 16.99 16.68 14.30
0111111111100000001 2888 165517174245774 111111110000000011 165517174215774 16.99 16.68 14.30
0111111111100000001 2888 165517174245774 111111110000000011 165517174225774 16.99 16.68 14.30
0111111111100000001 2888 165517174245774 111111111000000011 165517174235774 16.99 16.68 9.00
0111111111100000001 2888 165517174245774 111111111110000000 165517174255774 16.99 12.51 9.00
0111111111100000001 2888 165517174245774 111111111111000000 165517174265774 16.99 12.51 9.00
0111111111100000001 2888 165517174245774 111111111111110000 165517174275774 16.99 12.51 11.70
0111111111100000001 2888 165517174245774 111111111111111111 165517174240774 16.99 4.17 6.40
0111111111100000001 2888 165517174245774 111111111111111111 165517174241774 16.99 4.17 6.40
0111111111100000001 2888 165517174245774 111111111111111110 165517174242774 16.99 10.42 9.00
0111111111100000001 2888 165517174245774 111111111111110000 165517174243774 16.99 12.51 11.70
0111111111100000001 2888 165517174245774 111111111111000000 165517174244774 16.99 12.51 9.00
0111111111100000001 2888 165517174245774 111111111000000111 165517174246774 16.99 16.68 11.70
0111111111100000001 2888 165517174245774 111111110000001111 165517174247774 16.99 16.68 14.30
0111111111100000001 2888 165517174245774 111111111100000000 165517174245074 16.99 12.51 6.40
0111111111100000001 2888 165517174245774 111111111100000000 165517174245174 16.99 12.51 6.40
0111111111100000001 2888 165517174245774 111111111100000000 165517174245274 16.99 12.51 6.40
0111111111100000001 2888 165517174245774 111111111100000000 165517174245374 16.99 12.51 6.40
0111111111100000001 2888 165517174245774 111111111100000000 165517174245474 16.99 12.51 6.40
0111111111100000001 2888 165517174245774 111111111100000001 165517174245574 16.99 14.59 9.00
0111111111100000001 2888 165517174245774 111111111100000001 165517174245674 16.99 14.59 9.00
0111111111100000001 2888 165517174245774 111100000001111111 165517174245704 16.99 16.68 11.70
0111111111100000001 2888 165517174245774 111110000000111111 165517174245714 16.99 16.68 9.00
0111111111100000001 2888 165517174245774 111111000000011111 165517174245724 16.99 16.68 11.70
0111111111100000001 2888 165517174245774 111111100000011111 165517174245734 16.99 16.68 14.30
0111111111100000001 2888 165517174245774 111111110000001111 165517174245744 16.99 16.68 14.30
0111111111100000001 2888 165517174245774 111111110000000111 165517174245754 16.99 16.68 11.70
0111111111100000001 2888 165517174245774 111111111000000011 165517174245764 16.99 16.68 9.00
0111111111100000001 2888 165517174245774 111111111111111111 165517174245770 16.99 4.17 6.40
0111111111100000001 2888 165517174245774 111111111111111111 165517174245771 16.99 4.17 6.40
0111111111100000001 2888 165517174245774 111111111111111000 165517174245772 16.99 12.51 11.70
0111111111100000001 2888 165517174245774 111111111111000000 165517174245773 16.99 12.51 9.00
0111111111100000001 2888 165517174245774 111111111000000011 165517174245775 16.99 16.68 9.00
0111111111100000001 2888 165517174245774 111111110000000111 165517174245776 16.99 16.68 11.70
0111111111100000001 2888 165517174245774 111111100000001111 165517174245777 16.99 16.68 11.70
0111111111100000001 3038 776363016476530 111111111111100000 076363016476530 16.99 12.51 11.70
0111111111100000001 3038 776363016476530 111111111111000000 176363016476530 16.99 12.51 9.00
0111111111100000001 3038 776363016476530 111111111110000000 276363016476530 16.99 12.51 9.00
0111111111100000001 3038 776363016476530 111111111110000001 376363016476530 16.99 14.59 11.70
0111111111100000001 3038 776363016476530 111111111100000001 476363016476530 16.99 14.59 9.00
0111111111100000001 3038 776363016476530 111111111100000001 576363016476530 16.99 14.59 9.00
0111111111100000001 3038 776363016476530 111111111100000001 676363016476530 16.99 14.59 9.00
0111111111100000001 3038 776363016476530 111111000000011111 706363016476530 16.99 16.68 11.70
0111111111100000001 3038 776363016476530 111111100000001111 716363016476530 16.99 16.68 11.70
0111111111100000001 3038 776363016476530 111111100000001111 726363016476530 16.99 16.68 11.70
0111111111100000001 3038 776363016476530 111111110000000111 736363016476530 16.99 16.68 11.70
0111111111100000001 3038 776363016476530 111111110000000111 746363016476530 16.99 16.68 11.70
0111111111100000001 3038 776363016476530 111111111000000011 756363016476530 16.99 16.68 9.00
0111111111100000001 3038 776363016476530 111111111000000011 766363016476530 16.99 16.68 9.00
0111111111100000001 3038 776363016476530 111111111100000000 770363016476530 16.99 12.51 6.40
0111111111100000001 3038 776363016476530 111111111000000000 771363016476530 16.99 12.51 9.00
0111111111100000001 3038 776363016476530 111111111000000000 772363016476530 16.99 12.51 9.00
0111111111100000001 3038 776363016476530 111111111000000001 773363016476530 16.99 14.59 11.70
0111111111100000001 3038 776363016476530 111111111100000001 774363016476530 16.99 14.59 9.00
0111111111100000001 3038 776363016476530 111111111100000001 775363016476530 16.99 14.59 9.00
0111111111100000001 3038 776363016476530 111111111100000001 777363016476530 16.99 14.59 9.00
0111111111100000001 3038 776363016476530 111111111111111111 776063016476530 16.99 4.17 6.40
0111111111100000001 3038 776363016476530 111111111111110000 776163016476530 16.99 12.51 11.70
0111111111100000001 3038 776363016476530 111111111110000000 776263016476530 16.99 12.51 9.00
0111111111100000001 3038 776363016476530 111111111000000011 776463016476530 16.99 16.68 9.00
0111111111100000001 3038 776363016476530 111111110000000011 776563016476530 16.99 16.68 14.30
0111111111100000001 3038 776363016476530 111111110000000111 776663016476530 16.99 16.68 11.70
0111111111100000001 3038 776363016476530 111111110000000111 776763016476530 16.99 16.68 11.70
0111111111100000001 3038 776363016476530 111111111100000001 776303016476530 16.99 14.59 9.00
0111111111100000001 3038 776363016476530 111111111100000001 776313016476530 16.99 14.59 9.00
0111111111100000001 3038 776363016476530 111111111100000001 776323016476530 16.99 14.59 9.00
0111111111100000001 3038 776363016476530 111111111100000001 776333016476530 16.99 14.59 9.00
0111111111100000001 3038 776363016476530 111111111100000001 776343016476530 16.99 14.59 9.00
0111111111100000001 3038 776363016476530 111111111100000001 776353016476530 16.99 14.59 9.00
0111111111100000001 3038 776363016476530 111111111100000001 776373016476530 16.99 14.59 9.00
0111111111100000001 3038 776363016476530 111111111000000001 776360016476530 16.99 14.59 11.70
0111111111100000001 3038 776363016476530 111111111000000001 776361016476530 16.99 14.59 11.70
0111111111100000001 3038 776363016476530 111111111000000001 776362016476530 16.99 14.59 11.70
0111111111100000001 3038 776363016476530 111111111100000001 776364016476530 16.99 14.59 9.00
0111111111100000001 3038 776363016476530 111111111110000000 776365016476530 16.99 12.51 9.00
0111111111100000001 3038 776363016476530 111111111111000000 776366016476530 16.99 12.51 9.00
0111111111100000001 3038 776363016476530 111111111111100000 776367016476530 16.99 12.51 11.70
0111111111100000001 3038 776363016476530 111111111111100000 776363116476530 16.99 12.51 11.70
0111111111100000001 3038 776363016476530 111111111111111110 776363216476530 16.99 10.42 9.00
0111111111100000001 3038 776363016476530 111111111111111111 776363316476530 16.99 4.17 6.40
0111111111100000001 3038 776363016476530 111111111111111111 776363416476530 16.99 4.17 6.40
0111111111100000001 3038 776363016476530 111111111111111111 776363516476530 16.99 4.17 6.40
0111111111100000001 3038 776363016476530 111111111111111111 776363616476530 16.99 4.17 6.40
0111111111100000001 3038 776363016476530 111111111111111111 776363716476530 16.99 4.17 6.40
0111111111100000001 3038 776363016476530 111111111100000001 776363006476530 16.99 14.59 9.00
0111111111100000001 3038 776363016476530 111111111100000001 776363026476530 16.99 14.59 9.00
0111111111100000001 3038 776363016476530 111111111100000001 776363036476530 16.99 14.59 9.00
0111111111100000001 3038 776363016476530 111111111100000001 776363046476530 16.99 14.59 9.00
0111111111100000001 3038 776363016476530 111111111100000001 776363056476530 16.99 14.59 9.00
0111111111100000001 3038 776363016476530 111111111100000001 776363066476530 16.99 14.59 9.00
0111111111100000001 3038 776363016476530 111111111100000001 776363076476530 16.99 14.59 9.00
0111111111100000001 3038 776363016476530 111111111111111111 776363010476530 16.99 4.17 6.40
0111111111100000001 3038 776363016476530 111111111111111111 776363011476530 16.99 4.17 6.40
0111111111100000001 3038 776363016476530 111111111111111111 776363012476530 16.99 4.17 6.40
0111111111100000001 3038 776363016476530 111111111111111000 776363013476530 16.99 12.51 11.70
0111111111100000001 3038 776363016476530 111111111111100000 776363014476530 16.99 12.51 11.70
0111111111100000001 3038 776363016476530 111111111110000000 776363015476530 16.99 12.51 9.00
0111111111100000001 3038 776363016476530 111111111000000011 776363017476530 16.99 16.68 9.00
0111111111100000001 3038 776363016476530 111111111111111111 776363016076530 16.99 4.17 6.40
0111111111100000001 3038 776363016476530 111111111111111110 776363016176530 16.99 10.42 9.00
0111111111100000001 3038 776363016476530 111111111111100000 776363016276530 16.99 12.51 11.70
0111111111100000001 3038 776363016476530 111111111110000000 776363016376530 16.99 12.51 9.00
0111111111100000001 3038 776363016476530 111111111000000011 776363016576530 16.99 16.68 9.00
0111111111100000001 3038 776363016476530 111111111000000011 776363016676530 16.99 16.68 9.00
0111111111100000001 3038 776363016476530 111111110000000011 776363016776530 16.99 16.68 14.30
0111111111100000001 3038 776363016476530 111111000000000001 776363016406530 16.99 14.59 14.30
0111111111100000001 3038 776363016476530 111111000000000011 776363016416530 16.99 16.68 14.30
0111111111100000001 3038 776363016476530 111111100000000011 776363016426530 16.99 16.68 14.30
0111111111100000001 3038 776363016476530 111111100000000111 776363016436530 16.99 16.68 14.30
0111111111100000001 3038 776363016476530 111111110000000011 776363016446530 16.99 16.68 14.30
0111111111100000001 3038 776363016476530 111111110000000011 776363016456530 16.99 16.68 14.30
0111111111100000001 3038 776363016476530 111111111000000011 776363016466530 16.99 16.68 9.00
0111111111100000001 3038 776363016476530 111111111111111111 776363016470530 16.99 4.17 6.40
0111111111100000001 3038 776363016476530 111111111111111111 776363016471530 16.99 4.17 6.40
0111111111100000001 3038 776363016476530 111111111111111111 776363016472530 16.99 4.17 6.40
0111111111100000001 3038 776363016476530 111111111111110000 776363016473530 16.99 12.51 11.70
0111111111100000001 3038 776363016476530 111111111111000000 776363016474530 16.99 12.51 9.00
0111111111100000001 3038 776363016476530 111111111110000000 776363016475530 16.99 12.51 9.00
0111111111100000001 3038 776363016476530 111111111000000111 776363016477530 16.99 16.68 11.70
0111111111100000001 3038 776363016476530 111111111100000000 776363016476030 16.99 12.51 6.40
0111111111100000001 3038 776363016476530 111111111100000000 776363016476130 16.99 12.51 6.40
0111111111100000001 3038 776363016476530 111111111100000000 776363016476230 16.99 12.51 6.40
0111111111100000001 3038 776363016476530 111111111100000001 776363016476330 16.99 14.59 9.00
0111111111100000001 3038 776363016476530 111111111100000001 776363016476430 16.99 14.59 9.00
0111111111100000001 3038 776363016476530 111111111100000001 776363016476630 16.99 14.59 9.00
0111111111100000001 3038 776363016476530 111111111100000001 776363016476730 16.99 14.59 9.00
0111111111100000001 3038 776363016476530 111111110000000000 776363016476500 16.99 12.51 11.70
0111111111100000001 3038 776363016476530 111111110000000011 776363016476510 16.99 16.68 14.30
0111111111100000001 3038 776363016476530 111111111000000011 776363016476520 16.99 16.68 9.00
0111111111100000001 3038 776363016476530 111111111110000000 776363016476540 16.99 12.51 9.00
0111111111100000001 3038 776363016476530 111111111111000000 776363016476550 16.99 12.51 9.00
0111111111100000001 3038 776363016476530 111111111111100000 776363016476560 16.99 12.51 11.70
0111111111100000001 3038 776363016476530 111111111111110000 776363016476570 16.99 12.51 11.70
0111111111100000001 3038 776363016476530 111111000000001111 776363016476531 16.99 16.68 14.30
0111111111100000001 3038 776363016476530 111110000000111111 776363016476532 16.99 16.68 9.00
0111111111100000001 3038 776363016476530 111100000000111111 776363016476533 16.99 16.68 11.70
0111111111100000001 3038 776363016476530 111100000001111111 776363016476534 16.99 16.68 11.70
0111111111100000001 3038 776363016476530 111000000001111111 776363016476535 16.99 16.68 11.70
0111111111100000001 3038 776363016476530 111000000001111111 776363016476536 16.99 16.68 11.70
0111111111100000001 3038 776363016476530 111000000011111111 776363016476537 16.99 16.68 11.70
0111111111100000001 3669 061406174737240 111111111000000001 161406174737240 16.99 14.59 11.70
0111111111100000001 3669 061406174737240 111111111000000001 261406174737240 16.99 14.59 11.70
0111111111100000001 3669 061406174737240 111111110000000001 361406174737240 16.99 14.59 14.30
0111111111100000001 3669 061406174737240 111111110000000001 461406174737240 16.99 14.59 14.30
0111111111100000001 3669 061406174737240 111111110000000001 561406174737240 16.99 14.59 14.30
0111111111100000001 3669 061406174737240 111111110000000000 661406174737240 16.99 12.51 11.70
0111111111100000001 3669 061406174737240 111111110000000000 761406174737240 16.99 12.51 11.70
0111111111100000001 3669 061406174737240 111111110000000011 001406174737240 16.99 16.68 14.30
0111111111100000001 3669 061406174737240 111111110000000011 011406174737240 16.99 16.68 14.30
0111111111100000001 3669 061406174737240 111111111000000011 021406174737240 16.99 16.68 9.00
0111111111100000001 3669 061406174737240 111111111000000011 031406174737240 16.99 16.68 9.00
0111111111100000001 3669 061406174737240 111111111000000001 041406174737240 16.99 14.59 11.70
0111111111100000001 3669 061406174737240 111111111100000001 051406174737240 16.99 14.59 9.00
0111111111100000001 3669 061406174737240 111111111100000000 071406174737240 16.99 12.51 6.40
0111111111100000001 3669 061406174737240 111111111000000001 060406174737240 16.99 14.59 11.70
0111111111100000001 3669 061406174737240 111111111110000000 062406174737240 16.99 12.51 9.00
0111111111100000001 3669 061406174737240 111111111110000000 063406174737240 16.99 12.51 9.00
0111111111100000001 3669 061406174737240 111111111110000000 064406174737240 16.99 12.51 9.00
0111111111100000001 3669 061406174737240 111111111110000000 065406174737240 16.99 12.51 9.00
0111111111100000001 3669 061406174737240 111111111110000000 066406174737240 16.99 12.51 9.00
0111111111100000001 3669 061406174737240 111111111111000000 067406174737240 16.99 12.51 9.00
0111111111100000001 3669 061406174737240 111111111111111111 061006174737240 16.99 4.17 6.40
0111111111100000001 3669 061406174737240 111111111111110000 061106174737240 16.99 12.51 11.70
0111111111100000001 3669 061406174737240 111111111111000000 061206174737240 16.99 12.51 9.00
0111111111100000001 3669 061406174737240 111111111110000000 061306174737240 16.99 12.51 9.00
0111111111100000001 3669 061406174737240 111111111100000001 061506174737240 16.99 14.59 9.00
0111111111100000001 3669 061406174737240 111111111000000001 061606174737240 16.99 14.59 11.70
0111111111100000001 3669 061406174737240 111111111000000001 061706174737240 16.99 14.59 11.70
0111111111100000001 3669 061406174737240 111111111100000001 061416174737240 16.99 14.59 9.00
0111111111100000001 3669 061406174737240 111111111100000001 061426174737240 16.99 14.59 9.00
0111111111100000001 3669 061406174737240 111111111100000001 061436174737240 16.99 14.59 9.00
0111111111100000001 3669 061406174737240 111111111100000001 061446174737240 16.99 14.59 9.00
0111111111100000001 3669 061406174737240 111111111100000001 061456174737240 16.99 14.59 9.00
0111111111100000001 3669 061406174737240 111111111100000001 061466174737240 16.99 14.59 9.00
0111111111100000001 3669 061406174737240 111111111100000001 061476174737240 16.99 14.59 9.00
0111111111100000001 3669 061406174737240 111111111100000000 061400174737240 16.99 12.51 6.40
0111111111100000001 3669 061406174737240 111111111100000001 061401174737240 16.99 14.59 9.00
0111111111100000001 3669 061406174737240 111111111100000001 061402174737240 16.99 14.59 9.00
0111111111100000001 3669 061406174737240 111111111100000001 061403174737240 16.99 14.59 9.00
0111111111100000001 3669 061406174737240 111111111100000001 061404174737240 16.99 14.59 9.00
0111111111100000001 3669 061406174737240 111111111100000001 061405174737240 16.99 14.59 9.00
0111111111100000001 3669 061406174737240 111111111100000000 061407174737240 16.99 12.51 6.40
0111111111100000001 3669 061406174737240 111111111000000000 061406074737240 16.99 12.51 9.00
0111111111100000001 3669 061406174737240 111111111111000000 061406274737240 16.99 12.51 9.00
0111111111100000001 3669 061406174737240 111111111111110000 061406374737240 16.99 12.51 11.70
0111111111100000001 3669 061406174737240 111111111111111110 061406474737240 16.99 10.42 9.00
0111111111100000001 3669 061406174737240 111111111111111111 061406574737240 16.99 4.17 6.40
0111111111100000001 3669 061406174737240 111111111111111111 061406674737240 16.99 4.17 6.40
0111111111100000001 3669 061406174737240 111111111111111111 061406774737240 16.99 4.17 6.40
0111111111100000001 3669 061406174737240 111111111100000001 061406104737240 16.99 14.59 9.00
0111111111100000001 3669 061406174737240 111111111100000001 061406114737240 16.99 14.59 9.00
0111111111100000001 3669 061406174737240 111111111100000001 061406124737240 16.99 14.59 9.00
0111111111100000001 3669 061406174737240 111111111100000001 061406134737240 16.99 14.59 9.00
0111111111100000001 3669 061406174737240 111111111100000001 061406144737240 16.99 14.59 9.00
0111111111100000001 3669 061406174737240 111111111100000001 061406154737240 16.99 14.59 9.00
0111111111100000001 3669 061406174737240 111111111100000001 061406164737240 16.99 14.59 9.00
0111111111100000001 3669 061406174737240 111111111111111111 061406170737240 16.99 4.17 6.40
0111111111100000001 3669 061406174737240 111111111111111111 061406171737240 16.99 4.17 6.40
0111111111100000001 3669 061406174737240 111111111111110000 061406172737240 16.99 12.51 11.70
0111111111100000001 3669 061406174737240 111111111111000000 061406173737240 16.99 12.51 9.00
0111111111100000001 3669 061406174737240 111111111000000011 061406175737240 16.99 16.68 9.00
0111111111100000001 3669 061406174737240 111111110000000011 061406176737240 16.99 16.68 14.30
0111111111100000001 3669 061406174737240 111111100000000111 061406177737240 16.99 16.68 14.30
0111111111100000001 3669 061406174737240 111111111111111111 061406174037240 16.99 4.17 6.40
0111111111100000001 3669 061406174737240 111111111111111111 061406174137240 16.99 4.17 6.40
0111111111100000001 3669 061406174737240 111111111111111111 061406174237240 16.99 4.17 6.40
0111111111100000001 3669 061406174737240 111111111111111000 061406174337240 16.99 12.51 11.70
0111111111100000001 3669 061406174737240 111111111111100000 061406174437240 16.99 12.51 11.70
0111111111100000001 3669 061406174737240 111111111111000000 061406174537240 16.99 12.51 9.00
0111111111100000001 3669 061406174737240 111111111110000000 061406174637240 16.99 12.51 9.00
0111111111100000001 3669 061406174737240 111111110000000000 061406174707240 16.99 12.51 11.70
0111111111100000001 3669 061406174737240 111111110000000000 061406174717240 16.99 12.51 11.70
0111111111100000001 3669 061406174737240 111111111000000001 061406174727240 16.99 14.59 11.70
0111111111100000001 3669 061406174737240 111111111110000000 061406174747240 16.99 12.51 9.00
0111111111100000001 3669 061406174737240 111111111111000000 061406174757240 16.99 12.51 9.00
0111111111100000001 3669 061406174737240 111111111111110000 061406174767240 16.99 12.51 11.70
0111111111100000001 3669 061406174737240 111111111111111000 061406174777240 16.99 12.51 11.70
0111111111100000001 3669 061406174737240 111111111111111111 061406174730240 16.99 4.17 6.40
0111111111100000001 3669 061406174737240 111111111111111111 061406174731240 16.99 4.17 6.40
0111111111100000001 3669 061406174737240 111111111111111111 061406174732240 16.99 4.17 6.40
0111111111100000001 3669 061406174737240 111111111111111100 061406174733240 16.99 12.51 11.70
0111111111100000001 3669 061406174737240 111111111111100000 061406174734240 16.99 12.51 11.70
0111111111100000001 3669 061406174737240 111111111111000000 061406174735240 16.99 12.51 9.00
0111111111100000001 3669 061406174737240 111111111110000000 061406174736240 16.99 12.51 9.00
0111111111100000001 3669 061406174737240 111111111100000000 061406174737040 16.99 12.51 6.40
0111111111100000001 3669 061406174737240 111111111100000000 061406174737140 16.99 12.51 6.40
0111111111100000001 3669 061406174737240 111111111100000001 061406174737340 16.99 14.59 9.00
0111111111100000001 3669 061406174737240 111111111100000001 061406174737440 16.99 14.59 9.00
0111111111100000001 3669 061406174737240 111111111100000011 061406174737540 16.99 16.68 11.70
0111111111100000001 3669 061406174737240 111111111100000011 061406174737640 16.99 16.68 11.70
0111111111100000001 3669 061406174737240 111111111100000011 061406174737740 16.99 16.68 11.70
0111111111100000001 3669 061406174737240 111111100000000011 061406174737200 16.99 16.68 14.30
0111111111100000001 3669 061406174737240 111111100000000111 061406174737210 16.99 16.68 14.30
0111111111100000001 3669 061406174737240 111111110000000011 061406174737220 16.99 16.68 14.30
0111111111100000001 3669 061406174737240 111111111000000001 061406174737230 16.99 14.59 11.70
0111111111100000001 3669 061406174737240 111111111110000000 061406174737250 16.99 12.51 9.00
0111111111100000001 3669 061406174737240 111111111111000000 061406174737260 16.99 12.51 9.00
0111111111100000001 3669 061406174737240 111111111111100000 061406174737270 16.99 12.51 11.70
0111111111100000001 3669 061406174737240 111111000000001111 061406174737241 16.99 16.68 14.30
0111111111100000001 3669 061406174737240 111110000000011111 061406174737242 16.99 16.68 11.70
0111111111100000001 3669 061406174737240 111100000000111111 061406174737243 16.99 16.68 11.70
0111111111100000001 3669 061406174737240 111100000000111111 061406174737244 16.99 16.68 11.70
0111111111100000001 3669 061406174737240 111000000000111111 061406174737245 16.99 16.68 11.70
0111111111100000001 3669 061406174737240 111000000001111111 061406174737246 16.99 16.68 11.70
0111111111100000001 3669 061406174737240 111000000001111111 061406174737247 16.99 16.68 11.70
0111111111100000001 3746 047003516356457 111111111000000001 147003516356457 16.99 14.59 11.70
0111111111100000001 3746 047003516356457 111111111000000001 247003516356457 16.99 14.59 11.70
0111111111100000001 3746 047003516356457 111111111000000001 347003516356457 16.99 14.59 11.70
0111111111100000001 3746 047003516356457 111111111000000001 447003516356457 16.99 14.59 11.70
0111111111100000001 3746 047003516356457 111111111000000001 547003516356457 16.99 14.59 11.70
0111111111100000001 3746 047003516356457 111111111000000001 647003516356457 16.99 14.59 11.70
0111111111100000001 3746 047003516356457 111111111000000001 747003516356457 16.99 14.59 11.70
0111111111100000001 3746 047003516356457 111111110000000111 007003516356457 16.99 16.68 11.70
0111111111100000001 3746 047003516356457 111111110000000011 017003516356457 16.99 16.68 14.30
0111111111100000001 3746 047003516356457 111111111000000011 027003516356457 16.99 16.68 9.00
0111111111100000001 3746 047003516356457 111111111000000001 037003516356457 16.99 14.59 11.70
0111111111100000001 3746 047003516356457 111111111100000000 057003516356457 16.99 12.51 6.40
0111111111100000001 3746 047003516356457 111111111100000000 067003516356457 16.99 12.51 6.40
0111111111100000001 3746 047003516356457 111111111110000000 077003516356457 16.99 12.51 9.00
0111111111100000001 3746 047003516356457 111111111000000001 040003516356457 16.99 14.59 11.70
0111111111100000001 3746 047003516356457 111111111000000001 041003516356457 16.99 14.59 11.70
0111111111100000001 3746 047003516356457 111111111000000001 042003516356457 16.99 14.59 11.70
0111111111100000001 3746 047003516356457 111111111000000001 043003516356457 16.99 14.59 11.70
0111111111100000001 3746 047003516356457 111111111000000001 044003516356457 16.99 14.59 11.70
0111111111100000001 3746 047003516356457 111111111000000001 045003516356457 16.99 14.59 11.70
0111111111100000001 3746 047003516356457 111111111100000001 046003516356457 16.99 14.59 9.00
0111111111100000001 3746 047003516356457 111111111000000011 047103516356457 16.99 16.68 9.00
0111111111100000001 3746 047003516356457 111111110000000011 047203516356457 16.99 16.68 14.30
0111111111100000001 3746 047003516356457 111111110000000011 047303516356457 16.99 16.68 14.30
0111111111100000001 3746 047003516356457 111111110000000111 047403516356457 16.99 16.68 11.70
0111111111100000001 3746 047003516356457 111111110000000111 047503516356457 16.99 16.68 11.70
0111111111100000001 3746 047003516356457 111111110000000111 047603516356457 16.99 16.68 11.70
0111111111100000001 3746 047003516356457 111111110000000111 047703516356457 16.99 16.68 11.70
0111111111100000001 3746 047003516356457 111111111000000001 047013516356457 16.99 14.59 11.70
0111111111100000001 3746 047003516356457 111111111000000001 047023516356457 16.99 14.59 11.70
0111111111100000001 3746 047003516356457 111111111000000001 047033516356457 16.99 14.59 11.70
0111111111100000001 3746 047003516356457 111111111000000001 047043516356457 16.99 14.59 11.70
0111111111100000001 3746 047003516356457 111111111000000001 047053516356457 16.99 14.59 11.70
0111111111100000001 3746 047003516356457 111111111000000000 047063516356457 16.99 12.51 9.00
0111111111100000001 3746 047003516356457 111111111000000000 047073516356457 16.99 12.51 9.00
0111111111100000001 3746 047003516356457 111111111100000000 047000516356457 16.99 12.51 6.40
0111111111100000001 3746 047003516356457 111111111100000000 047001516356457 16.99 12.51 6.40
0111111111100000001 3746 047003516356457 111111111100000000 047002516356457 16.99 12.51 6.40
0111111111100000001 3746 047003516356457 111111111100000001 047004516356457 16.99 14.59 9.00
0111111111100000001 3746 047003516356457 111111111100000001 047005516356457 16.99 14.59 9.00
0111111111100000001 3746 047003516356457 111111111100000001 047006516356457 16.99 14.59 9.00
0111111111100000001 3746 047003516356457 111111111100000001 047007516356457 16.99 14.59 9.00
0111111111100000001 3746 047003516356457 111110000001111111 047003016356457 16.99 16.68 14.30
0111111111100000001 3746 047003516356457 111111000000111111 047003116356457 16.99 16.68 14.30
0111111111100000001 3746 047003516356457 111111100000001111 047003216356457 16.99 16.68 11.70
0111111111100000001 3746 047003516356457 111111110000000111 047003316356457 16.99 16.68 11.70
0111111111100000001 3746 047003516356457 111111111000000011 047003416356457 16.99 16.68 9.00
0111111111100000001 3746 047003516356457 111111111100000000 047003616356457 16.99 12.51 6.40
0111111111100000001 3746 047003516356457 111111111110000000 047003716356457 16.99 12.51 9.00
0111111111100000001 3746 047003516356457 111111111100000001 047003506356457 16.99 14.59 9.00
0111111111100000001 3746 047003516356457 111111111100000001 047003526356457 16.99 14.59 9.00
0111111111100000001 3746 047003516356457 111111111100000001 047003536356457 16.99 14.59 9.00
0111111111100000001 3746 047003516356457 111111111100000001 047003546356457 16.99 14.59 9.00
0111111111100000001 3746 047003516356457 111111111100000001 047003556356457 16.99 14.59 9.00
0111111111100000001 3746 047003516356457 111111111100000001 047003566356457 16.99 14.59 9.00
0111111111100000001 3746 047003516356457 111111111100000001 047003576356457 16.99 14.59 9.00
0111111111100000001 3746 047003516356457 111111111111111111 047003510356457 16.99 4.17 6.40
0111111111100000001 3746 047003516356457 111111111111111111 047003511356457 16.99 4.17 6.40
0111111111100000001 3746 047003516356457 111111111111111111 047003512356457 16.99 4.17 6.40
0111111111100000001 3746 047003516356457 111111111111111000 047003513356457 16.99 12.51 11.70
0111111111100000001 3746 047003516356457 111111111111100000 047003514356457 16.99 12.51 11.70
0111111111100000001 3746 047003516356457 111111111110000000 047003515356457 16.99 12.51 9.00
0111111111100000001 3746 047003516356457 111111111000000011 047003517356457 16.99 16.68 9.00
0111111111100000001 3746 047003516356457 111111111111111111 047003516056457 16.99 4.17 6.40
0111111111100000001 3746 047003516356457 111111111111111000 047003516156457 16.99 12.51 11.70
0111111111100000001 3746 047003516356457 111111111111000000 047003516256457 16.99 12.51 9.00
0111111111100000001 3746 047003516356457 111111110000000011 047003516456457 16.99 16.68 14.30
0111111111100000001 3746 047003516356457 111111110000000111 047003516556457 16.99 16.68 11.70
0111111111100000001 3746 047003516356457 111111100000001111 047003516656457 16.99 16.68 11.70
0111111111100000001 3746 047003516356457 111111100000011111 047003516756457 16.99 16.68 14.30
0111111111100000001 3746 047003516356457 111111000000000011 047003516306457 16.99 16.68 14.30
0111111111100000001 3746 047003516356457 111111100000000111 047003516316457 16.99 16.68 14.30
0111111111100000001 3746 047003516356457 111111100000000111 047003516326457 16.99 16.68 14.30
0111111111100000001 3746 047003516356457 111111110000000011 047003516336457 16.99 16.68 14.30
0111111111100000001 3746 047003516356457 111111111000000011 047003516346457 16.99 16.68 9.00
0111111111100000001 3746 047003516356457 111111111110000000 047003516366457 16.99 12.51 9.00
0111111111100000001 3746 047003516356457 111111111111000000 047003516376457 16.99 12.51 9.00
0111111111100000001 3746 047003516356457 111111111111111111 047003516350457 16.99 4.17 6.40
0111111111100000001 3746 047003516356457 111111111111111111 047003516351457 16.99 4.17 6.40
0111111111100000001 3746 047003516356457 111111111111111110 047003516352457 16.99 10.42 9.00
0111111111100000001 3746 047003516356457 111111111111110000 047003516353457 16.99 12.51 11.70
0111111111100000001 3746 047003516356457 111111111111000000 047003516354457 16.99 12.51 9.00
0111111111100000001 3746 047003516356457 111111111110000000 047003516355457 16.99 12.51 9.00
0111111111100000001 3746 047003516356457 111111111000000011 047003516357457 16.99 16.68 9.00
0111111111100000001 3746 047003516356457 111111111100000000 047003516356057 16.99 12.51 6.40
0111111111100000001 3746 047003516356457 111111111100000000 047003516356157 16.99 12.51 6.40
0111111111100000001 3746 047003516356457 111111111100000000 047003516356257 16.99 12.51 6.40
0111111111100000001 3746 047003516356457 111111111100000000 047003516356357 16.99 12.51 6.40
0111111111100000001 3746 047003516356457 111111111100000001 047003516356557 16.99 14.59 9.00
0111111111100000001 3746 047003516356457 111111111100000001 047003516356657 16.99 14.59 9.00
0111111111100000001 3746 047003516356457 111111111100000011 047003516356757 16.99 16.68 11.70
0111111111100000001 3746 047003516356457 111110000000111111 047003516356407 16.99 16.68 9.00
0111111111100000001 3746 047003516356457 111111000000011111 047003516356417 16.99 16.68 11.70
0111111111100000001 3746 047003516356457 111111100000001111 047003516356427 16.99 16.68 11.70
0111111111100000001 3746 047003516356457 111111110000000111 047003516356437 16.99 16.68 11.70
0111111111100000001 3746 047003516356457 111111111000000011 047003516356447 16.99 16.68 9.00
0111111111100000001 3746 047003516356457 111111111100000000 047003516356467 16.99 12.51 6.40
0111111111100000001 3746 047003516356457 111111111110000000 047003516356477 16.99 12.51 9.00
0111111111100000001 3746 047003516356457 111111111111111111 047003516356450 16.99 4.17 6.40
0111111111100000001 3746 047003516356457 111111111111111111 047003516356451 16.99 4.17 6.40
0111111111100000001 3746 047003516356457 111111111111111111 047003516356452 16.99 4.17 6.40
0111111111100000001 3746 047003516356457 111111111111111110 047003516356453 16.99 10.42 9.00
0111111111100000001 3746 047003516356457 111111111111110000 047003516356454 16.99 12.51 11.70
0111111111100000001 3746 047003516356457 111111111111000000 047003516356455 16.99 12.51 9.00
0111111111100000001 3746 047003516356457 111111111110000000 047003516356456 16.99 12.51 9.00
0111111111100000001 4078 254305352747274 111111111100000000 054305352747274 16.99 12.51 6.40
0111111111100000001 4078 254305352747274 111111111100000001 154305352747274 16.99 14.59 9.00
0111111111100000001 4078 254305352747274 111111111000000001 354305352747274 16.99 14.59 11.70
0111111111100000001 4078 254305352747274 111111111000000011 454305352747274 16.99 16.68 9.00
0111111111100000001 4078 254305352747274 111111111000000011 554305352747274 16.99 16.68 9.00
0111111111100000001 4078 254305352747274 111111111000000011 654305352747274 16.99 16.68 9.00
0111111111100000001 4078 254305352747274 111111111000000011 754305352747274 16.99 16.68 9.00
0111111111100000001 4078 254305352747274 111111110000000011 204305352747274 16.99 16.68 14.30
0111111111100000001 4078 254305352747274 111111111000000011 214305352747274 16.99 16.68 9.00
0111111111100000001 4078 254305352747274 111111111000000011 224305352747274 16.99 16.68 9.00
0111111111100000001 4078 254305352747274 111111111000000011 234305352747274 16.99 16.68 9.00
0111111111100000001 4078 254305352747274 111111111000000011 244305352747274 16.99 16.68 9.00
0111111111100000001 4078 254305352747274 111111111100000001 264305352747274 16.99 14.59 9.00
0111111111100000001 4078 254305352747274 111111111100000001 274305352747274 16.99 14.59 9.00
0111111111100000001 4078 254305352747274 111111110000000011 250305352747274 16.99 16.68 14.30
0111111111100000001 4078 254305352747274 111111111000000011 251305352747274 16.99 16.68 9.00
0111111111100000001 4078 254305352747274 111111111000000001 252305352747274 16.99 14.59 11.70
0111111111100000001 4078 254305352747274 111111111000000001 253305352747274 16.99 14.59 11.70
0111111111100000001 4078 254305352747274 111111111100000001 255305352747274 16.99 14.59 9.00
0111111111100000001 4078 254305352747274 111111111100000001 256305352747274 16.99 14.59 9.00
0111111111100000001 4078 254305352747274 111111111100000001 257305352747274 16.99 14.59 9.00
0111111111100000001 4078 254305352747274 111111111111100000 254005352747274 16.99 12.51 11.70
0111111111100000001 4078 254305352747274 111111111110000000 254105352747274 16.99 12.51 9.00
0111111111100000001 4078 254305352747274 111111111100000001 254205352747274 16.99 14.59 9.00
0111111111100000001 4078 254305352747274 111111111000000011 254405352747274 16.99 16.68 9.00
0111111111100000001 4078 254305352747274 111111111000000011 254505352747274 16.99 16.68 9.00
0111111111100000001 4078 254305352747274 111111111000000011 254605352747274 16.99 16.68 9.00
0111111111100000001 4078 254305352747274 111111111000000011 254705352747274 16.99 16.68 9.00
0111111111100000001 4078 254305352747274 111111111000000001 254315352747274 16.99 14.59 11.70
0111111111100000001 4078 254305352747274 111111111000000001 254325352747274 16.99 14.59 11.70
0111111111100000001 4078 254305352747274 111111111000000001 254335352747274 16.99 14.59 11.70
0111111111100000001 4078 254305352747274 111111111000000000 254345352747274 16.99 12.51 9.00
0111111111100000001 4078 254305352747274 111111111000000000 254355352747274 16.99 12.51 9.00
0111111111100000001 4078 254305352747274 111111111000000000 254365352747274 16.99 12.51 9.00
0111111111100000001 4078 254305352747274 111111111000000000 254375352747274 16.99 12.51 9.00
0111111111100000001 4078 254305352747274 111111111100000000 254300352747274 16.99 12.51 6.40
0111111111100000001 4078 254305352747274 111111111100000001 254301352747274 16.99 14.59 9.00
0111111111100000001 4078 254305352747274 111111111000000001 254302352747274 16.99 14.59 11.70
0111111111100000001 4078 254305352747274 111111111100000001 254303352747274 16.99 14.59 9.00
0111111111100000001 4078 254305352747274 111111111100000001 254304352747274 16.99 14.59 9.00
0111111111100000001 4078 254305352747274 111111111100000001 254306352747274 16.99 14.59 9.00
0111111111100000001 4078 254305352747274 111111111100000001 254307352747274 16.99 14.59 9.00
0111111111100000001 4078 254305352747274 111110000000011111 254305052747274 16.99 16.68 11.70
0111111111100000001 4078 254305352747274 111111100000011111 254305152747274 16.99 16.68 14.30
0111111111100000001 4078 254305352747274 111111110000000111 254305252747274 16.99 16.68 11.70
0111111111100000001 4078 254305352747274 111111111110000000 254305452747274 16.99 12.51 9.00
0111111111100000001 4078 254305352747274 111111111111100000 254305552747274 16.99 12.51 11.70
0111111111100000001 4078 254305352747274 111111111111110000 254305652747274 16.99 12.51 11.70
0111111111100000001 4078 254305352747274 111111111111111100 254305752747274 16.99 12.51 11.70
0111111111100000001 4078 254305352747274 111111111100000001 254305302747274 16.99 14.59 9.00
0111111111100000001 4078 254305352747274 111111111100000001 254305312747274 16.99 14.59 9.00
0111111111100000001 4078 254305352747274 111111111100000001 254305322747274 16.99 14.59 9.00
0111111111100000001 4078 254305352747274 111111111100000001 254305332747274 16.99 14.59 9.00
0111111111100000001 4078 254305352747274 111111111100000001 254305342747274 16.99 14.59 9.00
0111111111100000001 4078 254305352747274 111111111100000001 254305362747274 16.99 14.59 9.00
0111111111100000001 4078 254305352747274 111111111100000001 254305372747274 16.99 14.59 9.00
0111111111100000001 4078 254305352747274 111111111111111111 254305350747274 16.99 4.17 6.40
0111111111100000001 4078 254305352747274 111111111111100000 254305351747274 16.99 12.51 11.70
0111111111100000001 4078 254305352747274 111111110000000111 254305353747274 16.99 16.68 11.70
0111111111100000001 4078 254305352747274 111111100000001111 254305354747274 16.99 16.68 11.70
0111111111100000001 4078 254305352747274 111111000000011111 254305355747274 16.99 16.68 11.70
0111111111100000001 4078 254305352747274 111110000000011111 254305356747274 16.99 16.68 11.70
0111111111100000001 4078 254305352747274 111110000000111111 254305357747274 16.99 16.68 9.00
0111111111100000001 4078 254305352747274 111111111111111111 254305352047274 16.99 4.17 6.40
0111111111100000001 4078 254305352747274 111111111111111111 254305352147274 16.99 4.17 6.40
0111111111100000001 4078 254305352747274 111111111111111111 254305352247274 16.99 4.17 6.40
0111111111100000001 4078 254305352747274 111111111111111100 254305352347274 16.99 12.51 11.70
0111111111100000001 4078 254305352747274 111111111111100000 254305352447274 16.99 12.51 11.70
0111111111100000001 4078 254305352747274 111111111111000000 254305352547274 16.99 12.51 9.00
0111111111100000001 4078 254305352747274 111111111100000000 254305352647274 16.99 12.51 6.40
0111111111100000001 4078 254305352747274 111111100000000000 254305352707274 16.99 12.51 11.70
0111111111100000001 4078 254305352747274 111111100000000011 254305352717274 16.99 16.68 14.30
0111111111100000001 4078 254305352747274 111111110000000011 254305352727274 16.99 16.68 14.30
0111111111100000001 4078 254305352747274 111111111000000011 254305352737274 16.99 16.68 9.00
0111111111100000001 4078 254305352747274 111111111100000001 254305352757274 16.99 14.59 9.00
0111111111100000001 4078 254305352747274 111111111111000000 254305352767274 16.99 12.51 9.00
0111111111100000001 4078 254305352747274 111111111111100000 254305352777274 16.99 12.51 11.70
0111111111100000001 4078 254305352747274 111111111111111111 254305352740274 16.99 4.17 6.40
0111111111100000001 4078 254305352747274 111111111111111111 254305352741274 16.99 4.17 6.40
0111111111100000001 4078 254305352747274 111111111111111111 254305352742274 16.99 4.17 6.40
0111111111100000001 4078 254305352747274 111111111111111100 254305352743274 16.99 12.51 11.70
0111111111100000001 4078 254305352747274 111111111111110000 254305352744274 16.99 12.51 11.70
0111111111100000001 4078 254305352747274 111111111111000000 254305352745274 16.99 12.51 9.00
0111111111100000001 4078 254305352747274 111111111110000000 254305352746274 16.99 12.51 9.00
0111111111100000001 4078 254305352747274 111111111100000000 254305352747074 16.99 12.51 6.40
0111111111100000001 4078 254305352747274 111111111100000001 254305352747174 16.99 14.59 9.00
0111111111100000001 4078 254305352747274 111111111100000011 254305352747374 16.99 16.68 11.70
0111111111100000001 4078 254305352747274 111111111100000011 254305352747474 16.99 16.68 11.70
0111111111100000001 4078 254305352747274 111111111100000011 254305352747574 16.99 16.68 11.70
0111111111100000001 4078 254305352747274 111111111100000111 254305352747674 16.99 16.68 14.30
0111111111100000001 4078 254305352747274 111111111100000111 254305352747774 16.99 16.68 14.30
0111111111100000001 4078 254305352747274 111100000000111111 254305352747204 16.99 16.68 11.70
0111111111100000001 4078 254305352747274 111110000000111111 254305352747214 16.99 16.68 9.00
0111111111100000001 4078 254305352747274 111111000000011111 254305352747224 16.99 16.68 11.70
0111111111100000001 4078 254305352747274 111111000000001111 254305352747234 16.99 16.68 14.30
0111111111100000001 4078 254305352747274 111111100000001111 254305352747244 16.99 16.68 11.70
0111111111100000001 4078 254305352747274 111111110000000111 254305352747254 16.99 16.68 11.70
0111111111100000001 4078 254305352747274 111111111000000011 254305352747264 16.99 16.68 9.00
0111111111100000001 4078 254305352747274 111111111111111111 254305352747270 16.99 4.17 6.40
0111111111100000001 4078 254305352747274 111111111111111111 254305352747271 16.99 4.17 6.40
0111111111100000001 4078 254305352747274 111111111111110000 254305352747272 16.99 12.51 11.70
0111111111100000001 4078 254305352747274 111111111110000000 254305352747273 16.99 12.51 9.00
0111111111100000001 4078 254305352747274 111111110000000011 254305352747275 16.99 16.68 14.30
0111111111100000001 4078 254305352747274 111111100000000111 254305352747276 16.99 16.68 14.30
0111111111100000001 4078 254305352747274 111111100000001111 254305352747277 16.99 16.68 11.70
0111111111100000001 4306 043345205257674 111111111100000001 143345205257674 16.99 14.59 9.00
0111111111100000001 4306 043345205257674 111111111100000001 243345205257674 16.99 14.59 9.00
0111111111100000001 4306 043345205257674 111111111100000001 343345205257674 16.99 14.59 9.00
0111111111100000001 4306 043345205257674 111111111100000001 443345205257674 16.99 14.59 9.00
0111111111100000001 4306 043345205257674 111111111000000001 543345205257674 16.99 14.59 11.70
0111111111100000001 4306 043345205257674 111111111000000001 643345205257674 16.99 14.59 11.70
0111111111100000001 4306 043345205257674 111111111000000001 743345205257674 16.99 14.59 11.70
0111111111100000001 4306 043345205257674 111111111100000011 003345205257674 16.99 16.68 11.70
0111111111100000001 4306 043345205257674 111111111100000001 013345205257674 16.99 14.59 9.00
0111111111100000001 4306 043345205257674 111111111100000001 023345205257674 16.99 14.59 9.00
0111111111100000001 4306 043345205257674 111111111100000001 033345205257674 16.99 14.59 9.00
0111111111100000001 4306 043345205257674 111111111110000001 053345205257674 16.99 14.59 11.70
0111111111100000001 4306 043345205257674 111111111110000001 063345205257674 16.99 14.59 11.70
0111111111100000001 4306 043345205257674 111111111110000001 073345205257674 16.99 14.59 11.70
0111111111100000001 4306 043345205257674 111111111100000001 040345205257674 16.99 14.59 9.00
0111111111100000001 4306 043345205257674 111111111100000001 041345205257674 16.99 14.59 9.00
0111111111100000001 4306 043345205257674 111111111100000001 042345205257674 16.99 14.59 9.00
0111111111100000001 4306 043345205257674 111111111110000001 044345205257674 16.99 14.59 11.70
0111111111100000001 4306 043345205257674 111111111110000001 045345205257674 16.99 14.59 11.70
0111111111100000001 4306 043345205257674 111111111110000001 046345205257674 16.99 14.59 11.70
0111111111100000001 4306 043345205257674 111111111110000001 047345205257674 16.99 14.59 11.70
0111111111100000001 4306 043345205257674 111111111111100000 043045205257674 16.99 12.51 11.70
0111111111100000001 4306 043345205257674 111111111110000000 043145205257674 16.99 12.51 9.00
0111111111100000001 4306 043345205257674 111111111110000001 043245205257674 16.99 14.59 11.70
0111111111100000001 4306 043345205257674 111111111100000001 043445205257674 16.99 14.59 9.00
0111111111100000001 4306 043345205257674 111111111100000001 043545205257674 16.99 14.59 9.00
0111111111100000001 4306 043345205257674 111111111100000001 043645205257674 16.99 14.59 9.00
0111111111100000001 4306 043345205257674 111111111100000001 043745205257674 16.99 14.59 9.00
0111111111100000001 4306 043345205257674 111111111110000001 043305205257674 16.99 14.59 11.70
0111111111100000001 4306 043345205257674 111111111110000001 043315205257674 16.99 14.59 11.70
0111111111100000001 4306 043345205257674 111111111110000001 043325205257674 16.99 14.59 11.70
0111111111100000001 4306 043345205257674 111111111100000001 043335205257674 16.99 14.59 9.00
0111111111100000001 4306 043345205257674 111111111100000001 043355205257674 16.99 14.59 9.00
0111111111100000001 4306 043345205257674 111111111100000001 043365205257674 16.99 14.59 9.00
0111111111100000001 4306 043345205257674 111111111100000001 043375205257674 16.99 14.59 9.00
0111111111100000001 4306 043345205257674 111111111100000000 043340205257674 16.99 12.51 6.40
0111111111100000001 4306 043345205257674 111111111100000000 043341205257674 16.99 12.51 6.40
0111111111100000001 4306 043345205257674 111111111100000000 043342205257674 16.99 12.51 6.40
0111111111100000001 4306 043345205257674 111111111100000001 043343205257674 16.99 14.59 9.00
0111111111100000001 4306 043345205257674 111111111100000001 043344205257674 16.99 14.59 9.00
0111111111100000001 4306 043345205257674 111111111100000001 043346205257674 16.99 14.59 9.00
0111111111100000001 4306 043345205257674 111111111100000001 043347205257674 16.99 14.59 9.00
0111111111100000001 4306 043345205257674 111110000001111111 043345005257674 16.99 16.68 14.30
0111111111100000001 4306 043345205257674 111111110000001111 043345105257674 16.99 16.68 14.30
0111111111100000001 4306 043345205257674 111111111111100000 043345305257674 16.99 12.51 11.70
0111111111100000001 4306 043345205257674 111111111111111100 043345405257674 16.99 12.51 11.70
0111111111100000001 4306 043345205257674 111111111111111111 043345505257674 16.99 4.17 6.40
0111111111100000001 4306 043345205257674 111111111111111111 043345605257674 16.99 4.17 6.40
0111111111100000001 4306 043345205257674 111111111111111111 043345705257674 16.99 4.17 6.40
0111111111100000001 4306 043345205257674 111111111100000001 043345215257674 16.99 14.59 9.00
0111111111100000001 4306 043345205257674 111111111100000001 043345225257674 16.99 14.59 9.00
0111111111100000001 4306 043345205257674 111111111100000001 043345235257674 16.99 14.59 9.00
0111111111100000001 4306 043345205257674 111111111100000001 043345245257674 16.99 14.59 9.00
0111111111100000001 4306 043345205257674 111111111100000001 043345255257674 16.99 14.59 9.00
0111111111100000001 4306 043345205257674 111111111100000001 043345265257674 16.99 14.59 9.00
0111111111100000001 4306 043345205257674 111111111100000001 043345275257674 16.99 14.59 9.00
0111111111100000001 4306 043345205257674 111111111111111111 043345200257674 16.99 4.17 6.40
0111111111100000001 4306 043345205257674 111111111111111111 043345201257674 16.99 4.17 6.40
0111111111100000001 4306 043345205257674 111111111111111111 043345202257674 16.99 4.17 6.40
0111111111100000001 4306 043345205257674 111111111111111000 043345203257674 16.99 12.51 11.70
0111111111100000001 4306 043345205257674 111111111111000000 043345204257674 16.99 12.51 9.00
0111111111100000001 4306 043345205257674 111111111000000011 043345206257674 16.99 16.68 9.00
0111111111100000001 4306 043345205257674 111111110000000111 043345207257674 16.99 16.68 11.70
0111111111100000001 4306 043345205257674 111111111111111111 043345205057674 16.99 4.17 6.40
0111111111100000001 4306 043345205257674 111111111111110000 043345205157674 16.99 12.51 11.70
0111111111100000001 4306 043345205257674 111111110000000111 043345205357674 16.99 16.68 11.70
0111111111100000001 4306 043345205257674 111111100000001111 043345205457674 16.99 16.68 11.70
0111111111100000001 4306 043345205257674 111111000000011111 043345205557674 16.99 16.68 11.70
0111111111100000001 4306 043345205257674 111111000000111111 043345205657674 16.99 16.68 14.30
0111111111100000001 4306 043345205257674 111110000000111111 043345205757674 16.99 16.68 9.00
0111111111100000001 4306 043345205257674 111111100000000111 043345205207674 16.99 16.68 14.30
0111111111100000001 4306 043345205257674 111111100000000111 043345205217674 16.99 16.68 14.30
0111111111100000001 4306 043345205257674 111111110000000111 043345205227674 16.99 16.68 11.70
0111111111100000001 4306 043345205257674 111111111000000011 043345205237674 16.99 16.68 9.00
0111111111100000001 4306 043345205257674 111111111000000011 043345205247674 16.99 16.68 9.00
0111111111100000001 4306 043345205257674 111111111110000000 043345205267674 16.99 12.51 9.00
0111111111100000001 4306 043345205257674 111111111111100000 043345205277674 16.99 12.51 11.70
0111111111100000001 4306 043345205257674 111111111111111111 043345205250674 16.99 4.17 6.40
0111111111100000001 4306 043345205257674 111111111111111111 043345205251674 16.99 4.17 6.40
0111111111100000001 4306 043345205257674 111111111111111111 043345205252674 16.99 4.17 6.40
0111111111100000001 4306 043345205257674 111111111111111111 043345205253674 16.99 4.17 6.40
0111111111100000001 4306 043345205257674 111111111111111000 043345205254674 16.99 12.51 11.70
0111111111100000001 4306 043345205257674 111111111111100000 043345205255674 16.99 12.51 11.70
0111111111100000001 4306 043345205257674 111111111111000000 043345205256674 16.99 12.51 9.00
0111111111100000001 4306 043345205257674 111111111100000000 043345205257074 16.99 12.51 6.40
0111111111100000001 4306 043345205257674 111111111100000000 043345205257174 16.99 12.51 6.40
0111111111100000001 4306 043345205257674 111111111100000000 043345205257274 16.99 12.51 6.40
0111111111100000001 4306 043345205257674 111111111100000000 043345205257374 16.99 12.51 6.40
0111111111100000001 4306 043345205257674 111111111100000001 043345205257474 16.99 14.59 9.00
0111111111100000001 4306 043345205257674 111111111100000001 043345205257574 16.99 14.59 9.00
0111111111100000001 4306 043345205257674 111111111100000001 043345205257774 16.99 14.59 9.00
0111111111100000001 4306 043345205257674 111100000011111111 043345205257604 16.99 16.68 14.30
0111111111100000001 4306 043345205257674 111110000001111111 043345205257614 16.99 16.68 14.30
0111111111100000001 4306 043345205257674 111111000000111111 043345205257624 16.99 16.68 14.30
0111111111100000001 4306 043345205257674 111111100000011111 043345205257634 16.99 16.68 14.30
0111111111100000001 4306 043345205257674 111111110000001111 043345205257644 16.99 16.68 14.30
0111111111100000001 4306 043345205257674 111111110000000111 043345205257654 16.99 16.68 11.70
0111111111100000001 4306 043345205257674 111111111000000011 043345205257664 16.99 16.68 9.00
0111111111100000001 4306 043345205257674 111111111111111111 043345205257670 16.99 4.17 6.40
0111111111100000001 4306 043345205257674 111111111111111111 043345205257671 16.99 4.17 6.40
0111111111100000001 4306 043345205257674 111111111111111100 043345205257672 16.99 12.51 11.70
0111111111100000001 4306 043345205257674 111111111111100000 043345205257673 16.99 12.51 11.70
0111111111100000001 4306 043345205257674 111111111000000011 043345205257675 16.99 16.68 9.00
0111111111100000001 4306 043345205257674 111111110000000111 043345205257676 16.99 16.68 11.70
0111111111100000001 4306 043345205257674 111111100000001111 043345205257677 16.99 16.68 11.70
0111111111100000001 4721 322526406777751 111111111111000000 022526406777751 16.99 12.51 9.00
0111111111100000001 4721 322526406777751 111111111110000001 122526406777751 16.99 14.59 11.70
0111111111100000001 4721 322526406777751 111111111100000001 222526406777751 16.99 14.59 9.00
0111111111100000001 4721 322526406777751 111111111100000011 422526406777751 16.99 16.68 11.70
0111111111100000001 4721 322526406777751 111111111000000011 522526406777751 16.99 16.68 9.00
0111111111100000001 4721 322526406777751 111111111000000011 622526406777751 16.99 16.68 9.00
0111111111100000001 4721 322526406777751 111111111000000011 722526406777751 16.99 16.68 9.00
0111111111100000001 4721 322526406777751 111111111000000011 302526406777751 16.99 16.68 9.00
0111111111100000001 4721 322526406777751 111111111100000011 312526406777751 16.99 16.68 11.70
0111111111100000001 4721 322526406777751 111111111100000001 332526406777751 16.99 14.59 9.00
0111111111100000001 4721 322526406777751 111111111100000001 342526406777751 16.99 14.59 9.00
0111111111100000001 4721 322526406777751 111111111110000001 352526406777751 16.99 14.59 11.70
0111111111100000001 4721 322526406777751 111111111110000001 362526406777751 16.99 14.59 11.70
0111111111100000001 4721 322526406777751 111111111110000000 372526406777751 16.99 12.51 9.00
0111111111100000001 4721 322526406777751 111111110000000111 320526406777751 16.99 16.68 11.70
0111111111100000001 4721 322526406777751 111111111000000011 321526406777751 16.99 16.68 9.00
0111111111100000001 4721 322526406777751 111111111100000001 323526406777751 16.99 14.59 9.00
0111111111100000001 4721 322526406777751 111111111110000001 324526406777751 16.99 14.59 11.70
0111111111100000001 4721 322526406777751 111111111110000001 325526406777751 16.99 14.59 11.70
0111111111100000001 4721 322526406777751 111111111110000001 326526406777751 16.99 14.59 11.70
0111111111100000001 4721 322526406777751 111111111110000001 327526406777751 16.99 14.59 11.70
0111111111100000001 4721 322526406777751 111111111111100000 322026406777751 16.99 12.51 11.70
0111111111100000001 4721 322526406777751 111111111110000000 322126406777751 16.99 12.51 9.00
0111111111100000001 4721 322526406777751 111111111110000001 322226406777751 16.99 14.59 11.70
0111111111100000001 4721 322526406777751 111111111100000001 322326406777751 16.99 14.59 9.00
0111111111100000001 4721 322526406777751 111111111100000001 322426406777751 16.99 14.59 9.00
0111111111100000001 4721 322526406777751 111111111100000001 322626406777751 16.99 14.59 9.00
0111111111100000001 4721 322526406777751 111111111100000011 322726406777751 16.99 16.68 11.70
0111111111100000001 4721 322526406777751 111111111100000011 322506406777751 16.99 16.68 11.70
0111111111100000001 4721 322526406777751 111111111100000011 322516406777751 16.99 16.68 11.70
0111111111100000001 4721 322526406777751 111111111100000001 322536406777751 16.99 14.59 9.00
0111111111100000001 4721 322526406777751 111111111100000001 322546406777751 16.99 14.59 9.00
0111111111100000001 4721 322526406777751 111111111100000001 322556406777751 16.99 14.59 9.00
0111111111100000001 4721 322526406777751 111111111100000001 322566406777751 16.99 14.59 9.00
0111111111100000001 4721 322526406777751 111111111100000001 322576406777751 16.99 14.59 9.00
0111111111100000001 4721 322526406777751 111111111100000000 322520406777751 16.99 12.51 6.40
0111111111100000001 4721 322526406777751 111111111100000000 322521406777751 16.99 12.51 6.40
0111111111100000001 4721 322526406777751 111111111100000001 322522406777751 16.99 14.59 9.00
0111111111100000001 4721 322526406777751 111111111100000001 322523406777751 16.99 14.59 9.00
0111111111100000001 4721 322526406777751 111111111100000001 322524406777751 16.99 14.59 9.00
0111111111100000001 4721 322526406777751 111111111100000001 322525406777751 16.99 14.59 9.00
0111111111100000001 4721 322526406777751 111111111100000001 322527406777751 16.99 14.59 9.00
0111111111100000001 4721 322526406777751 111100000000011111 322526006777751 16.99 16.68 11.70
0111111111100000001 4721 322526406777751 111110000001111111 322526106777751 16.99 16.68 14.30
0111111111100000001 4721 322526406777751 111111100000011111 322526206777751 16.99 16.68 14.30
0111111111100000001 4721 322526406777751 111111110000000111 322526306777751 16.99 16.68 11.70
0111111111100000001 4721 322526406777751 111111111111000000 322526506777751 16.99 12.51 9.00
0111111111100000001 4721 322526406777751 111111111111100000 322526606777751 16.99 12.51 11.70
0111111111100000001 4721 322526406777751 111111111111111000 322526706777751 16.99 12.51 11.70
0111111111100000001 4721 322526406777751 111111111100000001 322526416777751 16.99 14.59 9.00
0111111111100000001 4721 322526406777751 111111111100000001 322526426777751 16.99 14.59 9.00
0111111111100000001 4721 322526406777751 111111111100000001 322526436777751 16.99 14.59 9.00
0111111111100000001 4721 322526406777751 111111111100000001 322526446777751 16.99 14.59 9.00
0111111111100000001 4721 322526406777751 111111111100000001 322526456777751 16.99 14.59 9.00
0111111111100000001 4721 322526406777751 111111111100000001 322526466777751 16.99 14.59 9.00
0111111111100000001 4721 322526406777751 111111111100000001 322526476777751 16.99 14.59 9.00
0111111111100000001 4721 322526406777751 111111111111111111 322526400777751 16.99 4.17 6.40
0111111111100000001 4721 322526406777751 111111111111111111 322526401777751 16.99 4.17 6.40
0111111111100000001 4721 322526406777751 111111111111111111 322526402777751 16.99 4.17 6.40
0111111111100000001 4721 322526406777751 111111111111111100 322526403777751 16.99 12.51 11.70
0111111111100000001 4721 322526406777751 111111111111100000 322526404777751 16.99 12.51 11.70
0111111111100000001 4721 322526406777751 111111111110000000 322526405777751 16.99 12.51 9.00
0111111111100000001 4721 322526406777751 111111111000000011 322526407777751 16.99 16.68 9.00
0111111111100000001 4721 322526406777751 111111111111111111 322526406077751 16.99 4.17 6.40
0111111111100000001 4721 322526406777751 111111111111111111 322526406177751 16.99 4.17 6.40
0111111111100000001 4721 322526406777751 111111111111111111 322526406277751 16.99 4.17 6.40
0111111111100000001 4721 322526406777751 111111111111111111 322526406377751 16.99 4.17 6.40
0111111111100000001 4721 322526406777751 111111111111111000 322526406477751 16.99 12.51 11.70
0111111111100000001 4721 322526406777751 111111111111100000 322526406577751 16.99 12.51 11.70
0111111111100000001 4721 322526406777751 111111111110000000 322526406677751 16.99 12.51 9.00
0111111111100000001 4721 322526406777751 111111000000000111 322526406707751 16.99 16.68 14.30
0111111111100000001 4721 322526406777751 111111000000001111 322526406717751 16.99 16.68 14.30
0111111111100000001 4721 322526406777751 111111100000001111 322526406727751 16.99 16.68 11.70
0111111111100000001 4721 322526406777751 111111100000000111 322526406737751 16.99 16.68 14.30
0111111111100000001 4721 322526406777751 111111110000000111 322526406747751 16.99 16.68 11.70
0111111111100000001 4721 322526406777751 111111110000000111 322526406757751 16.99 16.68 11.70
0111111111100000001 4721 322526406777751 111111111000000011 322526406767751 16.99 16.68 9.00
0111111111100000001 4721 322526406777751 111111111111111111 322526406770751 16.99 4.17 6.40
0111111111100000001 4721 322526406777751 111111111111111111 322526406771751 16.99 4.17 6.40
0111111111100000001 4721 322526406777751 111111111111111111 322526406772751 16.99 4.17 6.40
0111111111100000001 4721 322526406777751 111111111111111111 322526406773751 16.99 4.17 6.40
0111111111100000001 4721 322526406777751 111111111111111100 322526406774751 16.99 12.51 11.70
0111111111100000001 4721 322526406777751 111111111111100000 322526406775751 16.99 12.51 11.70
0111111111100000001 4721 322526406777751 111111111110000000 322526406776751 16.99 12.51 9.00
0111111111100000001 4721 322526406777751 111111111100000000 322526406777051 16.99 12.51 6.40
0111111111100000001 4721 322526406777751 111111111100000000 322526406777151 16.99 12.51 6.40
0111111111100000001 4721 322526406777751 111111111100000000 322526406777251 16.99 12.51 6.40
0111111111100000001 4721 322526406777751 111111111100000000 322526406777351 16.99 12.51 6.40
0111111111100000001 4721 322526406777751 111111111100000001 322526406777451 16.99 14.59 9.00
0111111111100000001 4721 322526406777751 111111111100000001 322526406777551 16.99 14.59 9.00
0111111111100000001 4721 322526406777751 111111111100000001 322526406777651 16.99 14.59 9.00
0111111111100000001 4721 322526406777751 111000000111111111 322526406777701 16.99 16.68 14.30
0111111111100000001 4721 322526406777751 111100000001111111 322526406777711 16.99 16.68 11.70
0111111111100000001 4721 322526406777751 111111000000111111 322526406777721 16.99 16.68 14.30
0111111111100000001 4721 322526406777751 111111100000001111 322526406777731 16.99 16.68 11.70
0111111111100000001 4721 322526406777751 111111110000000111 322526406777741 16.99 16.68 11.70
0111111111100000001 4721 322526406777751 111111111110000000 322526406777761 16.99 12.51 9.00
0111111111100000001 4721 322526406777751 111111111111100000 322526406777771 16.99 12.51 11.70
0111111111100000001 4721 322526406777751 111111111111111111 322526406777750 16.99 4.17 6.40
0111111111100000001 4721 322526406777751 111111100000001111 322526406777752 16.99 16.68 11.70
0111111111100000001 4721 322526406777751 111111000000011111 322526406777753 16.99 16.68 11.70
0111111111100000001 4721 322526406777751 111110000000111111 322526406777754 16.99 16.68 9.00
0111111111100000001 4721 322526406777751 111100000001111111 322526406777755 16.99 16.68 11.70
0111111111100000001 4721 322526406777751 111100000001111111 322526406777756 16.99 16.68 11.70
0111111111100000001 4721 322526406777751 111000000001111111 322526406777757 16.99 16.68 11.70
0111111111100000001 5302 120206576367675 111111111110000000 020206576367675 16.99 12.51 9.00
0111111111100000001 5302 120206576367675 111111111100000001 220206576367675 16.99 14.59 9.00
0111111111100000001 5302 120206576367675 111111111100000001 320206576367675 16.99 14.59 9.00
0111111111100000001 5302 120206576367675 111111111000000001 420206576367675 16.99 14.59 11.70
0111111111100000001 5302 120206576367675 111111111000000001 520206576367675 16.99 14.59 11.70
0111111111100000001 5302 120206576367675 111111111000000011 620206576367675 16.99 16.68 9.00
0111111111100000001 5302 120206576367675 111111111000000011 720206576367675 16.99 16.68 9.00
0111111111100000001 5302 120206576367675 111111111100000001 100206576367675 16.99 14.59 9.00
0111111111100000001 5302 120206576367675 111111111100000001 110206576367675 16.99 14.59 9.00
0111111111100000001 5302 120206576367675 111111111110000000 130206576367675 16.99 12.51 9.00
0111111111100000001 5302 120206576367675 111111111110000000 140206576367675 16.99 12.51 9.00
0111111111100000001 5302 120206576367675 111111111110000000 150206576367675 16.99 12.51 9.00
0111111111100000001 5302 120206576367675 111111111110000000 160206576367675 16.99 12.51 9.00
0111111111100000001 5302 120206576367675 111111111110000000 170206576367675 16.99 12.51 9.00
0111111111100000001 5302 120206576367675 111111111110000000 121206576367675 16.99 12.51 9.00
0111111111100000001 5302 120206576367675 111111111110000000 122206576367675 16.99 12.51 9.00
0111111111100000001 5302 120206576367675 111111111111000000 123206576367675 16.99 12.51 9.00
0111111111100000001 5302 120206576367675 111111111111000000 124206576367675 16.99 12.51 9.00
0111111111100000001 5302 120206576367675 111111111111000000 125206576367675 16.99 12.51 9.00
0111111111100000001 5302 120206576367675 111111111111000000 126206576367675 16.99 12.51 9.00
0111111111100000001 5302 120206576367675 111111111111000000 127206576367675 16.99 12.51 9.00
0111111111100000001 5302 120206576367675 111111111110000000 120006576367675 16.99 12.51 9.00
0111111111100000001 5302 120206576367675 111111111110000000 120106576367675 16.99 12.51 9.00
0111111111100000001 5302 120206576367675 111111111100000001 120306576367675 16.99 14.59 9.00
0111111111100000001 5302 120206576367675 111111111100000001 120406576367675 16.99 14.59 9.00
0111111111100000001 5302 120206576367675 111111111100000001 120506576367675 16.99 14.59 9.00
0111111111100000001 5302 120206576367675 111111111100000001 120606576367675 16.99 14.59 9.00
0111111111100000001 5302 120206576367675 111111111100000001 120706576367675 16.99 14.59 9.00
0111111111100000001 5302 120206576367675 111111111100000000 120216576367675 16.99 12.51 6.40
0111111111100000001 5302 120206576367675 111111111100000000 120226576367675 16.99 12.51 6.40
0111111111100000001 5302 120206576367675 111111111100000000 120236576367675 16.99 12.51 6.40
0111111111100000001 5302 120206576367675 111111111100000000 120246576367675 16.99 12.51 6.40
0111111111100000001 5302 120206576367675 111111111100000000 120256576367675 16.99 12.51 6.40
0111111111100000001 5302 120206576367675 111111111100000000 120266576367675 16.99 12.51 6.40
0111111111100000001 5302 120206576367675 111111111100000000 120276576367675 16.99 12.51 6.40
0111111111100000001 5302 120206576367675 111111111110000000 120200576367675 16.99 12.51 9.00
0111111111100000001 5302 120206576367675 111111111100000000 120201576367675 16.99 12.51 6.40
0111111111100000001 5302 120206576367675 111111111100000000 120202576367675 16.99 12.51 6.40
0111111111100000001 5302 120206576367675 111111111100000000 120203576367675 16.99 12.51 6.40
0111111111100000001 5302 120206576367675 111111111100000000 120204576367675 16.99 12.51 6.40
0111111111100000001 5302 120206576367675 111111111100000000 120205576367675 16.99 12.51 6.40
0111111111100000001 5302 120206576367675 111111111100000001 120207576367675 16.99 14.59 9.00
0111111111100000001 5302 120206576367675 111100000001111111 120206076367675 16.99 16.68 11.70
0111111111100000001 5302 120206576367675 111110000001111111 120206176367675 16.99 16.68 14.30
0111111111100000001 5302 120206576367675 111111000000011111 120206276367675 16.99 16.68 11.70
0111111111100000001 5302 120206576367675 111111110000001111 120206376367675 16.99 16.68 14.30
0111111111100000001 5302 120206576367675 111111111000000011 120206476367675 16.99 16.68 9.00
0111111111100000001 5302 120206576367675 111111111111000000 120206676367675 16.99 12.51 9.00
0111111111100000001 5302 120206576367675 111111111111100000 120206776367675 16.99 12.51 11.70
0111111111100000001 5302 120206576367675 111111111100000001 120206506367675 16.99 14.59 9.00
0111111111100000001 5302 120206576367675 111111111100000001 120206516367675 16.99 14.59 9.00
0111111111100000001 5302 120206576367675 111111111100000001 120206526367675 16.99 14.59 9.00
0111111111100000001 5302 120206576367675 111111111100000001 120206536367675 16.99 14.59 9.00
0111111111100000001 5302 120206576367675 111111111100000001 120206546367675 16.99 14.59 9.00
0111111111100000001 5302 120206576367675 111111111100000001 120206556367675 16.99 14.59 9.00
0111111111100000001 5302 120206576367675 111111111100000001 120206566367675 16.99 14.59 9.00
0111111111100000001 5302 120206576367675 111111111111111111 120206570367675 16.99 4.17 6.40
0111111111100000001 5302 120206576367675 111111111111111111 120206571367675 16.99 4.17 6.40
0111111111100000001 5302 120206576367675 111111111111111111 120206572367675 16.99 4.17 6.40
0111111111100000001 5302 120206576367675 111111111111111110 120206573367675 16.99 10.42 9.00
0111111111100000001 5302 120206576367675 111111111111110000 120206574367675 16.99 12.51 11.70
0111111111100000001 5302 120206576367675 111111111111000000 120206575367675 16.99 12.51 9.00
0111111111100000001 5302 120206576367675 111111111000000011 120206577367675 16.99 16.68 9.00
0111111111100000001 5302 120206576367675 111111111111111111 120206576067675 16.99 4.17 6.40
0111111111100000001 5302 120206576367675 111111111111111111 120206576167675 16.99 4.17 6.40
0111111111100000001 5302 120206576367675 111111111111110000 120206576267675 16.99 12.51 11.70
0111111111100000001 5302 120206576367675 111111111000000011 120206576467675 16.99 16.68 9.00
0111111111100000001 5302 120206576367675 111111100000001111 120206576567675 16.99 16.68 11.70
0111111111100000001 5302 120206576367675 111111100000011111 120206576667675 16.99 16.68 14.30
0111111111100000001 5302 120206576367675 111111000000011111 120206576767675 16.99 16.68 11.70
0111111111100000001 5302 120206576367675 111111000000000011 120206576307675 16.99 16.68 14.30
0111111111100000001 5302 120206576367675 111111100000000111 120206576317675 16.99 16.68 14.30
0111111111100000001 5302 120206576367675 111111100000000111 120206576327675 16.99 16.68 14.30
0111111111100000001 5302 120206576367675 111111110000000111 120206576337675 16.99 16.68 11.70
0111111111100000001 5302 120206576367675 111111111000000011 120206576347675 16.99 16.68 9.00
0111111111100000001 5302 120206576367675 111111111100000001 120206576357675 16.99 14.59 9.00
0111111111100000001 5302 120206576367675 111111111110000000 120206576377675 16.99 12.51 9.00
0111111111100000001 5302 120206576367675 111111111111111111 120206576360675 16.99 4.17 6.40
0111111111100000001 5302 120206576367675 111111111111111111 120206576361675 16.99 4.17 6.40
0111111111100000001 5302 120206576367675 111111111111111111 120206576362675 16.99 4.17 6.40
0111111111100000001 5302 120206576367675 111111111111111111 120206576363675 16.99 4.17 6.40
0111111111100000001 5302 120206576367675 111111111111111100 120206576364675 16.99 12.51 11.70
0111111111100000001 5302 120206576367675 111111111111110000 120206576365675 16.99 12.51 11.70
0111111111100000001 5302 120206576367675 111111111111000000 120206576366675 16.99 12.51 9.00
0111111111100000001 5302 120206576367675 111111111100000000 120206576367075 16.99 12.51 6.40
0111111111100000001 5302 120206576367675 111111111100000000 120206576367175 16.99 12.51 6.40
0111111111100000001 5302 120206576367675 111111111100000000 120206576367275 16.99 12.51 6.40
0111111111100000001 5302 120206576367675 111111111100000000 120206576367375 16.99 12.51 6.40
0111111111100000001 5302 120206576367675 111111111100000000 120206576367475 16.99 12.51 6.40
0111111111100000001 5302 120206576367675 111111111100000000 120206576367575 16.99 12.51 6.40
0111111111100000001 5302 120206576367675 111111111100000001 120206576367775 16.99 14.59 9.00
0111111111100000001 5302 120206576367675 111000000011111111 120206576367605 16.99 16.68 11.70
0111111111100000001 5302 120206576367675 111100000001111111 120206576367615 16.99 16.68 11.70
0111111111100000001 5302 120206576367675 111110000000111111 120206576367625 16.99 16.68 9.00
0111111111100000001 5302 120206576367675 111111000000011111 120206576367635 16.99 16.68 11.70
0111111111100000001 5302 120206576367675 111111100000001111 120206576367645 16.99 16.68 11.70
0111111111100000001 5302 120206576367675 111111110000000111 120206576367655 16.99 16.68 11.70
0111111111100000001 5302 120206576367675 111111111000000011 120206576367665 16.99 16.68 9.00
0111111111100000001 5302 120206576367675 111111111111111111 120206576367670 16.99 4.17 6.40
0111111111100000001 5302 120206576367675 111111111111111111 120206576367671 16.99 4.17 6.40
0111111111100000001 5302 120206576367675 111111111111111111 120206576367672 16.99 4.17 6.40
0111111111100000001 5302 120206576367675 111111111111111000 120206576367673 16.99 12.51 11.70
0111111111100000001 5302 120206576367675 111111111111000000 120206576367674 16.99 12.51 9.00
0111111111100000001 5302 120206576367675 111111111000000011 120206576367676 16.99 16.68 9.00
0111111111100000001 5302 120206576367675 111111110000000111 120206576367677 16.99 16.68 11.70
