ParentPhenotype line ParentGenotype MutantPhenotype MutantGenotype KC_col1 KC_col4 Conditional_Complexity
0111111111111111111 0 443532701576411 111111111111111111 043532701576411 10.62 4.17 2.40
0111111111111111111 0 443532701576411 111111111111111111 143532701576411 10.62 4.17 2.40
0111111111111111111 0 443532701576411 111111111111111111 243532701576411 10.62 4.17 2.40
0111111111111111111 0 443532701576411 111111111111111111 343532701576411 10.62 4.17 2.40
0111111111111111111 0 443532701576411 111111111111111111 543532701576411 10.62 4.17 2.40
0111111111111111111 0 443532701576411 111111111111111111 643532701576411 10.62 4.17 2.40
0111111111111111111 0 443532701576411 111111111111111111 743532701576411 10.62 4.17 2.40
0111111111111111111 0 443532701576411 111111111111111111 403532701576411 10.62 4.17 2.40
0111111111111111111 0 443532701576411 111111111111111111 413532701576411 10.62 4.17 2.40
0111111111111111111 0 443532701576411 111111111111111111 423532701576411 10.62 4.17 2.40
0111111111111111111 0 443532701576411 111111111111111111 433532701576411 10.62 4.17 2.40
0111111111111111111 0 443532701576411 111111111111111111 453532701576411 10.62 4.17 2.40
0111111111111111111 0 443532701576411 111111111111111111 463532701576411 10.62 4.17 2.40
0111111111111111111 0 443532701576411 111111111111111111 473532701576411 10.62 4.17 2.40
0111111111111111111 0 443532701576411 111111111111111100 440532701576411 10.62 12.51 7.60
0111111111111111111 0 443532701576411 111111111111111111 441532701576411 10.62 4.17 2.40
0111111111111111111 0 443532701576411 111111111111111111 442532701576411 10.62 4.17 2.40
0111111111111111111 0 443532701576411 111111111111111111 444532701576411 10.62 4.17 2.40
0111111111111111111 0 443532701576411 111111111111111111 445532701576411 10.62 4.17 2.40
0111111111111111111 0 443532701576411 111111111111111111 446532701576411 10.62 4.17 2.40
0111111111111111111 0 443532701576411 111111111111111111 447532701576411 10.62 4.17 2.40
0111111111111111111 0 443532701576411 111111111111111111 443032701576411 10.62 4.17 2.40
0111111111111111111 0 443532701576411 111111111111111111 443132701576411 10.62 4.17 2.40
0111111111111111111 0 443532701576411 111111111111111111 443232701576411 10.62 4.17 2.40
0111111111111111111 0 443532701576411 111111111111111111 443332701576411 10.62 4.17 2.40
0111111111111111111 0 443532701576411 111111111111111111 443432701576411 10.62 4.17 2.40
0111111111111111111 0 443532701576411 111111111111111111 443632701576411 10.62 4.17 2.40
0111111111111111111 0 443532701576411 111111111111111111 443732701576411 10.62 4.17 2.40
0111111111111111111 0 443532701576411 111111111111111111 443502701576411 10.62 4.17 2.40
0111111111111111111 0 443532701576411 111111111111111111 443512701576411 10.62 4.17 2.40
0111111111111111111 0 443532701576411 111111111111111111 443522701576411 10.62 4.17 2.40
0111111111111111111 0 443532701576411 111111111111111111 443542701576411 10.62 4.17 2.40
0111111111111111111 0 443532701576411 111111111111111111 443552701576411 10.62 4.17 2.40
0111111111111111111 0 443532701576411 111111111111111111 443562701576411 10.62 4.17 2.40
0111111111111111111 0 443532701576411 111111111111111111 443572701576411 10.62 4.17 2.40
0111111111111111111 0 443532701576411 111111111111111111 443530701576411 10.62 4.17 2.40
0111111111111111111 0 443532701576411 111111111111111111 443531701576411 10.62 4.17 2.40
0111111111111111111 0 443532701576411 111111111111111111 443533701576411 10.62 4.17 2.40
0111111111111111111 0 443532701576411 111111111111111111 443534701576411 10.62 4.17 2.40
0111111111111111111 0 443532701576411 111111111111111111 443535701576411 10.62 4.17 2.40
0111111111111111111 0 443532701576411 111111111111111111 443536701576411 10.62 4.17 2.40
0111111111111111111 0 443532701576411 111111111111111111 443537701576411 10.62 4.17 2.40
0111111111111111111 0 443532701576411 111111100000000011 443532001576411 10.62 16.68 12.80
0111111111111111111 0 443532701576411 111111111000000011 443532101576411 10.62 16.68 12.80
0111111111111111111 0 443532701576411 111111111110000000 443532201576411 10.62 12.51 7.60
0111111111111111111 0 443532701576411 111111111111100000 443532301576411 10.62 12.51 7.60
0111111111111111111 0 443532701576411 111111111111111100 443532401576411 10.62 12.51 7.60
0111111111111111111 0 443532701576411 111111111111111111 443532501576411 10.62 4.17 2.40
0111111111111111111 0 443532701576411 111111111111111111 443532601576411 10.62 4.17 2.40
0111111111111111111 0 443532701576411 111111111111111111 443532711576411 10.62 4.17 2.40
0111111111111111111 0 443532701576411 111111111111111111 443532721576411 10.62 4.17 2.40
0111111111111111111 0 443532701576411 111111111111111111 443532731576411 10.62 4.17 2.40
0111111111111111111 0 443532701576411 111111111111111111 443532741576411 10.62 4.17 2.40
0111111111111111111 0 443532701576411 111111111111111111 443532751576411 10.62 4.17 2.40
0111111111111111111 0 443532701576411 111111111111111111 443532761576411 10.62 4.17 2.40
0111111111111111111 0 443532701576411 111111111111111111 443532771576411 10.62 4.17 2.40
0111111111111111111 0 443532701576411 111111111111111111 443532700576411 10.62 4.17 2.40
0111111111111111111 0 443532701576411 111111111111111111 443532702576411 10.62 4.17 2.40
0111111111111111111 0 443532701576411 111111111111110000 443532703576411 10.62 12.51 7.60
0111111111111111111 0 443532701576411 111111111111000000 443532704576411 10.62 12.51 7.60
0111111111111111111 0 443532701576411 111111111100000000 443532705576411 10.62 12.51 7.60
0111111111111111111 0 443532701576411 111111111000000000 443532706576411 10.62 12.51 7.60
0111111111111111111 0 443532701576411 111111110000000000 443532707576411 10.62 12.51 7.60
0111111111111111111 0 443532701576411 111111111111111111 443532701076411 10.62 4.17 2.40
0111111111111111111 0 443532701576411 111111111111111111 443532701176411 10.62 4.17 2.40
0111111111111111111 0 443532701576411 111111111111111111 443532701276411 10.62 4.17 2.40
0111111111111111111 0 443532701576411 111111111111111111 443532701376411 10.62 4.17 2.40
0111111111111111111 0 443532701576411 111111111111111111 443532701476411 10.62 4.17 2.40
0111111111111111111 0 443532701576411 111111111111111111 443532701676411 10.62 4.17 2.40
0111111111111111111 0 443532701576411 111111111111111111 443532701776411 10.62 4.17 2.40
0111111111111111111 0 443532701576411 111111111110000000 443532701506411 10.62 12.51 7.60
0111111111111111111 0 443532701576411 111111111111000000 443532701516411 10.62 12.51 7.60
0111111111111111111 0 443532701576411 111111111111110000 443532701526411 10.62 12.51 7.60
0111111111111111111 0 443532701576411 111111111111111100 443532701536411 10.62 12.51 7.60
0111111111111111111 0 443532701576411 111111111111111111 443532701546411 10.62 4.17 2.40
0111111111111111111 0 443532701576411 111111111111111111 443532701556411 10.62 4.17 2.40
0111111111111111111 0 443532701576411 111111111111111111 443532701566411 10.62 4.17 2.40
0111111111111111111 0 443532701576411 111111111111111111 443532701570411 10.62 4.17 2.40
0111111111111111111 0 443532701576411 111111111111111111 443532701571411 10.62 4.17 2.40
0111111111111111111 0 443532701576411 111111111111111111 443532701572411 10.62 4.17 2.40
0111111111111111111 0 443532701576411 111111111111111111 443532701573411 10.62 4.17 2.40
0111111111111111111 0 443532701576411 111111111111111111 443532701574411 10.62 4.17 2.40
0111111111111111111 0 443532701576411 111111111111111111 443532701575411 10.62 4.17 2.40
0111111111111111111 0 443532701576411 111111111111111111 443532701577411 10.62 4.17 2.40
0111111111111111111 0 443532701576411 111111111111111111 443532701576011 10.62 4.17 2.40
0111111111111111111 0 443532701576411 111111111111111111 443532701576111 10.62 4.17 2.40
0111111111111111111 0 443532701576411 111111111111111111 443532701576211 10.62 4.17 2.40
0111111111111111111 0 443532701576411 111111111111111111 443532701576311 10.62 4.17 2.40
0111111111111111111 0 443532701576411 111111111111111111 443532701576511 10.62 4.17 2.40
0111111111111111111 0 443532701576411 111111111111111111 443532701576611 10.62 4.17 2.40
0111111111111111111 0 443532701576411 111111111111111111 443532701576711 10.62 4.17 2.40
0111111111111111111 0 443532701576411 111111111111100000 443532701576401 10.62 12.51 7.60
0111111111111111111 0 443532701576411 111111111111111111 443532701576421 10.62 4.17 2.40
0111111111111111111 0 443532701576411 111111111111111111 443532701576431 10.62 4.17 2.40
0111111111111111111 0 443532701576411 111111111111111111 443532701576441 10.62 4.17 2.40
0111111111111111111 0 443532701576411 111111111111111111 443532701576451 10.62 4.17 2.40
0111111111111111111 0 443532701576411 111111111111111111 443532701576461 10.62 4.17 2.40
0111111111111111111 0 443532701576411 111111111111111111 443532701576471 10.62 4.17 2.40
0111111111111111111 0 443532701576411 111111111111111111 443532701576410 10.62 4.17 2.40
0111111111111111111 0 443532701576411 111111111111111111 443532701576412 10.62 4.17 2.40
0111111111111111111 0 443532701576411 111111111111110000 443532701576413 10.62 12.51 7.60
0111111111111111111 0 443532701576411 111111111111000000 443532701576414 10.62 12.51 7.60
0111111111111111111 0 443532701576411 111111111100000000 443532701576415 10.62 12.51 7.60
0111111111111111111 0 443532701576411 111111111000000000 443532701576416 10.62 12.51 7.60
0111111111111111111 0 443532701576411 111111110000000000 443532701576417 10.62 12.51 7.60
0111111111111111111 3 767756230235520 111111111111111111 067756230235520 10.62 4.17 2.40
0111111111111111111 3 767756230235520 111111111111111111 167756230235520 10.62 4.17 2.40
0111111111111111111 3 767756230235520 111111111111111111 267756230235520 10.62 4.17 2.40
0111111111111111111 3 767756230235520 111111111111111111 367756230235520 10.62 4.17 2.40
0111111111111111111 3 767756230235520 111111111111111111 467756230235520 10.62 4.17 2.40
0111111111111111111 3 767756230235520 111111111111111111 567756230235520 10.62 4.17 2.40
0111111111111111111 3 767756230235520 111111111111111111 667756230235520 10.62 4.17 2.40
0111111111111111111 3 767756230235520 111111111111111111 707756230235520 10.62 4.17 2.40
0111111111111111111 3 767756230235520 111111111111111111 717756230235520 10.62 4.17 2.40
0111111111111111111 3 767756230235520 111111111111111111 727756230235520 10.62 4.17 2.40
0111111111111111111 3 767756230235520 111111111111111111 737756230235520 10.62 4.17 2.40
0111111111111111111 3 767756230235520 111111111111111111 747756230235520 10.62 4.17 2.40
0111111111111111111 3 767756230235520 111111111111111111 757756230235520 10.62 4.17 2.40
0111111111111111111 3 767756230235520 111111111111111111 777756230235520 10.62 4.17 2.40
0111111111111111111 3 767756230235520 111111111111111111 760756230235520 10.62 4.17 2.40
0111111111111111111 3 767756230235520 111111111111111111 761756230235520 10.62 4.17 2.40
0111111111111111111 3 767756230235520 111111111111111111 762756230235520 10.62 4.17 2.40
0111111111111111111 3 767756230235520 111111111111111111 763756230235520 10.62 4.17 2.40
0111111111111111111 3 767756230235520 111111111111111111 764756230235520 10.62 4.17 2.40
0111111111111111111 3 767756230235520 111111111111111111 765756230235520 10.62 4.17 2.40
0111111111111111111 3 767756230235520 111111111111111111 766756230235520 10.62 4.17 2.40
0111111111111111111 3 767756230235520 111111111111111111 767056230235520 10.62 4.17 2.40
0111111111111111111 3 767756230235520 111111111111111111 767156230235520 10.62 4.17 2.40
0111111111111111111 3 767756230235520 111111111111111111 767256230235520 10.62 4.17 2.40
0111111111111111111 3 767756230235520 111111111111111111 767356230235520 10.62 4.17 2.40
0111111111111111111 3 767756230235520 111111111111111111 767456230235520 10.62 4.17 2.40
0111111111111111111 3 767756230235520 111111111111111111 767556230235520 10.62 4.17 2.40
0111111111111111111 3 767756230235520 111111111111111111 767656230235520 10.62 4.17 2.40
0111111111111111111 3 767756230235520 111111111111111111 767706230235520 10.62 4.17 2.40
0111111111111111111 3 767756230235520 111111111111111111 767716230235520 10.62 4.17 2.40
0111111111111111111 3 767756230235520 111111111111111111 767726230235520 10.62 4.17 2.40
0111111111111111111 3 767756230235520 111111111111111111 767736230235520 10.62 4.17 2.40
0111111111111111111 3 767756230235520 111111111111111111 767746230235520 10.62 4.17 2.40
0111111111111111111 3 767756230235520 111111111111111111 767766230235520 10.62 4.17 2.40
0111111111111111111 3 767756230235520 111111111111111111 767776230235520 10.62 4.17 2.40
0111111111111111111 3 767756230235520 111111111111111111 767750230235520 10.62 4.17 2.40
0111111111111111111 3 767756230235520 111111111111111111 767751230235520 10.62 4.17 2.40
0111111111111111111 3 767756230235520 111111111111111111 767752230235520 10.62 4.17 2.40
0111111111111111111 3 767756230235520 111111111111111111 767753230235520 10.62 4.17 2.40
0111111111111111111 3 767756230235520 111111111111111111 767754230235520 10.62 4.17 2.40
0111111111111111111 3 767756230235520 111111111111111111 767755230235520 10.62 4.17 2.40
0111111111111111111 3 767756230235520 111111111111111111 767757230235520 10.62 4.17 2.40
0111111111111111111 3 767756230235520 111111111111111111 767756030235520 10.62 4.17 2.40
0111111111111111111 3 767756230235520 111111111111111111 767756130235520 10.62 4.17 2.40
0111111111111111111 3 767756230235520 111111111111111111 767756330235520 10.62 4.17 2.40
0111111111111111111 3 767756230235520 111111111111111111 767756430235520 10.62 4.17 2.40
0111111111111111111 3 767756230235520 111111111111111111 767756530235520 10.62 4.17 2.40
0111111111111111111 3 767756230235520 111111111111111111 767756630235520 10.62 4.17 2.40
0111111111111111111 3 767756230235520 111111111111111111 767756730235520 10.62 4.17 2.40
0111111111111111111 3 767756230235520 111111111111111111 767756200235520 10.62 4.17 2.40
0111111111111111111 3 767756230235520 111111111111111111 767756210235520 10.62 4.17 2.40
0111111111111111111 3 767756230235520 111111111111111111 767756220235520 10.62 4.17 2.40
0111111111111111111 3 767756230235520 111111111111111111 767756240235520 10.62 4.17 2.40
0111111111111111111 3 767756230235520 111111111111111111 767756250235520 10.62 4.17 2.40
0111111111111111111 3 767756230235520 111111111111111111 767756260235520 10.62 4.17 2.40
0111111111111111111 3 767756230235520 111111111111111111 767756270235520 10.62 4.17 2.40
0111111111111111111 3 767756230235520 111111111111111111 767756231235520 10.62 4.17 2.40
0111111111111111111 3 767756230235520 111111111111111111 767756232235520 10.62 4.17 2.40
0111111111111111111 3 767756230235520 111111111111111111 767756233235520 10.62 4.17 2.40
0111111111111111111 3 767756230235520 111111111111111111 767756234235520 10.62 4.17 2.40
0111111111111111111 3 767756230235520 111111111111111100 767756235235520 10.62 12.51 7.60
0111111111111111111 3 767756230235520 111111111111110000 767756236235520 10.62 12.51 7.60
0111111111111111111 3 767756230235520 111111111111100000 767756237235520 10.62 12.51 7.60
0111111111111111111 3 767756230235520 111111111111111111 767756230035520 10.62 4.17 2.40
0111111111111111111 3 767756230235520 111111111111111111 767756230135520 10.62 4.17 2.40
0111111111111111111 3 767756230235520 111111111111111111 767756230335520 10.62 4.17 2.40
0111111111111111111 3 767756230235520 111111111111111111 767756230435520 10.62 4.17 2.40
0111111111111111111 3 767756230235520 111111111111111111 767756230535520 10.62 4.17 2.40
0111111111111111111 3 767756230235520 111111111111111111 767756230635520 10.62 4.17 2.40
0111111111111111111 3 767756230235520 111111111111111111 767756230735520 10.62 4.17 2.40
0111111111111111111 3 767756230235520 111111111111111111 767756230205520 10.62 4.17 2.40
0111111111111111111 3 767756230235520 111111111111111111 767756230215520 10.62 4.17 2.40
0111111111111111111 3 767756230235520 111111111111111111 767756230225520 10.62 4.17 2.40
0111111111111111111 3 767756230235520 111111111111111111 767756230245520 10.62 4.17 2.40
0111111111111111111 3 767756230235520 111111111111111111 767756230255520 10.62 4.17 2.40
0111111111111111111 3 767756230235520 111111111111111111 767756230265520 10.62 4.17 2.40
0111111111111111111 3 767756230235520 111111111111111111 767756230275520 10.62 4.17 2.40
0111111111111111111 3 767756230235520 111111111111111111 767756230230520 10.62 4.17 2.40
0111111111111111111 3 767756230235520 111111111111111111 767756230231520 10.62 4.17 2.40
0111111111111111111 3 767756230235520 111111111111111111 767756230232520 10.62 4.17 2.40
0111111111111111111 3 767756230235520 111111111111111111 767756230233520 10.62 4.17 2.40
0111111111111111111 3 767756230235520 111111111111111111 767756230234520 10.62 4.17 2.40
0111111111111111111 3 767756230235520 111111111111111111 767756230236520 10.62 4.17 2.40
0111111111111111111 3 767756230235520 111111111111111111 767756230237520 10.62 4.17 2.40
0111111111111111111 3 767756230235520 111111111111111111 767756230235020 10.62 4.17 2.40
0111111111111111111 3 767756230235520 111111111111111111 767756230235120 10.62 4.17 2.40
0111111111111111111 3 767756230235520 111111111111111111 767756230235220 10.62 4.17 2.40
0111111111111111111 3 767756230235520 111111111111111111 767756230235320 10.62 4.17 2.40
0111111111111111111 3 767756230235520 111111111111111111 767756230235420 10.62 4.17 2.40
0111111111111111111 3 767756230235520 111111111111111111 767756230235620 10.62 4.17 2.40
0111111111111111111 3 767756230235520 111111111111111111 767756230235720 10.62 4.17 2.40
0111111111111111111 3 767756230235520 111111111111111111 767756230235500 10.62 4.17 2.40
0111111111111111111 3 767756230235520 111111111111111111 767756230235510 10.62 4.17 2.40
0111111111111111111 3 767756230235520 111111111111111111 767756230235530 10.62 4.17 2.40
0111111111111111111 3 767756230235520 111111111111111111 767756230235540 10.62 4.17 2.40
0111111111111111111 3 767756230235520 111111111111111111 767756230235550 10.62 4.17 2.40
0111111111111111111 3 767756230235520 111111111111111111 767756230235560 10.62 4.17 2.40
0111111111111111111 3 767756230235520 111111111111111111 767756230235570 10.62 4.17 2.40
0111111111111111111 3 767756230235520 111111111111111111 767756230235521 10.62 4.17 2.40
0111111111111111111 3 767756230235520 111111111111111111 767756230235522 10.62 4.17 2.40
0111111111111111111 3 767756230235520 111111111111111111 767756230235523 10.62 4.17 2.40
0111111111111111111 3 767756230235520 111111111111111111 767756230235524 10.62 4.17 2.40
0111111111111111111 3 767756230235520 111111111111111100 767756230235525 10.62 12.51 7.60
0111111111111111111 3 767756230235520 111111111111110000 767756230235526 10.62 12.51 7.60
0111111111111111111 3 767756230235520 111111111111100000 767756230235527 10.62 12.51 7.60
0111111111111111111 8 715051400114630 111111111111111111 015051400114630 10.62 4.17 2.40
0111111111111111111 8 715051400114630 111111111111111111 115051400114630 10.62 4.17 2.40
0111111111111111111 8 715051400114630 111111111111111111 215051400114630 10.62 4.17 2.40
0111111111111111111 8 715051400114630 111111111111111111 315051400114630 10.62 4.17 2.40
0111111111111111111 8 715051400114630 111111111111111111 415051400114630 10.62 4.17 2.40
0111111111111111111 8 715051400114630 111111111111111111 515051400114630 10.62 4.17 2.40
0111111111111111111 8 715051400114630 111111111111111111 615051400114630 10.62 4.17 2.40
0111111111111111111 8 715051400114630 111111111111111111 705051400114630 10.62 4.17 2.40
0111111111111111111 8 715051400114630 111111111111111111 725051400114630 10.62 4.17 2.40
0111111111111111111 8 715051400114630 111111111111111111 735051400114630 10.62 4.17 2.40
0111111111111111111 8 715051400114630 111111111111111111 745051400114630 10.62 4.17 2.40
0111111111111111111 8 715051400114630 111111111111111111 755051400114630 10.62 4.17 2.40
0111111111111111111 8 715051400114630 111111111111111111 765051400114630 10.62 4.17 2.40
0111111111111111111 8 715051400114630 111111111111111111 775051400114630 10.62 4.17 2.40
0111111111111111111 8 715051400114630 111111111111111111 710051400114630 10.62 4.17 2.40
0111111111111111111 8 715051400114630 111111111111111111 711051400114630 10.62 4.17 2.40
0111111111111111111 8 715051400114630 111111111111111111 712051400114630 10.62 4.17 2.40
0111111111111111111 8 715051400114630 111111111111111111 713051400114630 10.62 4.17 2.40
0111111111111111111 8 715051400114630 111111111111111111 714051400114630 10.62 4.17 2.40
0111111111111111111 8 715051400114630 111111111111111111 716051400114630 10.62 4.17 2.40
0111111111111111111 8 715051400114630 111111111111111111 717051400114630 10.62 4.17 2.40
0111111111111111111 8 715051400114630 111111111111111111 715151400114630 10.62 4.17 2.40
0111111111111111111 8 715051400114630 111111111111111111 715251400114630 10.62 4.17 2.40
0111111111111111111 8 715051400114630 111111111111111111 715351400114630 10.62 4.17 2.40
0111111111111111111 8 715051400114630 111111111111111111 715451400114630 10.62 4.17 2.40
0111111111111111111 8 715051400114630 111111111111111111 715551400114630 10.62 4.17 2.40
0111111111111111111 8 715051400114630 111111111111111111 715651400114630 10.62 4.17 2.40
0111111111111111111 8 715051400114630 111111111111111111 715751400114630 10.62 4.17 2.40
0111111111111111111 8 715051400114630 111111111111111111 715001400114630 10.62 4.17 2.40
0111111111111111111 8 715051400114630 111111111111111111 715011400114630 10.62 4.17 2.40
0111111111111111111 8 715051400114630 111111111111111111 715021400114630 10.62 4.17 2.40
0111111111111111111 8 715051400114630 111111111111111111 715031400114630 10.62 4.17 2.40
0111111111111111111 8 715051400114630 111111111111111111 715041400114630 10.62 4.17 2.40
0111111111111111111 8 715051400114630 111111111111111111 715061400114630 10.62 4.17 2.40
0111111111111111111 8 715051400114630 111111111111111111 715071400114630 10.62 4.17 2.40
0111111111111111111 8 715051400114630 111111111111111111 715050400114630 10.62 4.17 2.40
0111111111111111111 8 715051400114630 111111111111111111 715052400114630 10.62 4.17 2.40
0111111111111111111 8 715051400114630 111111111111111111 715053400114630 10.62 4.17 2.40
0111111111111111111 8 715051400114630 111111111111111111 715054400114630 10.62 4.17 2.40
0111111111111111111 8 715051400114630 111111111111111111 715055400114630 10.62 4.17 2.40
0111111111111111111 8 715051400114630 111111111111111111 715056400114630 10.62 4.17 2.40
0111111111111111111 8 715051400114630 111111111111111111 715057400114630 10.62 4.17 2.40
0111111111111111111 8 715051400114630 111111111111111111 715051000114630 10.62 4.17 2.40
0111111111111111111 8 715051400114630 111111111111111111 715051100114630 10.62 4.17 2.40
0111111111111111111 8 715051400114630 111111111111111111 715051200114630 10.62 4.17 2.40
0111111111111111111 8 715051400114630 111111111111111111 715051300114630 10.62 4.17 2.40
0111111111111111111 8 715051400114630 111111111111111111 715051500114630 10.62 4.17 2.40
0111111111111111111 8 715051400114630 111111111111111111 715051600114630 10.62 4.17 2.40
0111111111111111111 8 715051400114630 111111111111111111 715051700114630 10.62 4.17 2.40
0111111111111111111 8 715051400114630 111111111111111111 715051410114630 10.62 4.17 2.40
0111111111111111111 8 715051400114630 111111111111111111 715051420114630 10.62 4.17 2.40
0111111111111111111 8 715051400114630 111111111111111111 715051430114630 10.62 4.17 2.40
0111111111111111111 8 715051400114630 111111111111111111 715051440114630 10.62 4.17 2.40
0111111111111111111 8 715051400114630 111111111111111111 715051450114630 10.62 4.17 2.40
0111111111111111111 8 715051400114630 111111111111111111 715051460114630 10.62 4.17 2.40
0111111111111111111 8 715051400114630 111111111111111111 715051470114630 10.62 4.17 2.40
0111111111111111111 8 715051400114630 111111111111111111 715051401114630 10.62 4.17 2.40
0111111111111111111 8 715051400114630 111111111111111111 715051402114630 10.62 4.17 2.40
0111111111111111111 8 715051400114630 111111111111111111 715051403114630 10.62 4.17 2.40
0111111111111111111 8 715051400114630 111111111111111111 715051404114630 10.62 4.17 2.40
0111111111111111111 8 715051400114630 111111111111111111 715051405114630 10.62 4.17 2.40
0111111111111111111 8 715051400114630 111111111111111111 715051406114630 10.62 4.17 2.40
0111111111111111111 8 715051400114630 111111111111111111 715051407114630 10.62 4.17 2.40
0111111111111111111 8 715051400114630 111111111111111111 715051400014630 10.62 4.17 2.40
0111111111111111111 8 715051400114630 111111111111111111 715051400214630 10.62 4.17 2.40
0111111111111111111 8 715051400114630 111111111111111111 715051400314630 10.62 4.17 2.40
0111111111111111111 8 715051400114630 111111111111111111 715051400414630 10.62 4.17 2.40
0111111111111111111 8 715051400114630 111111111111111111 715051400514630 10.62 4.17 2.40
0111111111111111111 8 715051400114630 111111111111111111 715051400614630 10.62 4.17 2.40
0111111111111111111 8 715051400114630 111111111111111111 715051400714630 10.62 4.17 2.40
0111111111111111111 8 715051400114630 111111111111111111 715051400104630 10.62 4.17 2.40
0111111111111111111 8 715051400114630 111111111111111111 715051400124630 10.62 4.17 2.40
0111111111111111111 8 715051400114630 111111111111111111 715051400134630 10.62 4.17 2.40
0111111111111111111 8 715051400114630 111111111111111111 715051400144630 10.62 4.17 2.40
0111111111111111111 8 715051400114630 111111111111111111 715051400154630 10.62 4.17 2.40
0111111111111111111 8 715051400114630 111111111111111111 715051400164630 10.62 4.17 2.40
0111111111111111111 8 715051400114630 111111111111111111 715051400174630 10.62 4.17 2.40
0111111111111111111 8 715051400114630 111111111111111111 715051400110630 10.62 4.17 2.40
0111111111111111111 8 715051400114630 111111111111111111 715051400111630 10.62 4.17 2.40
0111111111111111111 8 715051400114630 111111111111111111 715051400112630 10.62 4.17 2.40
0111111111111111111 8 715051400114630 111111111111111111 715051400113630 10.62 4.17 2.40
0111111111111111111 8 715051400114630 111111111111111111 715051400115630 10.62 4.17 2.40
0111111111111111111 8 715051400114630 111111111111111111 715051400116630 10.62 4.17 2.40
0111111111111111111 8 715051400114630 111111111111111111 715051400117630 10.62 4.17 2.40
0111111111111111111 8 715051400114630 111111111111111111 715051400114030 10.62 4.17 2.40
0111111111111111111 8 715051400114630 111111111111111111 715051400114130 10.62 4.17 2.40
0111111111111111111 8 715051400114630 111111111111111111 715051400114230 10.62 4.17 2.40
0111111111111111111 8 715051400114630 111111111111111111 715051400114330 10.62 4.17 2.40
0111111111111111111 8 715051400114630 111111111111111111 715051400114430 10.62 4.17 2.40
0111111111111111111 8 715051400114630 111111111111111111 715051400114530 10.62 4.17 2.40
0111111111111111111 8 715051400114630 111111111111111111 715051400114730 10.62 4.17 2.40
0111111111111111111 8 715051400114630 111111111111111111 715051400114600 10.62 4.17 2.40
0111111111111111111 8 715051400114630 111111111111111111 715051400114610 10.62 4.17 2.40
0111111111111111111 8 715051400114630 111111111111111111 715051400114620 10.62 4.17 2.40
0111111111111111111 8 715051400114630 111111111111111111 715051400114640 10.62 4.17 2.40
0111111111111111111 8 715051400114630 111111111111111111 715051400114650 10.62 4.17 2.40
0111111111111111111 8 715051400114630 111111111111111111 715051400114660 10.62 4.17 2.40
0111111111111111111 8 715051400114630 111111111111111111 715051400114670 10.62 4.17 2.40
0111111111111111111 8 715051400114630 111111111111111111 715051400114631 10.62 4.17 2.40
0111111111111111111 8 715051400114630 111111111111111111 715051400114632 10.62 4.17 2.40
0111111111111111111 8 715051400114630 111111111111111111 715051400114633 10.62 4.17 2.40
0111111111111111111 8 715051400114630 111111111111111111 715051400114634 10.62 4.17 2.40
0111111111111111111 8 715051400114630 111111111111111111 715051400114635 10.62 4.17 2.40
0111111111111111111 8 715051400114630 111111111111111111 715051400114636 10.62 4.17 2.40
0111111111111111111 8 715051400114630 111111111111111111 715051400114637 10.62 4.17 2.40
0111111111111111111 10 175352436313640 111111111111111111 075352436313640 10.62 4.17 2.40
0111111111111111111 10 175352436313640 111111111111111111 275352436313640 10.62 4.17 2.40
0111111111111111111 10 175352436313640 111111111111111111 375352436313640 10.62 4.17 2.40
0111111111111111111 10 175352436313640 111111111111111111 475352436313640 10.62 4.17 2.40
0111111111111111111 10 175352436313640 111111111111111111 575352436313640 10.62 4.17 2.40
0111111111111111111 10 175352436313640 111111111111111111 675352436313640 10.62 4.17 2.40
0111111111111111111 10 175352436313640 111111111111111111 775352436313640 10.62 4.17 2.40
0111111111111111111 10 175352436313640 111111111111111111 105352436313640 10.62 4.17 2.40
0111111111111111111 10 175352436313640 111111111111111111 115352436313640 10.62 4.17 2.40
0111111111111111111 10 175352436313640 111111111111111111 125352436313640 10.62 4.17 2.40
0111111111111111111 10 175352436313640 111111111111111111 135352436313640 10.62 4.17 2.40
0111111111111111111 10 175352436313640 111111111111111111 145352436313640 10.62 4.17 2.40
0111111111111111111 10 175352436313640 111111111111111111 155352436313640 10.62 4.17 2.40
0111111111111111111 10 175352436313640 111111111111111111 165352436313640 10.62 4.17 2.40
0111111111111111111 10 175352436313640 111111111111111111 170352436313640 10.62 4.17 2.40
0111111111111111111 10 175352436313640 111111111111111111 171352436313640 10.62 4.17 2.40
0111111111111111111 10 175352436313640 111111111111111111 172352436313640 10.62 4.17 2.40
0111111111111111111 10 175352436313640 111111111111111111 173352436313640 10.62 4.17 2.40
0111111111111111111 10 175352436313640 111111111111111111 174352436313640 10.62 4.17 2.40
0111111111111111111 10 175352436313640 111111111111111111 176352436313640 10.62 4.17 2.40
0111111111111111111 10 175352436313640 111111111111111111 177352436313640 10.62 4.17 2.40
0111111111111111111 10 175352436313640 111111111111111111 175052436313640 10.62 4.17 2.40
0111111111111111111 10 175352436313640 111111111111111111 175152436313640 10.62 4.17 2.40
0111111111111111111 10 175352436313640 111111111111111111 175252436313640 10.62 4.17 2.40
0111111111111111111 10 175352436313640 111111111111111111 175452436313640 10.62 4.17 2.40
0111111111111111111 10 175352436313640 111111111111111111 175552436313640 10.62 4.17 2.40
0111111111111111111 10 175352436313640 111111111111111111 175652436313640 10.62 4.17 2.40
0111111111111111111 10 175352436313640 111111111111111111 175752436313640 10.62 4.17 2.40
0111111111111111111 10 175352436313640 111111111111111111 175302436313640 10.62 4.17 2.40
0111111111111111111 10 175352436313640 111111111111111111 175312436313640 10.62 4.17 2.40
0111111111111111111 10 175352436313640 111111111111111111 175322436313640 10.62 4.17 2.40
0111111111111111111 10 175352436313640 111111111111111111 175332436313640 10.62 4.17 2.40
0111111111111111111 10 175352436313640 111111111111111111 175342436313640 10.62 4.17 2.40
0111111111111111111 10 175352436313640 111111111111111111 175362436313640 10.62 4.17 2.40
0111111111111111111 10 175352436313640 111111111111111111 175372436313640 10.62 4.17 2.40
0111111111111111111 10 175352436313640 111111111111111111 175350436313640 10.62 4.17 2.40
0111111111111111111 10 175352436313640 111111111111111111 175351436313640 10.62 4.17 2.40
0111111111111111111 10 175352436313640 111111111111111111 175353436313640 10.62 4.17 2.40
0111111111111111111 10 175352436313640 111111111111111111 175354436313640 10.62 4.17 2.40
0111111111111111111 10 175352436313640 111111111111111111 175355436313640 10.62 4.17 2.40
0111111111111111111 10 175352436313640 111111111111111111 175356436313640 10.62 4.17 2.40
0111111111111111111 10 175352436313640 111111111111111111 175357436313640 10.62 4.17 2.40
0111111111111111111 10 175352436313640 111111111110000000 175352036313640 10.62 12.51 7.60
0111111111111111111 10 175352436313640 111111111111111000 175352136313640 10.62 12.51 7.60
0111111111111111111 10 175352436313640 111111111111111111 175352236313640 10.62 4.17 2.40
0111111111111111111 10 175352436313640 111111111111111111 175352336313640 10.62 4.17 2.40
0111111111111111111 10 175352436313640 111111111111111111 175352536313640 10.62 4.17 2.40
0111111111111111111 10 175352436313640 111111111111111111 175352636313640 10.62 4.17 2.40
0111111111111111111 10 175352436313640 111111111111111111 175352736313640 10.62 4.17 2.40
0111111111111111111 10 175352436313640 111111111111111111 175352406313640 10.62 4.17 2.40
0111111111111111111 10 175352436313640 111111111111111111 175352416313640 10.62 4.17 2.40
0111111111111111111 10 175352436313640 111111111111111111 175352426313640 10.62 4.17 2.40
0111111111111111111 10 175352436313640 111111111111111111 175352446313640 10.62 4.17 2.40
0111111111111111111 10 175352436313640 111111111111111111 175352456313640 10.62 4.17 2.40
0111111111111111111 10 175352436313640 111111111111111111 175352466313640 10.62 4.17 2.40
0111111111111111111 10 175352436313640 111111111111111111 175352476313640 10.62 4.17 2.40
0111111111111111111 10 175352436313640 111111111111111111 175352430313640 10.62 4.17 2.40
0111111111111111111 10 175352436313640 111111111111111111 175352431313640 10.62 4.17 2.40
0111111111111111111 10 175352436313640 111111111111111111 175352432313640 10.62 4.17 2.40
0111111111111111111 10 175352436313640 111111111111111111 175352433313640 10.62 4.17 2.40
0111111111111111111 10 175352436313640 111111111111111111 175352434313640 10.62 4.17 2.40
0111111111111111111 10 175352436313640 111111111111111111 175352435313640 10.62 4.17 2.40
0111111111111111111 10 175352436313640 111111111111111111 175352437313640 10.62 4.17 2.40
0111111111111111111 10 175352436313640 111111111111111111 175352436013640 10.62 4.17 2.40
0111111111111111111 10 175352436313640 111111111111111111 175352436113640 10.62 4.17 2.40
0111111111111111111 10 175352436313640 111111111111111111 175352436213640 10.62 4.17 2.40
0111111111111111111 10 175352436313640 111111111111111111 175352436413640 10.62 4.17 2.40
0111111111111111111 10 175352436313640 111111111111111111 175352436513640 10.62 4.17 2.40
0111111111111111111 10 175352436313640 111111111111111111 175352436613640 10.62 4.17 2.40
0111111111111111111 10 175352436313640 111111111111111100 175352436713640 10.62 12.51 7.60
0111111111111111111 10 175352436313640 111111111111111111 175352436303640 10.62 4.17 2.40
0111111111111111111 10 175352436313640 111111111111111111 175352436323640 10.62 4.17 2.40
0111111111111111111 10 175352436313640 111111111111111111 175352436333640 10.62 4.17 2.40
0111111111111111111 10 175352436313640 111111111111111111 175352436343640 10.62 4.17 2.40
0111111111111111111 10 175352436313640 111111111111111111 175352436353640 10.62 4.17 2.40
0111111111111111111 10 175352436313640 111111111111111111 175352436363640 10.62 4.17 2.40
0111111111111111111 10 175352436313640 111111111111111111 175352436373640 10.62 4.17 2.40
0111111111111111111 10 175352436313640 111111111111111111 175352436310640 10.62 4.17 2.40
0111111111111111111 10 175352436313640 111111111111111111 175352436311640 10.62 4.17 2.40
0111111111111111111 10 175352436313640 111111111111111111 175352436312640 10.62 4.17 2.40
0111111111111111111 10 175352436313640 111111111111111111 175352436314640 10.62 4.17 2.40
0111111111111111111 10 175352436313640 111111111111111111 175352436315640 10.62 4.17 2.40
0111111111111111111 10 175352436313640 111111111111111110 175352436316640 10.62 10.42 5.00
0111111111111111111 10 175352436313640 111111111111111100 175352436317640 10.62 12.51 7.60
0111111111111111111 10 175352436313640 111111111111111111 175352436313040 10.62 4.17 2.40
0111111111111111111 10 175352436313640 111111111111111111 175352436313140 10.62 4.17 2.40
0111111111111111111 10 175352436313640 111111111111111111 175352436313240 10.62 4.17 2.40
0111111111111111111 10 175352436313640 111111111111111111 175352436313340 10.62 4.17 2.40
0111111111111111111 10 175352436313640 111111111111111111 175352436313440 10.62 4.17 2.40
0111111111111111111 10 175352436313640 111111111111111111 175352436313540 10.62 4.17 2.40
0111111111111111111 10 175352436313640 111111111111111111 175352436313740 10.62 4.17 2.40
0111111111111111111 10 175352436313640 111111111110000000 175352436313600 10.62 12.51 7.60
0111111111111111111 10 175352436313640 111111111111111000 175352436313610 10.62 12.51 7.60
0111111111111111111 10 175352436313640 111111111111111111 175352436313620 10.62 4.17 2.40
0111111111111111111 10 175352436313640 111111111111111111 175352436313630 10.62 4.17 2.40
0111111111111111111 10 175352436313640 111111111111111111 175352436313650 10.62 4.17 2.40
0111111111111111111 10 175352436313640 111111111111111111 175352436313660 10.62 4.17 2.40
0111111111111111111 10 175352436313640 111111111111111111 175352436313670 10.62 4.17 2.40
0111111111111111111 10 175352436313640 111111111111111100 175352436313641 10.62 12.51 7.60
0111111111111111111 10 175352436313640 111111111111000000 175352436313642 10.62 12.51 7.60
0111111111111111111 10 175352436313640 111111111100000000 175352436313643 10.62 12.51 7.60
0111111111111111111 10 175352436313640 111111111000000000 175352436313644 10.62 12.51 7.60
0111111111111111111 10 175352436313640 111111110000000000 175352436313645 10.62 12.51 7.60
0111111111111111111 10 175352436313640 111111100000000000 175352436313646 10.62 12.51 7.60
0111111111111111111 10 175352436313640 111111100000000000 175352436313647 10.62 12.51 7.60
0111111111111111111 11 457723262650771 111111111111111111 057723262650771 10.62 4.17 2.40
0111111111111111111 11 457723262650771 111111111111111111 157723262650771 10.62 4.17 2.40
0111111111111111111 11 457723262650771 111111111111111111 257723262650771 10.62 4.17 2.40
0111111111111111111 11 457723262650771 111111111111111111 357723262650771 10.62 4.17 2.40
0111111111111111111 11 457723262650771 111111111111111111 557723262650771 10.62 4.17 2.40
0111111111111111111 11 457723262650771 111111111111111111 657723262650771 10.62 4.17 2.40
0111111111111111111 11 457723262650771 111111111111111111 757723262650771 10.62 4.17 2.40
0111111111111111111 11 457723262650771 111111111111111111 407723262650771 10.62 4.17 2.40
0111111111111111111 11 457723262650771 111111111111111111 417723262650771 10.62 4.17 2.40
0111111111111111111 11 457723262650771 111111111111111111 427723262650771 10.62 4.17 2.40
0111111111111111111 11 457723262650771 111111111111111111 437723262650771 10.62 4.17 2.40
0111111111111111111 11 457723262650771 111111111111111111 447723262650771 10.62 4.17 2.40
0111111111111111111 11 457723262650771 111111111111111111 467723262650771 10.62 4.17 2.40
0111111111111111111 11 457723262650771 111111111111111111 477723262650771 10.62 4.17 2.40
0111111111111111111 11 457723262650771 111111111111111111 450723262650771 10.62 4.17 2.40
0111111111111111111 11 457723262650771 111111111111111111 451723262650771 10.62 4.17 2.40
0111111111111111111 11 457723262650771 111111111111111111 452723262650771 10.62 4.17 2.40
0111111111111111111 11 457723262650771 111111111111111111 453723262650771 10.62 4.17 2.40
0111111111111111111 11 457723262650771 111111111111111111 454723262650771 10.62 4.17 2.40
0111111111111111111 11 457723262650771 111111111111111111 455723262650771 10.62 4.17 2.40
0111111111111111111 11 457723262650771 111111111111111111 456723262650771 10.62 4.17 2.40
0111111111111111111 11 457723262650771 111111111111111111 457023262650771 10.62 4.17 2.40
0111111111111111111 11 457723262650771 111111111111111111 457123262650771 10.62 4.17 2.40
0111111111111111111 11 457723262650771 111111111111111111 457223262650771 10.62 4.17 2.40
0111111111111111111 11 457723262650771 111111111111111111 457323262650771 10.62 4.17 2.40
0111111111111111111 11 457723262650771 111111111111111111 457423262650771 10.62 4.17 2.40
0111111111111111111 11 457723262650771 111111111111111111 457523262650771 10.62 4.17 2.40
0111111111111111111 11 457723262650771 111111111111111111 457623262650771 10.62 4.17 2.40
0111111111111111111 11 457723262650771 111111111111111111 457703262650771 10.62 4.17 2.40
0111111111111111111 11 457723262650771 111111111111111111 457713262650771 10.62 4.17 2.40
0111111111111111111 11 457723262650771 111111111111111111 457733262650771 10.62 4.17 2.40
0111111111111111111 11 457723262650771 111111111111111111 457743262650771 10.62 4.17 2.40
0111111111111111111 11 457723262650771 111111111111111111 457753262650771 10.62 4.17 2.40
0111111111111111111 11 457723262650771 111111111111111111 457763262650771 10.62 4.17 2.40
0111111111111111111 11 457723262650771 111111111111111111 457773262650771 10.62 4.17 2.40
0111111111111111111 11 457723262650771 111111111111111111 457720262650771 10.62 4.17 2.40
0111111111111111111 11 457723262650771 111111111111111111 457721262650771 10.62 4.17 2.40
0111111111111111111 11 457723262650771 111111111111111111 457722262650771 10.62 4.17 2.40
0111111111111111111 11 457723262650771 111111111111111111 457724262650771 10.62 4.17 2.40
0111111111111111111 11 457723262650771 111111111111111111 457725262650771 10.62 4.17 2.40
0111111111111111111 11 457723262650771 111111111111111111 457726262650771 10.62 4.17 2.40
0111111111111111111 11 457723262650771 111111111111111111 457727262650771 10.62 4.17 2.40
0111111111111111111 11 457723262650771 111111111111111111 457723062650771 10.62 4.17 2.40
0111111111111111111 11 457723262650771 111111111111111111 457723162650771 10.62 4.17 2.40
0111111111111111111 11 457723262650771 111111111111111111 457723362650771 10.62 4.17 2.40
0111111111111111111 11 457723262650771 111111111111111111 457723462650771 10.62 4.17 2.40
0111111111111111111 11 457723262650771 111111111111111111 457723562650771 10.62 4.17 2.40
0111111111111111111 11 457723262650771 111111111111111111 457723662650771 10.62 4.17 2.40
0111111111111111111 11 457723262650771 111111111111111111 457723762650771 10.62 4.17 2.40
0111111111111111111 11 457723262650771 111111111111111111 457723202650771 10.62 4.17 2.40
0111111111111111111 11 457723262650771 111111111111111111 457723212650771 10.62 4.17 2.40
0111111111111111111 11 457723262650771 111111111111111111 457723222650771 10.62 4.17 2.40
0111111111111111111 11 457723262650771 111111111111111111 457723232650771 10.62 4.17 2.40
0111111111111111111 11 457723262650771 111111111111111111 457723242650771 10.62 4.17 2.40
0111111111111111111 11 457723262650771 111111111111111111 457723252650771 10.62 4.17 2.40
0111111111111111111 11 457723262650771 111111111111111111 457723272650771 10.62 4.17 2.40
0111111111111111111 11 457723262650771 111111111111111111 457723260650771 10.62 4.17 2.40
0111111111111111111 11 457723262650771 111111111111111111 457723261650771 10.62 4.17 2.40
0111111111111111111 11 457723262650771 111111111111111111 457723263650771 10.62 4.17 2.40
0111111111111111111 11 457723262650771 111111111111111111 457723264650771 10.62 4.17 2.40
0111111111111111111 11 457723262650771 111111111111111111 457723265650771 10.62 4.17 2.40
0111111111111111111 11 457723262650771 111111111111111111 457723266650771 10.62 4.17 2.40
0111111111111111111 11 457723262650771 111111111111111111 457723267650771 10.62 4.17 2.40
0111111111111111111 11 457723262650771 111111111111111111 457723262050771 10.62 4.17 2.40
0111111111111111111 11 457723262650771 111111111111111111 457723262150771 10.62 4.17 2.40
0111111111111111111 11 457723262650771 111111111111111111 457723262250771 10.62 4.17 2.40
0111111111111111111 11 457723262650771 111111111111111111 457723262350771 10.62 4.17 2.40
0111111111111111111 11 457723262650771 111111111111111111 457723262450771 10.62 4.17 2.40
0111111111111111111 11 457723262650771 111111111111111111 457723262550771 10.62 4.17 2.40
0111111111111111111 11 457723262650771 111111111111111111 457723262750771 10.62 4.17 2.40
0111111111111111111 11 457723262650771 111111111111111111 457723262600771 10.62 4.17 2.40
0111111111111111111 11 457723262650771 111111111111111111 457723262610771 10.62 4.17 2.40
0111111111111111111 11 457723262650771 111111111111111111 457723262620771 10.62 4.17 2.40
0111111111111111111 11 457723262650771 111111111111111111 457723262630771 10.62 4.17 2.40
0111111111111111111 11 457723262650771 111111111111111111 457723262640771 10.62 4.17 2.40
0111111111111111111 11 457723262650771 111111111111111111 457723262660771 10.62 4.17 2.40
0111111111111111111 11 457723262650771 111111111111111111 457723262670771 10.62 4.17 2.40
0111111111111111111 11 457723262650771 111111111111111111 457723262651771 10.62 4.17 2.40
0111111111111111111 11 457723262650771 111111111111111111 457723262652771 10.62 4.17 2.40
0111111111111111111 11 457723262650771 111111111111111111 457723262653771 10.62 4.17 2.40
0111111111111111111 11 457723262650771 111111111111111111 457723262654771 10.62 4.17 2.40
0111111111111111111 11 457723262650771 111111111111111111 457723262655771 10.62 4.17 2.40
0111111111111111111 11 457723262650771 111111111111111111 457723262656771 10.62 4.17 2.40
0111111111111111111 11 457723262650771 111111111111111111 457723262657771 10.62 4.17 2.40
0111111111111111111 11 457723262650771 111111111111111111 457723262650071 10.62 4.17 2.40
0111111111111111111 11 457723262650771 111111111111111111 457723262650171 10.62 4.17 2.40
0111111111111111111 11 457723262650771 111111111111111111 457723262650271 10.62 4.17 2.40
0111111111111111111 11 457723262650771 111111111111111111 457723262650371 10.62 4.17 2.40
0111111111111111111 11 457723262650771 111111111111111111 457723262650471 10.62 4.17 2.40
0111111111111111111 11 457723262650771 111111111111111111 457723262650571 10.62 4.17 2.40
0111111111111111111 11 457723262650771 111111111111111111 457723262650671 10.62 4.17 2.40
0111111111111111111 11 457723262650771 111111111111111111 457723262650701 10.62 4.17 2.40
0111111111111111111 11 457723262650771 111111111111111111 457723262650711 10.62 4.17 2.40
0111111111111111111 11 457723262650771 111111111111111111 457723262650721 10.62 4.17 2.40
0111111111111111111 11 457723262650771 111111111111111111 457723262650731 10.62 4.17 2.40
0111111111111111111 11 457723262650771 111111111111111111 457723262650741 10.62 4.17 2.40
0111111111111111111 11 457723262650771 111111111111111111 457723262650751 10.62 4.17 2.40
0111111111111111111 11 457723262650771 111111111111111111 457723262650761 10.62 4.17 2.40
0111111111111111111 11 457723262650771 111111111111111111 457723262650770 10.62 4.17 2.40
0111111111111111111 11 457723262650771 111111111111111111 457723262650772 10.62 4.17 2.40
0111111111111111111 11 457723262650771 111111111111111111 457723262650773 10.62 4.17 2.40
0111111111111111111 11 457723262650771 111111111111111111 457723262650774 10.62 4.17 2.40
0111111111111111111 11 457723262650771 111111111111111111 457723262650775 10.62 4.17 2.40
0111111111111111111 11 457723262650771 111111111111111111 457723262650776 10.62 4.17 2.40
0111111111111111111 11 457723262650771 111111111111111111 457723262650777 10.62 4.17 2.40
0111111111111111111 16 266671312500664 111111111111111111 066671312500664 10.62 4.17 2.40
0111111111111111111 16 266671312500664 111111111111111111 166671312500664 10.62 4.17 2.40
0111111111111111111 16 266671312500664 111111111111111111 366671312500664 10.62 4.17 2.40
0111111111111111111 16 266671312500664 111111111111111111 466671312500664 10.62 4.17 2.40
0111111111111111111 16 266671312500664 111111111111111111 566671312500664 10.62 4.17 2.40
0111111111111111111 16 266671312500664 111111111111111111 666671312500664 10.62 4.17 2.40
0111111111111111111 16 266671312500664 111111111111111111 766671312500664 10.62 4.17 2.40
0111111111111111111 16 266671312500664 111111111111111111 206671312500664 10.62 4.17 2.40
0111111111111111111 16 266671312500664 111111111111111111 216671312500664 10.62 4.17 2.40
0111111111111111111 16 266671312500664 111111111111111111 226671312500664 10.62 4.17 2.40
0111111111111111111 16 266671312500664 111111111111111111 236671312500664 10.62 4.17 2.40
0111111111111111111 16 266671312500664 111111111111111111 246671312500664 10.62 4.17 2.40
0111111111111111111 16 266671312500664 111111111111111111 256671312500664 10.62 4.17 2.40
0111111111111111111 16 266671312500664 111111111111111111 276671312500664 10.62 4.17 2.40
0111111111111111111 16 266671312500664 111111111111111111 260671312500664 10.62 4.17 2.40
0111111111111111111 16 266671312500664 111111111111111111 261671312500664 10.62 4.17 2.40
0111111111111111111 16 266671312500664 111111111111111111 262671312500664 10.62 4.17 2.40
0111111111111111111 16 266671312500664 111111111111111111 263671312500664 10.62 4.17 2.40
0111111111111111111 16 266671312500664 111111111111111111 264671312500664 10.62 4.17 2.40
0111111111111111111 16 266671312500664 111111111111111111 265671312500664 10.62 4.17 2.40
0111111111111111111 16 266671312500664 111111111111111111 267671312500664 10.62 4.17 2.40
0111111111111111111 16 266671312500664 111111111111111111 266071312500664 10.62 4.17 2.40
0111111111111111111 16 266671312500664 111111111111111111 266171312500664 10.62 4.17 2.40
0111111111111111111 16 266671312500664 111111111111111111 266271312500664 10.62 4.17 2.40
0111111111111111111 16 266671312500664 111111111111111111 266371312500664 10.62 4.17 2.40
0111111111111111111 16 266671312500664 111111111111111111 266471312500664 10.62 4.17 2.40
0111111111111111111 16 266671312500664 111111111111111111 266571312500664 10.62 4.17 2.40
0111111111111111111 16 266671312500664 111111111111111111 266771312500664 10.62 4.17 2.40
0111111111111111111 16 266671312500664 111111111111111111 266601312500664 10.62 4.17 2.40
0111111111111111111 16 266671312500664 111111111111111111 266611312500664 10.62 4.17 2.40
0111111111111111111 16 266671312500664 111111111111111111 266621312500664 10.62 4.17 2.40
0111111111111111111 16 266671312500664 111111111111111111 266631312500664 10.62 4.17 2.40
0111111111111111111 16 266671312500664 111111111111111111 266641312500664 10.62 4.17 2.40
0111111111111111111 16 266671312500664 111111111111111111 266651312500664 10.62 4.17 2.40
0111111111111111111 16 266671312500664 111111111111111111 266661312500664 10.62 4.17 2.40
0111111111111111111 16 266671312500664 111111111111111111 266670312500664 10.62 4.17 2.40
0111111111111111111 16 266671312500664 111111111111111111 266672312500664 10.62 4.17 2.40
0111111111111111111 16 266671312500664 111111111111111111 266673312500664 10.62 4.17 2.40
0111111111111111111 16 266671312500664 111111111111111111 266674312500664 10.62 4.17 2.40
0111111111111111111 16 266671312500664 111111111111111111 266675312500664 10.62 4.17 2.40
0111111111111111111 16 266671312500664 111111111111111111 266676312500664 10.62 4.17 2.40
0111111111111111111 16 266671312500664 111111111111111111 266677312500664 10.62 4.17 2.40
0111111111111111111 16 266671312500664 111111111100000000 266671012500664 10.62 12.51 7.60
0111111111111111111 16 266671312500664 111111111111111000 266671112500664 10.62 12.51 7.60
0111111111111111111 16 266671312500664 111111111111111111 266671212500664 10.62 4.17 2.40
0111111111111111111 16 266671312500664 111111111111111111 266671412500664 10.62 4.17 2.40
0111111111111111111 16 266671312500664 111111111111111111 266671512500664 10.62 4.17 2.40
0111111111111111111 16 266671312500664 111111111111111111 266671612500664 10.62 4.17 2.40
0111111111111111111 16 266671312500664 111111111111111111 266671712500664 10.62 4.17 2.40
0111111111111111111 16 266671312500664 111111111111111111 266671302500664 10.62 4.17 2.40
0111111111111111111 16 266671312500664 111111111111111111 266671322500664 10.62 4.17 2.40
0111111111111111111 16 266671312500664 111111111111111111 266671332500664 10.62 4.17 2.40
0111111111111111111 16 266671312500664 111111111111111111 266671342500664 10.62 4.17 2.40
0111111111111111111 16 266671312500664 111111111111111111 266671352500664 10.62 4.17 2.40
0111111111111111111 16 266671312500664 111111111111111111 266671362500664 10.62 4.17 2.40
0111111111111111111 16 266671312500664 111111111111111111 266671372500664 10.62 4.17 2.40
0111111111111111111 16 266671312500664 111111111111111111 266671310500664 10.62 4.17 2.40
0111111111111111111 16 266671312500664 111111111111111111 266671311500664 10.62 4.17 2.40
0111111111111111111 16 266671312500664 111111111111111111 266671313500664 10.62 4.17 2.40
0111111111111111111 16 266671312500664 111111111111111110 266671314500664 10.62 10.42 5.00
0111111111111111111 16 266671312500664 111111111111111000 266671315500664 10.62 12.51 7.60
0111111111111111111 16 266671312500664 111111111111100000 266671316500664 10.62 12.51 7.60
0111111111111111111 16 266671312500664 111111111111000000 266671317500664 10.62 12.51 7.60
0111111111111111111 16 266671312500664 111111111111111101 266671312000664 10.62 14.59 10.20
0111111111111111111 16 266671312500664 111111111111111111 266671312100664 10.62 4.17 2.40
0111111111111111111 16 266671312500664 111111111111111111 266671312200664 10.62 4.17 2.40
0111111111111111111 16 266671312500664 111111111111111111 266671312300664 10.62 4.17 2.40
0111111111111111111 16 266671312500664 111111111111111111 266671312400664 10.62 4.17 2.40
0111111111111111111 16 266671312500664 111111111111111111 266671312600664 10.62 4.17 2.40
0111111111111111111 16 266671312500664 111111111111111111 266671312700664 10.62 4.17 2.40
0111111111111111111 16 266671312500664 111111111111111111 266671312510664 10.62 4.17 2.40
0111111111111111111 16 266671312500664 111111111111111111 266671312520664 10.62 4.17 2.40
0111111111111111111 16 266671312500664 111111111111111111 266671312530664 10.62 4.17 2.40
0111111111111111111 16 266671312500664 111111111111111111 266671312540664 10.62 4.17 2.40
0111111111111111111 16 266671312500664 111111111111111111 266671312550664 10.62 4.17 2.40
0111111111111111111 16 266671312500664 111111111111111111 266671312560664 10.62 4.17 2.40
0111111111111111111 16 266671312500664 111111111111111111 266671312570664 10.62 4.17 2.40
0111111111111111111 16 266671312500664 111111111111111100 266671312501664 10.62 12.51 7.60
0111111111111111111 16 266671312500664 111111111111100000 266671312502664 10.62 12.51 7.60
0111111111111111111 16 266671312500664 111111111110000000 266671312503664 10.62 12.51 7.60
0111111111111111111 16 266671312500664 111111111000000000 266671312504664 10.62 12.51 7.60
0111111111111111111 16 266671312500664 111111110000000000 266671312505664 10.62 12.51 7.60
0111111111111111111 16 266671312500664 111111110000000000 266671312506664 10.62 12.51 7.60
0111111111111111111 16 266671312500664 111111100000000001 266671312507664 10.62 14.59 10.20
0111111111111111111 16 266671312500664 111111111111111111 266671312500064 10.62 4.17 2.40
0111111111111111111 16 266671312500664 111111111111111111 266671312500164 10.62 4.17 2.40
0111111111111111111 16 266671312500664 111111111111111111 266671312500264 10.62 4.17 2.40
0111111111111111111 16 266671312500664 111111111111111111 266671312500364 10.62 4.17 2.40
0111111111111111111 16 266671312500664 111111111111111111 266671312500464 10.62 4.17 2.40
0111111111111111111 16 266671312500664 111111111111111111 266671312500564 10.62 4.17 2.40
0111111111111111111 16 266671312500664 111111111111111111 266671312500764 10.62 4.17 2.40
0111111111111111111 16 266671312500664 111111100000000000 266671312500604 10.62 12.51 7.60
0111111111111111111 16 266671312500664 111111111110000000 266671312500614 10.62 12.51 7.60
0111111111111111111 16 266671312500664 111111111111110000 266671312500624 10.62 12.51 7.60
0111111111111111111 16 266671312500664 111111111111111110 266671312500634 10.62 10.42 5.00
0111111111111111111 16 266671312500664 111111111111111111 266671312500644 10.62 4.17 2.40
0111111111111111111 16 266671312500664 111111111111111111 266671312500654 10.62 4.17 2.40
0111111111111111111 16 266671312500664 111111111111111111 266671312500674 10.62 4.17 2.40
0111111111111111111 16 266671312500664 111111111111111111 266671312500660 10.62 4.17 2.40
0111111111111111111 16 266671312500664 111111111111111111 266671312500661 10.62 4.17 2.40
0111111111111111111 16 266671312500664 111111111111111111 266671312500662 10.62 4.17 2.40
0111111111111111111 16 266671312500664 111111111111111111 266671312500663 10.62 4.17 2.40
0111111111111111111 16 266671312500664 111111111111111111 266671312500665 10.62 4.17 2.40
0111111111111111111 16 266671312500664 111111111111111111 266671312500666 10.62 4.17 2.40
0111111111111111111 16 266671312500664 111111111111111110 266671312500667 10.62 10.42 5.00
0111111111111111111 17 071777546620255 111111111111111111 171777546620255 10.62 4.17 2.40
0111111111111111111 17 071777546620255 111111111111111111 271777546620255 10.62 4.17 2.40
0111111111111111111 17 071777546620255 111111111111111110 371777546620255 10.62 10.42 5.00
0111111111111111111 17 071777546620255 111111111111111110 471777546620255 10.62 10.42 5.00
0111111111111111111 17 071777546620255 111111111111111110 571777546620255 10.62 10.42 5.00
0111111111111111111 17 071777546620255 111111111111111110 671777546620255 10.62 10.42 5.00
0111111111111111111 17 071777546620255 111111111111111110 771777546620255 10.62 10.42 5.00
0111111111111111111 17 071777546620255 111111111111111110 001777546620255 10.62 10.42 5.00
0111111111111111111 17 071777546620255 111111111111111111 011777546620255 10.62 4.17 2.40
0111111111111111111 17 071777546620255 111111111111111111 021777546620255 10.62 4.17 2.40
0111111111111111111 17 071777546620255 111111111111111111 031777546620255 10.62 4.17 2.40
0111111111111111111 17 071777546620255 111111111111111111 041777546620255 10.62 4.17 2.40
0111111111111111111 17 071777546620255 111111111111111111 051777546620255 10.62 4.17 2.40
0111111111111111111 17 071777546620255 111111111111111111 061777546620255 10.62 4.17 2.40
0111111111111111111 17 071777546620255 111111111111111111 070777546620255 10.62 4.17 2.40
0111111111111111111 17 071777546620255 111111111111111111 072777546620255 10.62 4.17 2.40
0111111111111111111 17 071777546620255 111111111111111111 073777546620255 10.62 4.17 2.40
0111111111111111111 17 071777546620255 111111111111111111 074777546620255 10.62 4.17 2.40
0111111111111111111 17 071777546620255 111111111111111111 075777546620255 10.62 4.17 2.40
0111111111111111111 17 071777546620255 111111111111111111 076777546620255 10.62 4.17 2.40
0111111111111111111 17 071777546620255 111111111111111111 077777546620255 10.62 4.17 2.40
0111111111111111111 17 071777546620255 111111111111111111 071077546620255 10.62 4.17 2.40
0111111111111111111 17 071777546620255 111111111111111111 071177546620255 10.62 4.17 2.40
0111111111111111111 17 071777546620255 111111111111111111 071277546620255 10.62 4.17 2.40
0111111111111111111 17 071777546620255 111111111111111111 071377546620255 10.62 4.17 2.40
0111111111111111111 17 071777546620255 111111111111111111 071477546620255 10.62 4.17 2.40
0111111111111111111 17 071777546620255 111111111111111111 071577546620255 10.62 4.17 2.40
0111111111111111111 17 071777546620255 111111111111111111 071677546620255 10.62 4.17 2.40
0111111111111111111 17 071777546620255 111111111111111111 071707546620255 10.62 4.17 2.40
0111111111111111111 17 071777546620255 111111111111111111 071717546620255 10.62 4.17 2.40
0111111111111111111 17 071777546620255 111111111111111111 071727546620255 10.62 4.17 2.40
0111111111111111111 17 071777546620255 111111111111111111 071737546620255 10.62 4.17 2.40
0111111111111111111 17 071777546620255 111111111111111111 071747546620255 10.62 4.17 2.40
0111111111111111111 17 071777546620255 111111111111111111 071757546620255 10.62 4.17 2.40
0111111111111111111 17 071777546620255 111111111111111111 071767546620255 10.62 4.17 2.40
0111111111111111111 17 071777546620255 111111111111111111 071770546620255 10.62 4.17 2.40
0111111111111111111 17 071777546620255 111111111111111111 071771546620255 10.62 4.17 2.40
0111111111111111111 17 071777546620255 111111111111111111 071772546620255 10.62 4.17 2.40
0111111111111111111 17 071777546620255 111111111111111111 071773546620255 10.62 4.17 2.40
0111111111111111111 17 071777546620255 111111111111111111 071774546620255 10.62 4.17 2.40
0111111111111111111 17 071777546620255 111111111111111111 071775546620255 10.62 4.17 2.40
0111111111111111111 17 071777546620255 111111111111111111 071776546620255 10.62 4.17 2.40
0111111111111111111 17 071777546620255 111111111111111111 071777046620255 10.62 4.17 2.40
0111111111111111111 17 071777546620255 111111100000000000 071777146620255 10.62 12.51 7.60
0111111111111111111 17 071777546620255 111111111100000000 071777246620255 10.62 12.51 7.60
0111111111111111111 17 071777546620255 111111111111100000 071777346620255 10.62 12.51 7.60
0111111111111111111 17 071777546620255 111111111111111000 071777446620255 10.62 12.51 7.60
0111111111111111111 17 071777546620255 111111111111111111 071777646620255 10.62 4.17 2.40
0111111111111111111 17 071777546620255 111111111111111111 071777746620255 10.62 4.17 2.40
0111111111111111111 17 071777546620255 111111111111111111 071777506620255 10.62 4.17 2.40
0111111111111111111 17 071777546620255 111111111111111111 071777516620255 10.62 4.17 2.40
0111111111111111111 17 071777546620255 111111111111111111 071777526620255 10.62 4.17 2.40
0111111111111111111 17 071777546620255 111111111111111111 071777536620255 10.62 4.17 2.40
0111111111111111111 17 071777546620255 111111111111111111 071777556620255 10.62 4.17 2.40
0111111111111111111 17 071777546620255 111111111111111111 071777566620255 10.62 4.17 2.40
0111111111111111111 17 071777546620255 111111111111111111 071777576620255 10.62 4.17 2.40
0111111111111111111 17 071777546620255 111111111111111111 071777540620255 10.62 4.17 2.40
0111111111111111111 17 071777546620255 111111111111111111 071777541620255 10.62 4.17 2.40
0111111111111111111 17 071777546620255 111111111111111111 071777542620255 10.62 4.17 2.40
0111111111111111111 17 071777546620255 111111111111111111 071777543620255 10.62 4.17 2.40
0111111111111111111 17 071777546620255 111111111111111111 071777544620255 10.62 4.17 2.40
0111111111111111111 17 071777546620255 111111111111111111 071777545620255 10.62 4.17 2.40
0111111111111111111 17 071777546620255 111111111111111100 071777547620255 10.62 12.51 7.60
0111111111111111111 17 071777546620255 111111111000000000 071777546020255 10.62 12.51 7.60
0111111111111111111 17 071777546620255 111111111111111111 071777546120255 10.62 4.17 2.40
0111111111111111111 17 071777546620255 111111111111111111 071777546220255 10.62 4.17 2.40
0111111111111111111 17 071777546620255 111111111111111111 071777546320255 10.62 4.17 2.40
0111111111111111111 17 071777546620255 111111111111111111 071777546420255 10.62 4.17 2.40
0111111111111111111 17 071777546620255 111111111111111111 071777546520255 10.62 4.17 2.40
0111111111111111111 17 071777546620255 111111111111111100 071777546720255 10.62 12.51 7.60
0111111111111111111 17 071777546620255 111111111111000000 071777546600255 10.62 12.51 7.60
0111111111111111111 17 071777546620255 111111111111111000 071777546610255 10.62 12.51 7.60
0111111111111111111 17 071777546620255 111111111111111111 071777546630255 10.62 4.17 2.40
0111111111111111111 17 071777546620255 111111111111111111 071777546640255 10.62 4.17 2.40
0111111111111111111 17 071777546620255 111111111111111111 071777546650255 10.62 4.17 2.40
0111111111111111111 17 071777546620255 111111111111111111 071777546660255 10.62 4.17 2.40
0111111111111111111 17 071777546620255 111111111111111111 071777546670255 10.62 4.17 2.40
0111111111111111111 17 071777546620255 111111111110000000 071777546621255 10.62 12.51 7.60
0111111111111111111 17 071777546620255 111111111000000000 071777546622255 10.62 12.51 7.60
0111111111111111111 17 071777546620255 111111100000000000 071777546623255 10.62 12.51 7.60
0111111111111111111 17 071777546620255 111111000000000000 071777546624255 10.62 12.51 7.60
0111111111111111111 17 071777546620255 111111000000000000 071777546625255 10.62 12.51 7.60
0111111111111111111 17 071777546620255 111110000000000011 071777546626255 10.62 16.68 12.80
0111111111111111111 17 071777546620255 111110000000000111 071777546627255 10.62 16.68 12.80
0111111111111111111 17 071777546620255 111111111111111111 071777546620055 10.62 4.17 2.40
0111111111111111111 17 071777546620255 111111111111111111 071777546620155 10.62 4.17 2.40
0111111111111111111 17 071777546620255 111111111111111111 071777546620355 10.62 4.17 2.40
0111111111111111111 17 071777546620255 111111111111111111 071777546620455 10.62 4.17 2.40
0111111111111111111 17 071777546620255 111111111111111111 071777546620555 10.62 4.17 2.40
0111111111111111111 17 071777546620255 111111111111111111 071777546620655 10.62 4.17 2.40
0111111111111111111 17 071777546620255 111111111111111111 071777546620755 10.62 4.17 2.40
0111111111111111111 17 071777546620255 111110000000000000 071777546620205 10.62 12.51 7.60
0111111111111111111 17 071777546620255 111111100000000000 071777546620215 10.62 12.51 7.60
0111111111111111111 17 071777546620255 111111111100000000 071777546620225 10.62 12.51 7.60
0111111111111111111 17 071777546620255 111111111111100000 071777546620235 10.62 12.51 7.60
0111111111111111111 17 071777546620255 111111111111111000 071777546620245 10.62 12.51 7.60
0111111111111111111 17 071777546620255 111111111111111111 071777546620265 10.62 4.17 2.40
0111111111111111111 17 071777546620255 111111111111111111 071777546620275 10.62 4.17 2.40
0111111111111111111 17 071777546620255 111111111111111111 071777546620250 10.62 4.17 2.40
0111111111111111111 17 071777546620255 111111111111111111 071777546620251 10.62 4.17 2.40
0111111111111111111 17 071777546620255 111111111111111111 071777546620252 10.62 4.17 2.40
0111111111111111111 17 071777546620255 111111111111111111 071777546620253 10.62 4.17 2.40
0111111111111111111 17 071777546620255 111111111111111111 071777546620254 10.62 4.17 2.40
0111111111111111111 17 071777546620255 111111111111111100 071777546620256 10.62 12.51 7.60
0111111111111111111 17 071777546620255 111111111111110000 071777546620257 10.62 12.51 7.60
0111111111111111111 20 006032571100231 111111111111111111 106032571100231 10.62 4.17 2.40
0111111111111111111 20 006032571100231 111111111111111111 206032571100231 10.62 4.17 2.40
0111111111111111111 20 006032571100231 111111111111111111 306032571100231 10.62 4.17 2.40
0111111111111111111 20 006032571100231 111111111111111111 406032571100231 10.62 4.17 2.40
0111111111111111111 20 006032571100231 111111111111111111 506032571100231 10.62 4.17 2.40
0111111111111111111 20 006032571100231 111111111111111111 606032571100231 10.62 4.17 2.40
0111111111111111111 20 006032571100231 111111111111111111 706032571100231 10.62 4.17 2.40
0111111111111111111 20 006032571100231 111111111111111111 016032571100231 10.62 4.17 2.40
0111111111111111111 20 006032571100231 111111111111111111 026032571100231 10.62 4.17 2.40
0111111111111111111 20 006032571100231 111111111111111111 036032571100231 10.62 4.17 2.40
0111111111111111111 20 006032571100231 111111111111111111 046032571100231 10.62 4.17 2.40
0111111111111111111 20 006032571100231 111111111111111111 056032571100231 10.62 4.17 2.40
0111111111111111111 20 006032571100231 111111111111111111 066032571100231 10.62 4.17 2.40
0111111111111111111 20 006032571100231 111111111111111111 076032571100231 10.62 4.17 2.40
0111111111111111111 20 006032571100231 111111111111111111 000032571100231 10.62 4.17 2.40
0111111111111111111 20 006032571100231 111111111111111111 001032571100231 10.62 4.17 2.40
0111111111111111111 20 006032571100231 111111111111111111 002032571100231 10.62 4.17 2.40
0111111111111111111 20 006032571100231 111111111111111111 003032571100231 10.62 4.17 2.40
0111111111111111111 20 006032571100231 111111111111111111 004032571100231 10.62 4.17 2.40
0111111111111111111 20 006032571100231 111111111111111111 005032571100231 10.62 4.17 2.40
0111111111111111111 20 006032571100231 111111111111111111 007032571100231 10.62 4.17 2.40
0111111111111111111 20 006032571100231 111111111111111111 006132571100231 10.62 4.17 2.40
0111111111111111111 20 006032571100231 111111111111111111 006232571100231 10.62 4.17 2.40
0111111111111111111 20 006032571100231 111111111111111111 006332571100231 10.62 4.17 2.40
0111111111111111111 20 006032571100231 111111111111111111 006432571100231 10.62 4.17 2.40
0111111111111111111 20 006032571100231 111111111111111111 006532571100231 10.62 4.17 2.40
0111111111111111111 20 006032571100231 111111111111111111 006632571100231 10.62 4.17 2.40
0111111111111111111 20 006032571100231 111111111111111111 006732571100231 10.62 4.17 2.40
0111111111111111111 20 006032571100231 111111111111111111 006002571100231 10.62 4.17 2.40
0111111111111111111 20 006032571100231 111111111111111111 006012571100231 10.62 4.17 2.40
0111111111111111111 20 006032571100231 111111111111111111 006022571100231 10.62 4.17 2.40
0111111111111111111 20 006032571100231 111111111111111111 006042571100231 10.62 4.17 2.40
0111111111111111111 20 006032571100231 111111111111111111 006052571100231 10.62 4.17 2.40
0111111111111111111 20 006032571100231 111111111111111111 006062571100231 10.62 4.17 2.40
0111111111111111111 20 006032571100231 111111111111111111 006072571100231 10.62 4.17 2.40
0111111111111111111 20 006032571100231 111111111111111111 006030571100231 10.62 4.17 2.40
0111111111111111111 20 006032571100231 111111111111111111 006031571100231 10.62 4.17 2.40
0111111111111111111 20 006032571100231 111111111111111111 006033571100231 10.62 4.17 2.40
0111111111111111111 20 006032571100231 111111111111111111 006034571100231 10.62 4.17 2.40
0111111111111111111 20 006032571100231 111111111111111111 006035571100231 10.62 4.17 2.40
0111111111111111111 20 006032571100231 111111111111111111 006036571100231 10.62 4.17 2.40
0111111111111111111 20 006032571100231 111111111111111111 006037571100231 10.62 4.17 2.40
0111111111111111111 20 006032571100231 111111111111111111 006032071100231 10.62 4.17 2.40
0111111111111111111 20 006032571100231 111111111111111111 006032171100231 10.62 4.17 2.40
0111111111111111111 20 006032571100231 111111111111111111 006032271100231 10.62 4.17 2.40
0111111111111111111 20 006032571100231 111111111111111111 006032371100231 10.62 4.17 2.40
0111111111111111111 20 006032571100231 111111111111111111 006032471100231 10.62 4.17 2.40
0111111111111111111 20 006032571100231 111111111111111111 006032671100231 10.62 4.17 2.40
0111111111111111111 20 006032571100231 111111111111111111 006032771100231 10.62 4.17 2.40
0111111111111111111 20 006032571100231 111111111111111111 006032501100231 10.62 4.17 2.40
0111111111111111111 20 006032571100231 111111111111111111 006032511100231 10.62 4.17 2.40
0111111111111111111 20 006032571100231 111111111111111111 006032521100231 10.62 4.17 2.40
0111111111111111111 20 006032571100231 111111111111111111 006032531100231 10.62 4.17 2.40
0111111111111111111 20 006032571100231 111111111111111111 006032541100231 10.62 4.17 2.40
0111111111111111111 20 006032571100231 111111111111111111 006032551100231 10.62 4.17 2.40
0111111111111111111 20 006032571100231 111111111111111111 006032561100231 10.62 4.17 2.40
0111111111111111111 20 006032571100231 111111111111111111 006032570100231 10.62 4.17 2.40
0111111111111111111 20 006032571100231 111111111111111111 006032572100231 10.62 4.17 2.40
0111111111111111111 20 006032571100231 111111111111111111 006032573100231 10.62 4.17 2.40
0111111111111111111 20 006032571100231 111111111111111111 006032574100231 10.62 4.17 2.40
0111111111111111111 20 006032571100231 111111111111111111 006032575100231 10.62 4.17 2.40
0111111111111111111 20 006032571100231 111111111111111111 006032576100231 10.62 4.17 2.40
0111111111111111111 20 006032571100231 111111111111111111 006032577100231 10.62 4.17 2.40
0111111111111111111 20 006032571100231 111111111111111111 006032571000231 10.62 4.17 2.40
0111111111111111111 20 006032571100231 111111111111111111 006032571200231 10.62 4.17 2.40
0111111111111111111 20 006032571100231 111111111111111111 006032571300231 10.62 4.17 2.40
0111111111111111111 20 006032571100231 111111111111111111 006032571400231 10.62 4.17 2.40
0111111111111111111 20 006032571100231 111111111111111111 006032571500231 10.62 4.17 2.40
0111111111111111111 20 006032571100231 111111111111111111 006032571600231 10.62 4.17 2.40
0111111111111111111 20 006032571100231 111111111111111111 006032571700231 10.62 4.17 2.40
0111111111111111111 20 006032571100231 111111111111111111 006032571110231 10.62 4.17 2.40
0111111111111111111 20 006032571100231 111111111111111111 006032571120231 10.62 4.17 2.40
0111111111111111111 20 006032571100231 111111111111111111 006032571130231 10.62 4.17 2.40
0111111111111111111 20 006032571100231 111111111111111111 006032571140231 10.62 4.17 2.40
0111111111111111111 20 006032571100231 111111111111111111 006032571150231 10.62 4.17 2.40
0111111111111111111 20 006032571100231 111111111111111111 006032571160231 10.62 4.17 2.40
0111111111111111111 20 006032571100231 111111111111111111 006032571170231 10.62 4.17 2.40
0111111111111111111 20 006032571100231 111111111111111111 006032571101231 10.62 4.17 2.40
0111111111111111111 20 006032571100231 111111111111111111 006032571102231 10.62 4.17 2.40
0111111111111111111 20 006032571100231 111111111111111111 006032571103231 10.62 4.17 2.40
0111111111111111111 20 006032571100231 111111111111111111 006032571104231 10.62 4.17 2.40
0111111111111111111 20 006032571100231 111111111111111111 006032571105231 10.62 4.17 2.40
0111111111111111111 20 006032571100231 111111111111111111 006032571106231 10.62 4.17 2.40
0111111111111111111 20 006032571100231 111111111111111111 006032571107231 10.62 4.17 2.40
0111111111111111111 20 006032571100231 111111111111111111 006032571100031 10.62 4.17 2.40
0111111111111111111 20 006032571100231 111111111111111111 006032571100131 10.62 4.17 2.40
0111111111111111111 20 006032571100231 111111111111111111 006032571100331 10.62 4.17 2.40
0111111111111111111 20 006032571100231 111111111111111111 006032571100431 10.62 4.17 2.40
0111111111111111111 20 006032571100231 111111111111111111 006032571100531 10.62 4.17 2.40
0111111111111111111 20 006032571100231 111111111111111111 006032571100631 10.62 4.17 2.40
0111111111111111111 20 006032571100231 111111111111111111 006032571100731 10.62 4.17 2.40
0111111111111111111 20 006032571100231 111111111111111111 006032571100201 10.62 4.17 2.40
0111111111111111111 20 006032571100231 111111111111111111 006032571100211 10.62 4.17 2.40
0111111111111111111 20 006032571100231 111111111111111111 006032571100221 10.62 4.17 2.40
0111111111111111111 20 006032571100231 111111111111111111 006032571100241 10.62 4.17 2.40
0111111111111111111 20 006032571100231 111111111111111111 006032571100251 10.62 4.17 2.40
0111111111111111111 20 006032571100231 111111111111111111 006032571100261 10.62 4.17 2.40
0111111111111111111 20 006032571100231 111111111111111111 006032571100271 10.62 4.17 2.40
0111111111111111111 20 006032571100231 111111111111111111 006032571100230 10.62 4.17 2.40
0111111111111111111 20 006032571100231 111111111111111111 006032571100232 10.62 4.17 2.40
0111111111111111111 20 006032571100231 111111111111111111 006032571100233 10.62 4.17 2.40
0111111111111111111 20 006032571100231 111111111111111111 006032571100234 10.62 4.17 2.40
0111111111111111111 20 006032571100231 111111111111111111 006032571100235 10.62 4.17 2.40
0111111111111111111 20 006032571100231 111111111111111111 006032571100236 10.62 4.17 2.40
0111111111111111111 20 006032571100231 111111111111111111 006032571100237 10.62 4.17 2.40
0111111111111111111 21 351331371561527 111111111111111111 051331371561527 10.62 4.17 2.40
0111111111111111111 21 351331371561527 111111111111111111 151331371561527 10.62 4.17 2.40
0111111111111111111 21 351331371561527 111111111111111111 251331371561527 10.62 4.17 2.40
0111111111111111111 21 351331371561527 111111111111111111 451331371561527 10.62 4.17 2.40
0111111111111111111 21 351331371561527 111111111111111111 551331371561527 10.62 4.17 2.40
0111111111111111111 21 351331371561527 111111111111111110 651331371561527 10.62 10.42 5.00
0111111111111111111 21 351331371561527 111111111111111110 751331371561527 10.62 10.42 5.00
0111111111111111111 21 351331371561527 111111111111111100 301331371561527 10.62 12.51 7.60
0111111111111111111 21 351331371561527 111111111111111110 311331371561527 10.62 10.42 5.00
0111111111111111111 21 351331371561527 111111111111111110 321331371561527 10.62 10.42 5.00
0111111111111111111 21 351331371561527 111111111111111111 331331371561527 10.62 4.17 2.40
0111111111111111111 21 351331371561527 111111111111111111 341331371561527 10.62 4.17 2.40
0111111111111111111 21 351331371561527 111111111111111111 361331371561527 10.62 4.17 2.40
0111111111111111111 21 351331371561527 111111111111111111 371331371561527 10.62 4.17 2.40
0111111111111111111 21 351331371561527 111111111111111110 350331371561527 10.62 10.42 5.00
0111111111111111111 21 351331371561527 111111111111111111 352331371561527 10.62 4.17 2.40
0111111111111111111 21 351331371561527 111111111111111111 353331371561527 10.62 4.17 2.40
0111111111111111111 21 351331371561527 111111111111111111 354331371561527 10.62 4.17 2.40
0111111111111111111 21 351331371561527 111111111111111111 355331371561527 10.62 4.17 2.40
0111111111111111111 21 351331371561527 111111111111111111 356331371561527 10.62 4.17 2.40
0111111111111111111 21 351331371561527 111111111111111111 357331371561527 10.62 4.17 2.40
0111111111111111111 21 351331371561527 111111111111111111 351031371561527 10.62 4.17 2.40
0111111111111111111 21 351331371561527 111111111111111111 351131371561527 10.62 4.17 2.40
0111111111111111111 21 351331371561527 111111111111111111 351231371561527 10.62 4.17 2.40
0111111111111111111 21 351331371561527 111111111111111111 351431371561527 10.62 4.17 2.40
0111111111111111111 21 351331371561527 111111111111111111 351531371561527 10.62 4.17 2.40
0111111111111111111 21 351331371561527 111111111111111111 351631371561527 10.62 4.17 2.40
0111111111111111111 21 351331371561527 111111111111111110 351731371561527 10.62 10.42 5.00
0111111111111111111 21 351331371561527 111111111111111111 351301371561527 10.62 4.17 2.40
0111111111111111111 21 351331371561527 111111111111111111 351311371561527 10.62 4.17 2.40
0111111111111111111 21 351331371561527 111111111111111111 351321371561527 10.62 4.17 2.40
0111111111111111111 21 351331371561527 111111111111111111 351341371561527 10.62 4.17 2.40
0111111111111111111 21 351331371561527 111111111111111111 351351371561527 10.62 4.17 2.40
0111111111111111111 21 351331371561527 111111111111111111 351361371561527 10.62 4.17 2.40
0111111111111111111 21 351331371561527 111111111111111111 351371371561527 10.62 4.17 2.40
0111111111111111111 21 351331371561527 111111111111111111 351330371561527 10.62 4.17 2.40
0111111111111111111 21 351331371561527 111111111111111111 351332371561527 10.62 4.17 2.40
0111111111111111111 21 351331371561527 111111111111111111 351333371561527 10.62 4.17 2.40
0111111111111111111 21 351331371561527 111111111111111111 351334371561527 10.62 4.17 2.40
0111111111111111111 21 351331371561527 111111111111111111 351335371561527 10.62 4.17 2.40
0111111111111111111 21 351331371561527 111111111111111111 351336371561527 10.62 4.17 2.40
0111111111111111111 21 351331371561527 111111111111111111 351337371561527 10.62 4.17 2.40
0111111111111111111 21 351331371561527 111111100000000000 351331071561527 10.62 12.51 7.60
0111111111111111111 21 351331371561527 111111111110000000 351331171561527 10.62 12.51 7.60
