ParentPhenotype line ParentGenotype MutantPhenotype MutantGenotype KC_col1 KC_col4 Conditional_Complexity
0111100000000000000 47 733770022753464 111111000000000000 033770022753464 14.87 12.51 13.80
0111100000000000000 47 733770022753464 111111000000000000 133770022753464 14.87 12.51 13.80
0111100000000000000 47 733770022753464 111110000000000000 233770022753464 14.87 12.51 8.50
0111100000000000000 47 733770022753464 111110000000000000 333770022753464 14.87 12.51 8.50
0111100000000000000 47 733770022753464 111110000000000000 433770022753464 14.87 12.51 8.50
0111100000000000000 47 733770022753464 111110000000000000 533770022753464 14.87 12.51 8.50
0111100000000000000 47 733770022753464 111110000000000000 633770022753464 14.87 12.51 8.50
0111100000000000000 47 733770022753464 111000000000000001 703770022753464 14.87 14.59 13.80
0111100000000000000 47 733770022753464 111100000000000000 713770022753464 14.87 12.51 8.50
0111100000000000000 47 733770022753464 111100000000000000 723770022753464 14.87 12.51 8.50
0111100000000000000 47 733770022753464 111110000000000000 743770022753464 14.87 12.51 8.50
0111100000000000000 47 733770022753464 111110000000000000 753770022753464 14.87 12.51 8.50
0111100000000000000 47 733770022753464 111110000000000000 763770022753464 14.87 12.51 8.50
0111100000000000000 47 733770022753464 111110000000000000 773770022753464 14.87 12.51 8.50
0111100000000000000 47 733770022753464 111000000000000001 730770022753464 14.87 14.59 13.80
0111100000000000000 47 733770022753464 111000000000000001 731770022753464 14.87 14.59 13.80
0111100000000000000 47 733770022753464 111100000000000000 732770022753464 14.87 12.51 8.50
0111100000000000000 47 733770022753464 111110000000000000 734770022753464 14.87 12.51 8.50
0111100000000000000 47 733770022753464 111110000000000000 735770022753464 14.87 12.51 8.50
0111100000000000000 47 733770022753464 111110000000000000 736770022753464 14.87 12.51 8.50
0111100000000000000 47 733770022753464 111110000000000000 737770022753464 14.87 12.51 8.50
0111100000000000000 47 733770022753464 111111111000000000 733070022753464 14.87 12.51 13.80
0111100000000000000 47 733770022753464 111111100000000000 733170022753464 14.87 12.51 13.80
0111100000000000000 47 733770022753464 111111000000000000 733270022753464 14.87 12.51 13.80
0111100000000000000 47 733770022753464 111110000000000000 733370022753464 14.87 12.51 8.50
0111100000000000000 47 733770022753464 111110000000000000 733470022753464 14.87 12.51 8.50
0111100000000000000 47 733770022753464 111110000000000000 733570022753464 14.87 12.51 8.50
0111100000000000000 47 733770022753464 111110000000000000 733670022753464 14.87 12.51 8.50
0111100000000000000 47 733770022753464 111110000000000001 733700022753464 14.87 14.59 13.80
0111100000000000000 47 733770022753464 111110000000000000 733710022753464 14.87 12.51 8.50
0111100000000000000 47 733770022753464 111100000000000000 733720022753464 14.87 12.51 8.50
0111100000000000000 47 733770022753464 111100000000000000 733730022753464 14.87 12.51 8.50
0111100000000000000 47 733770022753464 111100000000000000 733740022753464 14.87 12.51 8.50
0111100000000000000 47 733770022753464 111100000000000000 733750022753464 14.87 12.51 8.50
0111100000000000000 47 733770022753464 111100000000000000 733760022753464 14.87 12.51 8.50
0111100000000000000 47 733770022753464 111110000000000000 733771022753464 14.87 12.51 8.50
0111100000000000000 47 733770022753464 111110000000000000 733772022753464 14.87 12.51 8.50
0111100000000000000 47 733770022753464 111110000000000000 733773022753464 14.87 12.51 8.50
0111100000000000000 47 733770022753464 111110000000000000 733774022753464 14.87 12.51 8.50
0111100000000000000 47 733770022753464 111110000000000000 733775022753464 14.87 12.51 8.50
0111100000000000000 47 733770022753464 111111000000000000 733776022753464 14.87 12.51 13.80
0111100000000000000 47 733770022753464 111111000000000000 733777022753464 14.87 12.51 13.80
0111100000000000000 47 733770022753464 111111110000000000 733770122753464 14.87 12.51 13.80
0111100000000000000 47 733770022753464 111111111110000000 733770222753464 14.87 12.51 13.80
0111100000000000000 47 733770022753464 111111111111100000 733770322753464 14.87 12.51 13.80
0111100000000000000 47 733770022753464 111111111111111100 733770422753464 14.87 12.51 13.80
0111100000000000000 47 733770022753464 111111111111111111 733770522753464 14.87 4.17 8.50
0111100000000000000 47 733770022753464 111111111111111111 733770622753464 14.87 4.17 8.50
0111100000000000000 47 733770022753464 111111111111111111 733770722753464 14.87 4.17 8.50
0111100000000000000 47 733770022753464 111100000000000000 733770002753464 14.87 12.51 8.50
0111100000000000000 47 733770022753464 111100000000000000 733770012753464 14.87 12.51 8.50
0111100000000000000 47 733770022753464 111100000000000000 733770032753464 14.87 12.51 8.50
0111100000000000000 47 733770022753464 111100000000000000 733770042753464 14.87 12.51 8.50
0111100000000000000 47 733770022753464 111100000000000000 733770052753464 14.87 12.51 8.50
0111100000000000000 47 733770022753464 111100000000000000 733770062753464 14.87 12.51 8.50
0111100000000000000 47 733770022753464 111100000000000000 733770072753464 14.87 12.51 8.50
0111100000000000000 47 733770022753464 111111111100000000 733770020753464 14.87 12.51 13.80
0111100000000000000 47 733770022753464 111111000000000000 733770021753464 14.87 12.51 13.80
0111100000000000000 47 733770022753464 111100000000000000 733770023753464 14.87 12.51 8.50
0111100000000000000 47 733770022753464 111000000000000001 733770024753464 14.87 14.59 13.80
0111100000000000000 47 733770022753464 111000000000000011 733770025753464 14.87 16.68 16.40
0111100000000000000 47 733770022753464 110000000000000011 733770026753464 14.87 16.68 11.10
0111100000000000000 47 733770022753464 110000000000000111 733770027753464 14.87 16.68 16.40
0111100000000000000 47 733770022753464 111111111111111111 733770022053464 14.87 4.17 8.50
0111100000000000000 47 733770022753464 111111111111110000 733770022153464 14.87 12.51 13.80
0111100000000000000 47 733770022753464 111111111100000000 733770022253464 14.87 12.51 13.80
0111100000000000000 47 733770022753464 111111110000000000 733770022353464 14.87 12.51 13.80
0111100000000000000 47 733770022753464 111111100000000000 733770022453464 14.87 12.51 13.80
0111100000000000000 47 733770022753464 111111000000000000 733770022553464 14.87 12.51 13.80
0111100000000000000 47 733770022753464 111110000000000000 733770022653464 14.87 12.51 8.50
0111100000000000000 47 733770022753464 111000000000000000 733770022703464 14.87 12.51 11.10
0111100000000000000 47 733770022753464 111100000000000000 733770022713464 14.87 12.51 8.50
0111100000000000000 47 733770022753464 111100000000000000 733770022723464 14.87 12.51 8.50
0111100000000000000 47 733770022753464 111100000000000000 733770022733464 14.87 12.51 8.50
0111100000000000000 47 733770022753464 111100000000000000 733770022743464 14.87 12.51 8.50
0111100000000000000 47 733770022753464 111110000000000000 733770022763464 14.87 12.51 8.50
0111100000000000000 47 733770022753464 111110000000000000 733770022773464 14.87 12.51 8.50
0111100000000000000 47 733770022753464 111111111111000000 733770022750464 14.87 12.51 13.80
0111100000000000000 47 733770022753464 111111100000000000 733770022751464 14.87 12.51 13.80
0111100000000000000 47 733770022753464 111110000000000000 733770022752464 14.87 12.51 8.50
0111100000000000000 47 733770022753464 111100000000000011 733770022754464 14.87 16.68 16.40
0111100000000000000 47 733770022753464 111000000000001111 733770022755464 14.87 16.68 16.40
0111100000000000000 47 733770022753464 111000000000111111 733770022756464 14.87 16.68 16.40
0111100000000000000 47 733770022753464 111000000001111111 733770022757464 14.87 16.68 16.40
0111100000000000000 47 733770022753464 111100000000000000 733770022753064 14.87 12.51 8.50
0111100000000000000 47 733770022753464 111100000000000000 733770022753164 14.87 12.51 8.50
0111100000000000000 47 733770022753464 111100000000000000 733770022753264 14.87 12.51 8.50
0111100000000000000 47 733770022753464 111100000000000000 733770022753364 14.87 12.51 8.50
0111100000000000000 47 733770022753464 111100000000000000 733770022753564 14.87 12.51 8.50
0111100000000000000 47 733770022753464 111100000000000000 733770022753664 14.87 12.51 8.50
0111100000000000000 47 733770022753464 111100000000000000 733770022753764 14.87 12.51 8.50
0111100000000000000 47 733770022753464 111111100000000000 733770022753404 14.87 12.51 13.80
0111100000000000000 47 733770022753464 111000000000000111 733770022753414 14.87 16.68 16.40
0111100000000000000 47 733770022753464 111000000000000111 733770022753424 14.87 16.68 16.40
0111100000000000000 47 733770022753464 111000000000000011 733770022753434 14.87 16.68 16.40
0111100000000000000 47 733770022753464 111000000000000001 733770022753444 14.87 14.59 13.80
0111100000000000000 47 733770022753464 111100000000000000 733770022753454 14.87 12.51 8.50
0111100000000000000 47 733770022753464 111110000000000000 733770022753474 14.87 12.51 8.50
0111100000000000000 47 733770022753464 111111111111110000 733770022753460 14.87 12.51 13.80
0111100000000000000 47 733770022753464 111111111000000000 733770022753461 14.87 12.51 13.80
0111100000000000000 47 733770022753464 111111000000000000 733770022753462 14.87 12.51 13.80
0111100000000000000 47 733770022753464 111110000000000000 733770022753463 14.87 12.51 8.50
0111100000000000000 47 733770022753464 111100000000000000 733770022753465 14.87 12.51 8.50
0111100000000000000 47 733770022753464 111000000000000000 733770022753466 14.87 12.51 11.10
0111100000000000000 47 733770022753464 111000000000000001 733770022753467 14.87 14.59 13.80
0111100000000000000 95 057564633706102 111100000000000000 157564633706102 14.87 12.51 8.50
0111100000000000000 95 057564633706102 111100000000000000 257564633706102 14.87 12.51 8.50
0111100000000000000 95 057564633706102 111100000000000000 357564633706102 14.87 12.51 8.50
0111100000000000000 95 057564633706102 111100000000000000 457564633706102 14.87 12.51 8.50
0111100000000000000 95 057564633706102 111100000000000000 557564633706102 14.87 12.51 8.50
0111100000000000000 95 057564633706102 111100000000000000 657564633706102 14.87 12.51 8.50
0111100000000000000 95 057564633706102 111100000000000000 757564633706102 14.87 12.51 8.50
0111100000000000000 95 057564633706102 111000000000000000 007564633706102 14.87 12.51 11.10
0111100000000000000 95 057564633706102 111100000000000000 017564633706102 14.87 12.51 8.50
0111100000000000000 95 057564633706102 111100000000000000 027564633706102 14.87 12.51 8.50
0111100000000000000 95 057564633706102 111100000000000000 037564633706102 14.87 12.51 8.50
0111100000000000000 95 057564633706102 111100000000000000 047564633706102 14.87 12.51 8.50
0111100000000000000 95 057564633706102 111110000000000000 067564633706102 14.87 12.51 8.50
0111100000000000000 95 057564633706102 111110000000000000 077564633706102 14.87 12.51 8.50
0111100000000000000 95 057564633706102 111100000000000000 050564633706102 14.87 12.51 8.50
0111100000000000000 95 057564633706102 111100000000000000 051564633706102 14.87 12.51 8.50
0111100000000000000 95 057564633706102 111100000000000000 052564633706102 14.87 12.51 8.50
0111100000000000000 95 057564633706102 111100000000000000 053564633706102 14.87 12.51 8.50
0111100000000000000 95 057564633706102 111100000000000000 054564633706102 14.87 12.51 8.50
0111100000000000000 95 057564633706102 111100000000000000 055564633706102 14.87 12.51 8.50
0111100000000000000 95 057564633706102 111100000000000000 056564633706102 14.87 12.51 8.50
0111100000000000000 95 057564633706102 111111100000000000 057064633706102 14.87 12.51 13.80
0111100000000000000 95 057564633706102 111111000000000000 057164633706102 14.87 12.51 13.80
0111100000000000000 95 057564633706102 111110000000000000 057264633706102 14.87 12.51 8.50
0111100000000000000 95 057564633706102 111110000000000000 057364633706102 14.87 12.51 8.50
0111100000000000000 95 057564633706102 111110000000000000 057464633706102 14.87 12.51 8.50
0111100000000000000 95 057564633706102 111100000000000000 057664633706102 14.87 12.51 8.50
0111100000000000000 95 057564633706102 111100000000000000 057764633706102 14.87 12.51 8.50
0111100000000000000 95 057564633706102 111110000000000000 057504633706102 14.87 12.51 8.50
0111100000000000000 95 057564633706102 111110000000000000 057514633706102 14.87 12.51 8.50
0111100000000000000 95 057564633706102 111100000000000000 057524633706102 14.87 12.51 8.50
0111100000000000000 95 057564633706102 111100000000000000 057534633706102 14.87 12.51 8.50
0111100000000000000 95 057564633706102 111100000000000000 057544633706102 14.87 12.51 8.50
0111100000000000000 95 057564633706102 111100000000000000 057554633706102 14.87 12.51 8.50
0111100000000000000 95 057564633706102 111100000000000000 057574633706102 14.87 12.51 8.50
0111100000000000000 95 057564633706102 111110000000000000 057560633706102 14.87 12.51 8.50
0111100000000000000 95 057564633706102 111100000000000000 057561633706102 14.87 12.51 8.50
0111100000000000000 95 057564633706102 111100000000000000 057562633706102 14.87 12.51 8.50
0111100000000000000 95 057564633706102 111100000000000000 057563633706102 14.87 12.51 8.50
0111100000000000000 95 057564633706102 111100000000000000 057565633706102 14.87 12.51 8.50
0111100000000000000 95 057564633706102 111100000000000000 057566633706102 14.87 12.51 8.50
0111100000000000000 95 057564633706102 111100000000000000 057567633706102 14.87 12.51 8.50
0111100000000000000 95 057564633706102 111000000000000000 057564033706102 14.87 12.51 11.10
0111100000000000000 95 057564633706102 111000000000000000 057564133706102 14.87 12.51 11.10
0111100000000000000 95 057564633706102 111100000000000000 057564233706102 14.87 12.51 8.50
0111100000000000000 95 057564633706102 111100000000000000 057564333706102 14.87 12.51 8.50
0111100000000000000 95 057564633706102 111100000000000000 057564433706102 14.87 12.51 8.50
0111100000000000000 95 057564633706102 111100000000000000 057564533706102 14.87 12.51 8.50
0111100000000000000 95 057564633706102 111110000000000000 057564733706102 14.87 12.51 8.50
0111100000000000000 95 057564633706102 111100000000000000 057564603706102 14.87 12.51 8.50
0111100000000000000 95 057564633706102 111100000000000000 057564613706102 14.87 12.51 8.50
0111100000000000000 95 057564633706102 111100000000000000 057564623706102 14.87 12.51 8.50
0111100000000000000 95 057564633706102 111100000000000000 057564643706102 14.87 12.51 8.50
0111100000000000000 95 057564633706102 111100000000000000 057564653706102 14.87 12.51 8.50
0111100000000000000 95 057564633706102 111100000000000000 057564663706102 14.87 12.51 8.50
0111100000000000000 95 057564633706102 111100000000000000 057564673706102 14.87 12.51 8.50
0111100000000000000 95 057564633706102 111111111000000000 057564630706102 14.87 12.51 13.80
0111100000000000000 95 057564633706102 111111000000000000 057564631706102 14.87 12.51 13.80
0111100000000000000 95 057564633706102 111110000000000000 057564632706102 14.87 12.51 8.50
0111100000000000000 95 057564633706102 111100000000000000 057564634706102 14.87 12.51 8.50
0111100000000000000 95 057564633706102 111100000000000000 057564635706102 14.87 12.51 8.50
0111100000000000000 95 057564633706102 111000000000000000 057564636706102 14.87 12.51 11.10
0111100000000000000 95 057564633706102 111000000000000000 057564637706102 14.87 12.51 11.10
0111100000000000000 95 057564633706102 111111111111000000 057564633006102 14.87 12.51 13.80
0111100000000000000 95 057564633706102 111111110000000000 057564633106102 14.87 12.51 13.80
0111100000000000000 95 057564633706102 111111100000000000 057564633206102 14.87 12.51 13.80
0111100000000000000 95 057564633706102 111111000000000000 057564633306102 14.87 12.51 13.80
0111100000000000000 95 057564633706102 111110000000000000 057564633406102 14.87 12.51 8.50
0111100000000000000 95 057564633706102 111110000000000000 057564633506102 14.87 12.51 8.50
0111100000000000000 95 057564633706102 111110000000000000 057564633606102 14.87 12.51 8.50
0111100000000000000 95 057564633706102 111110000000000001 057564633716102 14.87 14.59 13.80
0111100000000000000 95 057564633706102 111110000000000011 057564633726102 14.87 16.68 16.40
0111100000000000000 95 057564633706102 111110000000000111 057564633736102 14.87 16.68 16.40
0111100000000000000 95 057564633706102 111110000000000111 057564633746102 14.87 16.68 16.40
0111100000000000000 95 057564633706102 111111000000000111 057564633756102 14.87 16.68 16.40
0111100000000000000 95 057564633706102 111111000000000011 057564633766102 14.87 16.68 16.40
0111100000000000000 95 057564633706102 111111000000000011 057564633776102 14.87 16.68 16.40
0111100000000000000 95 057564633706102 111111111100000000 057564633700102 14.87 12.51 13.80
0111100000000000000 95 057564633706102 111111110000000000 057564633701102 14.87 12.51 13.80
0111100000000000000 95 057564633706102 111111000000000000 057564633702102 14.87 12.51 13.80
0111100000000000000 95 057564633706102 111111000000000000 057564633703102 14.87 12.51 13.80
0111100000000000000 95 057564633706102 111110000000000000 057564633704102 14.87 12.51 8.50
0111100000000000000 95 057564633706102 111110000000000000 057564633705102 14.87 12.51 8.50
0111100000000000000 95 057564633706102 111100000000000000 057564633707102 14.87 12.51 8.50
0111100000000000000 95 057564633706102 111100000000000000 057564633706002 14.87 12.51 8.50
0111100000000000000 95 057564633706102 111100000000000000 057564633706202 14.87 12.51 8.50
0111100000000000000 95 057564633706102 111100000000000001 057564633706302 14.87 14.59 11.10
0111100000000000000 95 057564633706102 111100000000000011 057564633706402 14.87 16.68 16.40
0111100000000000000 95 057564633706102 111100000000000111 057564633706502 14.87 16.68 13.80
0111100000000000000 95 057564633706102 111100000000000111 057564633706602 14.87 16.68 13.80
0111100000000000000 95 057564633706102 111100000000001111 057564633706702 14.87 16.68 13.80
0111100000000000000 95 057564633706102 111111000000000000 057564633706112 14.87 12.51 13.80
0111100000000000000 95 057564633706102 111111100000000000 057564633706122 14.87 12.51 13.80
0111100000000000000 95 057564633706102 111111110000000000 057564633706132 14.87 12.51 13.80
0111100000000000000 95 057564633706102 111111111000000000 057564633706142 14.87 12.51 13.80
0111100000000000000 95 057564633706102 111111111000000000 057564633706152 14.87 12.51 13.80
0111100000000000000 95 057564633706102 111111111100000000 057564633706162 14.87 12.51 13.80
0111100000000000000 95 057564633706102 111111111110000000 057564633706172 14.87 12.51 13.80
0111100000000000000 95 057564633706102 111111110000000000 057564633706100 14.87 12.51 13.80
0111100000000000000 95 057564633706102 111110000000000000 057564633706101 14.87 12.51 8.50
0111100000000000000 95 057564633706102 111100000000000000 057564633706103 14.87 12.51 8.50
0111100000000000000 95 057564633706102 111000000000000000 057564633706104 14.87 12.51 11.10
0111100000000000000 95 057564633706102 111000000000000000 057564633706105 14.87 12.51 11.10
0111100000000000000 95 057564633706102 111000000000000000 057564633706106 14.87 12.51 11.10
0111100000000000000 95 057564633706102 111000000000000000 057564633706107 14.87 12.51 11.10
0111100000000000000 235 700451113741064 111111111100000000 000451113741064 14.87 12.51 13.80
0111100000000000000 235 700451113741064 111111111000000000 100451113741064 14.87 12.51 13.80
0111100000000000000 235 700451113741064 111111110000000000 200451113741064 14.87 12.51 13.80
0111100000000000000 235 700451113741064 111111100000000000 300451113741064 14.87 12.51 13.80
0111100000000000000 235 700451113741064 111111000000000000 400451113741064 14.87 12.51 13.80
0111100000000000000 235 700451113741064 111110000000000000 500451113741064 14.87 12.51 8.50
0111100000000000000 235 700451113741064 111100000000000000 600451113741064 14.87 12.51 8.50
0111100000000000000 235 700451113741064 111110000000000000 710451113741064 14.87 12.51 8.50
0111100000000000000 235 700451113741064 111111000000000000 720451113741064 14.87 12.51 13.80
0111100000000000000 235 700451113741064 111111100000000000 730451113741064 14.87 12.51 13.80
0111100000000000000 235 700451113741064 111111100000000000 740451113741064 14.87 12.51 13.80
0111100000000000000 235 700451113741064 111111110000000000 750451113741064 14.87 12.51 13.80
0111100000000000000 235 700451113741064 111111110000000000 760451113741064 14.87 12.51 13.80
0111100000000000000 235 700451113741064 111111110000000000 770451113741064 14.87 12.51 13.80
0111100000000000000 235 700451113741064 111111100000000000 701451113741064 14.87 12.51 13.80
0111100000000000000 235 700451113741064 111111111000000000 702451113741064 14.87 12.51 13.80
0111100000000000000 235 700451113741064 111111111000000000 703451113741064 14.87 12.51 13.80
0111100000000000000 235 700451113741064 111111111000000000 704451113741064 14.87 12.51 13.80
0111100000000000000 235 700451113741064 111111111100000000 705451113741064 14.87 12.51 13.80
0111100000000000000 235 700451113741064 111111111100000000 706451113741064 14.87 12.51 13.80
0111100000000000000 235 700451113741064 111111111100000000 707451113741064 14.87 12.51 13.80
0111100000000000000 235 700451113741064 111111100000000000 700051113741064 14.87 12.51 13.80
0111100000000000000 235 700451113741064 111111000000000000 700151113741064 14.87 12.51 13.80
0111100000000000000 235 700451113741064 111110000000000000 700251113741064 14.87 12.51 8.50
0111100000000000000 235 700451113741064 111100000000000000 700351113741064 14.87 12.51 8.50
0111100000000000000 235 700451113741064 111100000000000000 700551113741064 14.87 12.51 8.50
0111100000000000000 235 700451113741064 111000000000000000 700651113741064 14.87 12.51 11.10
0111100000000000000 235 700451113741064 111000000000000000 700751113741064 14.87 12.51 11.10
0111100000000000000 235 700451113741064 111100000000000000 700401113741064 14.87 12.51 8.50
0111100000000000000 235 700451113741064 111100000000000000 700411113741064 14.87 12.51 8.50
0111100000000000000 235 700451113741064 111100000000000000 700421113741064 14.87 12.51 8.50
0111100000000000000 235 700451113741064 111100000000000000 700431113741064 14.87 12.51 8.50
0111100000000000000 235 700451113741064 111100000000000000 700441113741064 14.87 12.51 8.50
0111100000000000000 235 700451113741064 111100000000000000 700461113741064 14.87 12.51 8.50
0111100000000000000 235 700451113741064 111100000000000000 700471113741064 14.87 12.51 8.50
0111100000000000000 235 700451113741064 111000000000000000 700450113741064 14.87 12.51 11.10
0111100000000000000 235 700451113741064 111110000000000000 700452113741064 14.87 12.51 8.50
0111100000000000000 235 700451113741064 111111000000000000 700453113741064 14.87 12.51 13.80
0111100000000000000 235 700451113741064 111111100000000000 700454113741064 14.87 12.51 13.80
0111100000000000000 235 700451113741064 111111100000000000 700455113741064 14.87 12.51 13.80
0111100000000000000 235 700451113741064 111111100000000000 700456113741064 14.87 12.51 13.80
0111100000000000000 235 700451113741064 111111110000000000 700457113741064 14.87 12.51 13.80
0111100000000000000 235 700451113741064 111111111111111111 700451013741064 14.87 4.17 8.50
0111100000000000000 235 700451113741064 111111111000000000 700451213741064 14.87 12.51 13.80
0111100000000000000 235 700451113741064 111111111111110000 700451313741064 14.87 12.51 13.80
0111100000000000000 235 700451113741064 111111111111111111 700451413741064 14.87 4.17 8.50
0111100000000000000 235 700451113741064 111111111111111111 700451513741064 14.87 4.17 8.50
0111100000000000000 235 700451113741064 111111111111111111 700451613741064 14.87 4.17 8.50
0111100000000000000 235 700451113741064 111111111111111111 700451713741064 14.87 4.17 8.50
0111100000000000000 235 700451113741064 111100000000000000 700451103741064 14.87 12.51 8.50
0111100000000000000 235 700451113741064 111100000000000000 700451123741064 14.87 12.51 8.50
0111100000000000000 235 700451113741064 111100000000000000 700451133741064 14.87 12.51 8.50
0111100000000000000 235 700451113741064 111100000000000000 700451143741064 14.87 12.51 8.50
0111100000000000000 235 700451113741064 111100000000000000 700451153741064 14.87 12.51 8.50
0111100000000000000 235 700451113741064 111100000000000000 700451163741064 14.87 12.51 8.50
0111100000000000000 235 700451113741064 111100000000000000 700451173741064 14.87 12.51 8.50
0111100000000000000 235 700451113741064 111111111111111111 700451110741064 14.87 4.17 8.50
0111100000000000000 235 700451113741064 111111111110000000 700451111741064 14.87 12.51 13.80
0111100000000000000 235 700451113741064 111111000000000000 700451112741064 14.87 12.51 13.80
0111100000000000000 235 700451113741064 111000000000000000 700451114741064 14.87 12.51 11.10
0111100000000000000 235 700451113741064 111111111111111111 700451115741064 14.87 4.17 8.50
0111100000000000000 235 700451113741064 111111111111111111 700451116741064 14.87 4.17 8.50
0111100000000000000 235 700451113741064 111111111111111111 700451117741064 14.87 4.17 8.50
0111100000000000000 235 700451113741064 111111111111111111 700451113041064 14.87 4.17 8.50
0111100000000000000 235 700451113741064 111111111111111111 700451113141064 14.87 4.17 8.50
0111100000000000000 235 700451113741064 111111111111111111 700451113241064 14.87 4.17 8.50
0111100000000000000 235 700451113741064 111111111111111000 700451113341064 14.87 12.51 13.80
0111100000000000000 235 700451113741064 111111111110000000 700451113441064 14.87 12.51 13.80
0111100000000000000 235 700451113741064 111111110000000000 700451113541064 14.87 12.51 13.80
0111100000000000000 235 700451113741064 111110000000000000 700451113641064 14.87 12.51 8.50
0111100000000000000 235 700451113741064 111000000000000000 700451113701064 14.87 12.51 11.10
0111100000000000000 235 700451113741064 111000000000000000 700451113711064 14.87 12.51 11.10
0111100000000000000 235 700451113741064 111000000000000000 700451113721064 14.87 12.51 11.10
0111100000000000000 235 700451113741064 111100000000000000 700451113731064 14.87 12.51 8.50
0111100000000000000 235 700451113741064 111100000000000000 700451113751064 14.87 12.51 8.50
0111100000000000000 235 700451113741064 111110000000000000 700451113761064 14.87 12.51 8.50
0111100000000000000 235 700451113741064 111110000000000000 700451113771064 14.87 12.51 8.50
0111100000000000000 235 700451113741064 111111000000000000 700451113740064 14.87 12.51 13.80
0111100000000000000 235 700451113741064 111000000000000000 700451113742064 14.87 12.51 11.10
0111100000000000000 235 700451113741064 111000000000000000 700451113743064 14.87 12.51 11.10
0111100000000000000 235 700451113741064 110000000000000000 700451113744064 14.87 12.51 13.80
0111100000000000000 235 700451113741064 110000000000000011 700451113745064 14.87 16.68 11.10
0111100000000000000 235 700451113741064 110000000000000111 700451113746064 14.87 16.68 16.40
0111100000000000000 235 700451113741064 110000000000000011 700451113747064 14.87 16.68 11.10
0111100000000000000 235 700451113741064 111100000000000000 700451113741164 14.87 12.51 8.50
0111100000000000000 235 700451113741064 111100000000000000 700451113741264 14.87 12.51 8.50
0111100000000000000 235 700451113741064 111100000000000000 700451113741364 14.87 12.51 8.50
0111100000000000000 235 700451113741064 111100000000000000 700451113741464 14.87 12.51 8.50
0111100000000000000 235 700451113741064 111100000000000000 700451113741564 14.87 12.51 8.50
0111100000000000000 235 700451113741064 111100000000000000 700451113741664 14.87 12.51 8.50
0111100000000000000 235 700451113741064 111100000000000000 700451113741764 14.87 12.51 8.50
0111100000000000000 235 700451113741064 111111111111111111 700451113741004 14.87 4.17 8.50
0111100000000000000 235 700451113741064 111111111111111111 700451113741014 14.87 4.17 8.50
0111100000000000000 235 700451113741064 111111111111111111 700451113741024 14.87 4.17 8.50
0111100000000000000 235 700451113741064 111111111111111111 700451113741034 14.87 4.17 8.50
0111100000000000000 235 700451113741064 111111111111111111 700451113741044 14.87 4.17 8.50
0111100000000000000 235 700451113741064 111000000000000000 700451113741054 14.87 12.51 11.10
0111100000000000000 235 700451113741064 111110000000000000 700451113741074 14.87 12.51 8.50
0111100000000000000 235 700451113741064 111111111111111111 700451113741060 14.87 4.17 8.50
0111100000000000000 235 700451113741064 111111111111110000 700451113741061 14.87 12.51 13.80
0111100000000000000 235 700451113741064 111111110000000000 700451113741062 14.87 12.51 13.80
0111100000000000000 235 700451113741064 111110000000000000 700451113741063 14.87 12.51 8.50
0111100000000000000 235 700451113741064 111000000000000000 700451113741065 14.87 12.51 11.10
0111100000000000000 235 700451113741064 111000000000000000 700451113741066 14.87 12.51 11.10
0111100000000000000 235 700451113741064 111111111111111111 700451113741067 14.87 4.17 8.50
0111100000000000000 257 350225273525037 111100000000000000 050225273525037 14.87 12.51 8.50
0111100000000000000 257 350225273525037 111100000000000000 150225273525037 14.87 12.51 8.50
0111100000000000000 257 350225273525037 111100000000000000 250225273525037 14.87 12.51 8.50
0111100000000000000 257 350225273525037 111100000000000000 450225273525037 14.87 12.51 8.50
0111100000000000000 257 350225273525037 111100000000000000 550225273525037 14.87 12.51 8.50
0111100000000000000 257 350225273525037 111100000000000000 650225273525037 14.87 12.51 8.50
0111100000000000000 257 350225273525037 111100000000000000 750225273525037 14.87 12.51 8.50
0111100000000000000 257 350225273525037 111000000000000000 300225273525037 14.87 12.51 11.10
0111100000000000000 257 350225273525037 111000000000000000 310225273525037 14.87 12.51 11.10
0111100000000000000 257 350225273525037 111000000000000000 320225273525037 14.87 12.51 11.10
0111100000000000000 257 350225273525037 111100000000000000 330225273525037 14.87 12.51 8.50
0111100000000000000 257 350225273525037 111100000000000000 340225273525037 14.87 12.51 8.50
0111100000000000000 257 350225273525037 111100000000000000 360225273525037 14.87 12.51 8.50
0111100000000000000 257 350225273525037 111100000000000000 370225273525037 14.87 12.51 8.50
0111100000000000000 257 350225273525037 111100000000000000 351225273525037 14.87 12.51 8.50
0111100000000000000 257 350225273525037 111100000000000000 352225273525037 14.87 12.51 8.50
0111100000000000000 257 350225273525037 111100000000000000 353225273525037 14.87 12.51 8.50
0111100000000000000 257 350225273525037 111100000000000000 354225273525037 14.87 12.51 8.50
0111100000000000000 257 350225273525037 111100000000000000 355225273525037 14.87 12.51 8.50
0111100000000000000 257 350225273525037 111100000000000000 356225273525037 14.87 12.51 8.50
0111100000000000000 257 350225273525037 111100000000000000 357225273525037 14.87 12.51 8.50
0111100000000000000 257 350225273525037 111110000000000000 350025273525037 14.87 12.51 8.50
0111100000000000000 257 350225273525037 111100000000000000 350125273525037 14.87 12.51 8.50
0111100000000000000 257 350225273525037 111100000000000000 350325273525037 14.87 12.51 8.50
0111100000000000000 257 350225273525037 111000000000000000 350425273525037 14.87 12.51 11.10
0111100000000000000 257 350225273525037 111000000000000000 350525273525037 14.87 12.51 11.10
0111100000000000000 257 350225273525037 111000000000000000 350625273525037 14.87 12.51 11.10
0111100000000000000 257 350225273525037 111000000000000000 350725273525037 14.87 12.51 11.10
0111100000000000000 257 350225273525037 111100000000000000 350205273525037 14.87 12.51 8.50
0111100000000000000 257 350225273525037 111100000000000000 350215273525037 14.87 12.51 8.50
0111100000000000000 257 350225273525037 111100000000000000 350235273525037 14.87 12.51 8.50
0111100000000000000 257 350225273525037 111100000000000000 350245273525037 14.87 12.51 8.50
0111100000000000000 257 350225273525037 111100000000000000 350255273525037 14.87 12.51 8.50
0111100000000000000 257 350225273525037 111100000000000000 350265273525037 14.87 12.51 8.50
0111100000000000000 257 350225273525037 111100000000000000 350275273525037 14.87 12.51 8.50
0111100000000000000 257 350225273525037 111100000000000000 350220273525037 14.87 12.51 8.50
0111100000000000000 257 350225273525037 111100000000000000 350221273525037 14.87 12.51 8.50
0111100000000000000 257 350225273525037 111100000000000000 350222273525037 14.87 12.51 8.50
0111100000000000000 257 350225273525037 111100000000000000 350223273525037 14.87 12.51 8.50
0111100000000000000 257 350225273525037 111100000000000000 350224273525037 14.87 12.51 8.50
0111100000000000000 257 350225273525037 111100000000000000 350226273525037 14.87 12.51 8.50
0111100000000000000 257 350225273525037 111100000000000000 350227273525037 14.87 12.51 8.50
0111100000000000000 257 350225273525037 111100000000000000 350225073525037 14.87 12.51 8.50
0111100000000000000 257 350225273525037 111000000000000000 350225173525037 14.87 12.51 11.10
0111100000000000000 257 350225273525037 111100000000000000 350225373525037 14.87 12.51 8.50
0111100000000000000 257 350225273525037 111110000000000000 350225473525037 14.87 12.51 8.50
0111100000000000000 257 350225273525037 111110000000000000 350225573525037 14.87 12.51 8.50
0111100000000000000 257 350225273525037 111111000000000000 350225673525037 14.87 12.51 13.80
0111100000000000000 257 350225273525037 111111000000000000 350225773525037 14.87 12.51 13.80
0111100000000000000 257 350225273525037 111100000000000000 350225203525037 14.87 12.51 8.50
0111100000000000000 257 350225273525037 111100000000000000 350225213525037 14.87 12.51 8.50
0111100000000000000 257 350225273525037 111100000000000000 350225223525037 14.87 12.51 8.50
0111100000000000000 257 350225273525037 111100000000000000 350225233525037 14.87 12.51 8.50
0111100000000000000 257 350225273525037 111100000000000000 350225243525037 14.87 12.51 8.50
0111100000000000000 257 350225273525037 111100000000000000 350225253525037 14.87 12.51 8.50
0111100000000000000 257 350225273525037 111100000000000000 350225263525037 14.87 12.51 8.50
0111100000000000000 257 350225273525037 111111110000000000 350225270525037 14.87 12.51 13.80
0111100000000000000 257 350225273525037 111111000000000000 350225271525037 14.87 12.51 13.80
0111100000000000000 257 350225273525037 111110000000000000 350225272525037 14.87 12.51 8.50
0111100000000000000 257 350225273525037 111000000000000000 350225274525037 14.87 12.51 11.10
0111100000000000000 257 350225273525037 111000000000000000 350225275525037 14.87 12.51 11.10
0111100000000000000 257 350225273525037 111000000000000000 350225276525037 14.87 12.51 11.10
0111100000000000000 257 350225273525037 111000000000000000 350225277525037 14.87 12.51 11.10
0111100000000000000 257 350225273525037 111111111110000000 350225273025037 14.87 12.51 13.80
0111100000000000000 257 350225273525037 111111100000000000 350225273125037 14.87 12.51 13.80
0111100000000000000 257 350225273525037 111111000000000000 350225273225037 14.87 12.51 13.80
0111100000000000000 257 350225273525037 111110000000000000 350225273325037 14.87 12.51 8.50
0111100000000000000 257 350225273525037 111100000000000000 350225273425037 14.87 12.51 8.50
0111100000000000000 257 350225273525037 111100000000000000 350225273625037 14.87 12.51 8.50
0111100000000000000 257 350225273525037 111000000000000000 350225273725037 14.87 12.51 11.10
0111100000000000000 257 350225273525037 111100000000000000 350225273505037 14.87 12.51 8.50
0111100000000000000 257 350225273525037 111100000000000000 350225273515037 14.87 12.51 8.50
0111100000000000000 257 350225273525037 111100000000000000 350225273535037 14.87 12.51 8.50
0111100000000000000 257 350225273525037 111100000000000000 350225273545037 14.87 12.51 8.50
0111100000000000000 257 350225273525037 111100000000000001 350225273555037 14.87 14.59 11.10
0111100000000000000 257 350225273525037 111110000000000001 350225273565037 14.87 14.59 13.80
0111100000000000000 257 350225273525037 111110000000000001 350225273575037 14.87 14.59 13.80
0111100000000000000 257 350225273525037 111111111100000000 350225273520037 14.87 12.51 13.80
0111100000000000000 257 350225273525037 111111100000000000 350225273521037 14.87 12.51 13.80
0111100000000000000 257 350225273525037 111111000000000000 350225273522037 14.87 12.51 13.80
0111100000000000000 257 350225273525037 111110000000000000 350225273523037 14.87 12.51 8.50
0111100000000000000 257 350225273525037 111100000000000000 350225273524037 14.87 12.51 8.50
0111100000000000000 257 350225273525037 111100000000000000 350225273526037 14.87 12.51 8.50
0111100000000000000 257 350225273525037 111000000000000001 350225273527037 14.87 14.59 13.80
0111100000000000000 257 350225273525037 111100000000000001 350225273525137 14.87 14.59 11.10
0111100000000000000 257 350225273525037 111100000000000011 350225273525237 14.87 16.68 16.40
0111100000000000000 257 350225273525037 111100000000000011 350225273525337 14.87 16.68 16.40
0111100000000000000 257 350225273525037 111100000000000111 350225273525437 14.87 16.68 13.80
0111100000000000000 257 350225273525037 111100000000000111 350225273525537 14.87 16.68 13.80
0111100000000000000 257 350225273525037 111100000000000111 350225273525637 14.87 16.68 13.80
0111100000000000000 257 350225273525037 111100000000001111 350225273525737 14.87 16.68 13.80
0111100000000000000 257 350225273525037 111000000000000000 350225273525007 14.87 12.51 11.10
0111100000000000000 257 350225273525037 111000000000000000 350225273525017 14.87 12.51 11.10
0111100000000000000 257 350225273525037 111100000000000000 350225273525027 14.87 12.51 8.50
0111100000000000000 257 350225273525037 111100000000000000 350225273525047 14.87 12.51 8.50
0111100000000000000 257 350225273525037 111110000000000000 350225273525057 14.87 12.51 8.50
0111100000000000000 257 350225273525037 111110000000000000 350225273525067 14.87 12.51 8.50
0111100000000000000 257 350225273525037 111110000000000000 350225273525077 14.87 12.51 8.50
0111100000000000000 257 350225273525037 111111111111000000 350225273525030 14.87 12.51 13.80
0111100000000000000 257 350225273525037 111111110000000000 350225273525031 14.87 12.51 13.80
0111100000000000000 257 350225273525037 111111100000000000 350225273525032 14.87 12.51 13.80
0111100000000000000 257 350225273525037 111111000000000000 350225273525033 14.87 12.51 13.80
0111100000000000000 257 350225273525037 111110000000000000 350225273525034 14.87 12.51 8.50
0111100000000000000 257 350225273525037 111110000000000000 350225273525035 14.87 12.51 8.50
0111100000000000000 257 350225273525037 111100000000000000 350225273525036 14.87 12.51 8.50
0111100000000000000 274 641271047562455 111100000000000000 041271047562455 14.87 12.51 8.50
0111100000000000000 274 641271047562455 111100000000000000 141271047562455 14.87 12.51 8.50
0111100000000000000 274 641271047562455 111100000000000000 241271047562455 14.87 12.51 8.50
0111100000000000000 274 641271047562455 111100000000000000 341271047562455 14.87 12.51 8.50
0111100000000000000 274 641271047562455 111100000000000000 441271047562455 14.87 12.51 8.50
0111100000000000000 274 641271047562455 111100000000000000 541271047562455 14.87 12.51 8.50
0111100000000000000 274 641271047562455 111100000000000000 741271047562455 14.87 12.51 8.50
0111100000000000000 274 641271047562455 111111111111111111 601271047562455 14.87 4.17 8.50
0111100000000000000 274 641271047562455 111000000000000001 611271047562455 14.87 14.59 13.80
0111100000000000000 274 641271047562455 111000000000000000 621271047562455 14.87 12.51 11.10
0111100000000000000 274 641271047562455 111000000000000000 631271047562455 14.87 12.51 11.10
0111100000000000000 274 641271047562455 111100000000000000 651271047562455 14.87 12.51 8.50
0111100000000000000 274 641271047562455 111100000000000000 661271047562455 14.87 12.51 8.50
0111100000000000000 274 641271047562455 111100000000000000 671271047562455 14.87 12.51 8.50
0111100000000000000 274 641271047562455 111000000000000000 640271047562455 14.87 12.51 11.10
0111100000000000000 274 641271047562455 111100000000000000 642271047562455 14.87 12.51 8.50
0111100000000000000 274 641271047562455 111100000000000000 643271047562455 14.87 12.51 8.50
0111100000000000000 274 641271047562455 111100000000000000 644271047562455 14.87 12.51 8.50
0111100000000000000 274 641271047562455 111100000000000000 645271047562455 14.87 12.51 8.50
0111100000000000000 274 641271047562455 111100000000000000 646271047562455 14.87 12.51 8.50
0111100000000000000 274 641271047562455 111100000000000000 647271047562455 14.87 12.51 8.50
0111100000000000000 274 641271047562455 111111000000000000 641071047562455 14.87 12.51 13.80
0111100000000000000 274 641271047562455 111100000000000000 641171047562455 14.87 12.51 8.50
0111100000000000000 274 641271047562455 111000000000000000 641371047562455 14.87 12.51 11.10
0111100000000000000 274 641271047562455 111000000000000000 641471047562455 14.87 12.51 11.10
0111100000000000000 274 641271047562455 111000000000000001 641571047562455 14.87 14.59 13.80
0111100000000000000 274 641271047562455 111000000000000001 641671047562455 14.87 14.59 13.80
0111100000000000000 274 641271047562455 110000000000000011 641771047562455 14.87 16.68 11.10
0111100000000000000 274 641271047562455 111100000000000001 641201047562455 14.87 14.59 11.10
0111100000000000000 274 641271047562455 111100000000000000 641211047562455 14.87 12.51 8.50
0111100000000000000 274 641271047562455 111100000000000000 641221047562455 14.87 12.51 8.50
0111100000000000000 274 641271047562455 111100000000000000 641231047562455 14.87 12.51 8.50
0111100000000000000 274 641271047562455 111100000000000000 641241047562455 14.87 12.51 8.50
0111100000000000000 274 641271047562455 111100000000000000 641251047562455 14.87 12.51 8.50
0111100000000000000 274 641271047562455 111100000000000000 641261047562455 14.87 12.51 8.50
0111100000000000000 274 641271047562455 111100000000000000 641270047562455 14.87 12.51 8.50
0111100000000000000 274 641271047562455 111100000000000000 641272047562455 14.87 12.51 8.50
0111100000000000000 274 641271047562455 111100000000000000 641273047562455 14.87 12.51 8.50
0111100000000000000 274 641271047562455 111100000000000000 641274047562455 14.87 12.51 8.50
0111100000000000000 274 641271047562455 111100000000000000 641275047562455 14.87 12.51 8.50
0111100000000000000 274 641271047562455 111111111111111111 641276047562455 14.87 4.17 8.50
0111100000000000000 274 641271047562455 111111111111111111 641277047562455 14.87 4.17 8.50
0111100000000000000 274 641271047562455 111110000000000000 641271147562455 14.87 12.51 8.50
0111100000000000000 274 641271047562455 111111100000000000 641271247562455 14.87 12.51 13.80
0111100000000000000 274 641271047562455 111111111000000000 641271347562455 14.87 12.51 13.80
0111100000000000000 274 641271047562455 111111111110000000 641271447562455 14.87 12.51 13.80
0111100000000000000 274 641271047562455 111111111111000000 641271547562455 14.87 12.51 13.80
0111100000000000000 274 641271047562455 111111111111110000 641271647562455 14.87 12.51 13.80
0111100000000000000 274 641271047562455 111111111111111100 641271747562455 14.87 12.51 13.80
0111100000000000000 274 641271047562455 111100000000000000 641271007562455 14.87 12.51 8.50
0111100000000000000 274 641271047562455 111100000000000000 641271017562455 14.87 12.51 8.50
0111100000000000000 274 641271047562455 111100000000000000 641271027562455 14.87 12.51 8.50
0111100000000000000 274 641271047562455 111100000000000000 641271037562455 14.87 12.51 8.50
0111100000000000000 274 641271047562455 111100000000000000 641271057562455 14.87 12.51 8.50
0111100000000000000 274 641271047562455 111100000000000000 641271067562455 14.87 12.51 8.50
0111100000000000000 274 641271047562455 111100000000000000 641271077562455 14.87 12.51 8.50
0111100000000000000 274 641271047562455 111111111111111100 641271040562455 14.87 12.51 13.80
0111100000000000000 274 641271047562455 111111111100000000 641271041562455 14.87 12.51 13.80
0111100000000000000 274 641271047562455 111111100000000000 641271042562455 14.87 12.51 13.80
0111100000000000000 274 641271047562455 111111000000000000 641271043562455 14.87 12.51 13.80
0111100000000000000 274 641271047562455 111110000000000000 641271044562455 14.87 12.51 8.50
0111100000000000000 274 641271047562455 111100000000000000 641271045562455 14.87 12.51 8.50
0111100000000000000 274 641271047562455 111100000000000000 641271046562455 14.87 12.51 8.50
0111100000000000000 274 641271047562455 111111111111100000 641271047062455 14.87 12.51 13.80
0111100000000000000 274 641271047562455 111111110000000000 641271047162455 14.87 12.51 13.80
0111100000000000000 274 641271047562455 111111000000000000 641271047262455 14.87 12.51 13.80
0111100000000000000 274 641271047562455 111110000000000000 641271047362455 14.87 12.51 8.50
0111100000000000000 274 641271047562455 111100000000000000 641271047462455 14.87 12.51 8.50
0111100000000000000 274 641271047562455 111000000000000000 641271047662455 14.87 12.51 11.10
0111100000000000000 274 641271047562455 111000000000000000 641271047762455 14.87 12.51 11.10
0111100000000000000 274 641271047562455 111000000000000000 641271047502455 14.87 12.51 11.10
0111100000000000000 274 641271047562455 111000000000000000 641271047512455 14.87 12.51 11.10
0111100000000000000 274 641271047562455 111000000000000000 641271047522455 14.87 12.51 11.10
0111100000000000000 274 641271047562455 111000000000000000 641271047532455 14.87 12.51 11.10
0111100000000000000 274 641271047562455 111000000000000000 641271047542455 14.87 12.51 11.10
0111100000000000000 274 641271047562455 111100000000000000 641271047552455 14.87 12.51 8.50
0111100000000000000 274 641271047562455 111100000000000000 641271047572455 14.87 12.51 8.50
0111100000000000000 274 641271047562455 111111000000000000 641271047560455 14.87 12.51 13.80
0111100000000000000 274 641271047562455 111100000000000000 641271047561455 14.87 12.51 8.50
0111100000000000000 274 641271047562455 111000000000000001 641271047563455 14.87 14.59 13.80
0111100000000000000 274 641271047562455 111000000000001111 641271047564455 14.87 16.68 16.40
0111100000000000000 274 641271047562455 111000000000011111 641271047565455 14.87 16.68 16.40
0111100000000000000 274 641271047562455 110000000000111111 641271047566455 14.87 16.68 16.40
0111100000000000000 274 641271047562455 110000000001111111 641271047567455 14.87 16.68 16.40
0111100000000000000 274 641271047562455 111100000000000000 641271047562055 14.87 12.51 8.50
0111100000000000000 274 641271047562455 111100000000000000 641271047562155 14.87 12.51 8.50
0111100000000000000 274 641271047562455 111100000000000000 641271047562255 14.87 12.51 8.50
0111100000000000000 274 641271047562455 111100000000000000 641271047562355 14.87 12.51 8.50
0111100000000000000 274 641271047562455 111100000000000000 641271047562555 14.87 12.51 8.50
0111100000000000000 274 641271047562455 111100000000000000 641271047562655 14.87 12.51 8.50
0111100000000000000 274 641271047562455 111100000000000000 641271047562755 14.87 12.51 8.50
0111100000000000000 274 641271047562455 111111111111111111 641271047562405 14.87 4.17 8.50
0111100000000000000 274 641271047562455 111111111111111111 641271047562415 14.87 4.17 8.50
0111100000000000000 274 641271047562455 111000000000000011 641271047562425 14.87 16.68 16.40
0111100000000000000 274 641271047562455 111000000000000000 641271047562435 14.87 12.51 11.10
0111100000000000000 274 641271047562455 111000000000000000 641271047562445 14.87 12.51 11.10
0111100000000000000 274 641271047562455 111100000000000000 641271047562465 14.87 12.51 8.50
0111100000000000000 274 641271047562455 111100000000000000 641271047562475 14.87 12.51 8.50
0111100000000000000 274 641271047562455 111111111111100000 641271047562450 14.87 12.51 13.80
0111100000000000000 274 641271047562455 111111110000000000 641271047562451 14.87 12.51 13.80
0111100000000000000 274 641271047562455 111111000000000000 641271047562452 14.87 12.51 13.80
0111100000000000000 274 641271047562455 111110000000000000 641271047562453 14.87 12.51 8.50
0111100000000000000 274 641271047562455 111100000000000000 641271047562454 14.87 12.51 8.50
0111100000000000000 274 641271047562455 111000000000000000 641271047562456 14.87 12.51 11.10
0111100000000000000 274 641271047562455 111000000000000000 641271047562457 14.87 12.51 11.10
0111100000000000000 327 011743307403501 111000000000000000 111743307403501 14.87 12.51 11.10
0111100000000000000 327 011743307403501 111000000000000000 211743307403501 14.87 12.51 11.10
0111100000000000000 327 011743307403501 111000000000000000 311743307403501 14.87 12.51 11.10
0111100000000000000 327 011743307403501 110000000000000000 411743307403501 14.87 12.51 13.80
0111100000000000000 327 011743307403501 110000000000000000 511743307403501 14.87 12.51 13.80
0111100000000000000 327 011743307403501 110000000000000000 611743307403501 14.87 12.51 13.80
0111100000000000000 327 011743307403501 110000000000000000 711743307403501 14.87 12.51 13.80
0111100000000000000 327 011743307403501 111000000000000000 001743307403501 14.87 12.51 11.10
0111100000000000000 327 011743307403501 111100000000000000 021743307403501 14.87 12.51 8.50
0111100000000000000 327 011743307403501 111100000000000000 031743307403501 14.87 12.51 8.50
0111100000000000000 327 011743307403501 111100000000000000 041743307403501 14.87 12.51 8.50
0111100000000000000 327 011743307403501 111100000000000000 051743307403501 14.87 12.51 8.50
0111100000000000000 327 011743307403501 111110000000000000 061743307403501 14.87 12.51 8.50
0111100000000000000 327 011743307403501 111110000000000000 071743307403501 14.87 12.51 8.50
0111100000000000000 327 011743307403501 111000000000000000 010743307403501 14.87 12.51 11.10
0111100000000000000 327 011743307403501 111100000000000000 012743307403501 14.87 12.51 8.50
0111100000000000000 327 011743307403501 111100000000000000 013743307403501 14.87 12.51 8.50
0111100000000000000 327 011743307403501 111100000000000000 014743307403501 14.87 12.51 8.50
0111100000000000000 327 011743307403501 111100000000000000 015743307403501 14.87 12.51 8.50
0111100000000000000 327 011743307403501 111100000000000000 016743307403501 14.87 12.51 8.50
0111100000000000000 327 011743307403501 111100000000000000 017743307403501 14.87 12.51 8.50
0111100000000000000 327 011743307403501 111111000000000000 011043307403501 14.87 12.51 13.80
0111100000000000000 327 011743307403501 111110000000000000 011143307403501 14.87 12.51 8.50
0111100000000000000 327 011743307403501 111100000000000000 011243307403501 14.87 12.51 8.50
0111100000000000000 327 011743307403501 111100000000000000 011343307403501 14.87 12.51 8.50
0111100000000000000 327 011743307403501 111100000000000000 011443307403501 14.87 12.51 8.50
0111100000000000000 327 011743307403501 111100000000000000 011543307403501 14.87 12.51 8.50
0111100000000000000 327 011743307403501 111100000000000000 011643307403501 14.87 12.51 8.50
0111100000000000000 327 011743307403501 111100000000000000 011703307403501 14.87 12.51 8.50
0111100000000000000 327 011743307403501 111100000000000000 011713307403501 14.87 12.51 8.50
0111100000000000000 327 011743307403501 111100000000000000 011723307403501 14.87 12.51 8.50
0111100000000000000 327 011743307403501 111100000000000000 011733307403501 14.87 12.51 8.50
0111100000000000000 327 011743307403501 111100000000000000 011753307403501 14.87 12.51 8.50
0111100000000000000 327 011743307403501 111100000000000000 011763307403501 14.87 12.51 8.50
0111100000000000000 327 011743307403501 111100000000000000 011773307403501 14.87 12.51 8.50
0111100000000000000 327 011743307403501 111100000000000000 011740307403501 14.87 12.51 8.50
0111100000000000000 327 011743307403501 111100000000000000 011741307403501 14.87 12.51 8.50
0111100000000000000 327 011743307403501 111100000000000000 011742307403501 14.87 12.51 8.50
0111100000000000000 327 011743307403501 111100000000000000 011744307403501 14.87 12.51 8.50
0111100000000000000 327 011743307403501 111100000000000000 011745307403501 14.87 12.51 8.50
0111100000000000000 327 011743307403501 111100000000000000 011746307403501 14.87 12.51 8.50
0111100000000000000 327 011743307403501 111100000000000000 011747307403501 14.87 12.51 8.50
0111100000000000000 327 011743307403501 111000000000000001 011743007403501 14.87 14.59 13.80
0111100000000000000 327 011743307403501 111000000000000000 011743107403501 14.87 12.51 11.10
0111100000000000000 327 011743307403501 111000000000000000 011743207403501 14.87 12.51 11.10
0111100000000000000 327 011743307403501 111100000000000000 011743407403501 14.87 12.51 8.50
0111100000000000000 327 011743307403501 111110000000000000 011743507403501 14.87 12.51 8.50
0111100000000000000 327 011743307403501 111110000000000000 011743607403501 14.87 12.51 8.50
0111100000000000000 327 011743307403501 111110000000000000 011743707403501 14.87 12.51 8.50
0111100000000000000 327 011743307403501 111100000000000000 011743317403501 14.87 12.51 8.50
0111100000000000000 327 011743307403501 111100000000000000 011743327403501 14.87 12.51 8.50
0111100000000000000 327 011743307403501 111100000000000000 011743337403501 14.87 12.51 8.50
0111100000000000000 327 011743307403501 111100000000000000 011743347403501 14.87 12.51 8.50
0111100000000000000 327 011743307403501 111100000000000000 011743357403501 14.87 12.51 8.50
0111100000000000000 327 011743307403501 111100000000000000 011743367403501 14.87 12.51 8.50
0111100000000000000 327 011743307403501 111100000000000000 011743377403501 14.87 12.51 8.50
0111100000000000000 327 011743307403501 111111111111000000 011743300403501 14.87 12.51 13.80
0111100000000000000 327 011743307403501 111111110000000000 011743301403501 14.87 12.51 13.80
0111100000000000000 327 011743307403501 111111100000000000 011743302403501 14.87 12.51 13.80
0111100000000000000 327 011743307403501 111111000000000000 011743303403501 14.87 12.51 13.80
0111100000000000000 327 011743307403501 111110000000000000 011743304403501 14.87 12.51 8.50
0111100000000000000 327 011743307403501 111100000000000000 011743305403501 14.87 12.51 8.50
0111100000000000000 327 011743307403501 111100000000000000 011743306403501 14.87 12.51 8.50
0111100000000000000 327 011743307403501 111111111100000000 011743307003501 14.87 12.51 13.80
0111100000000000000 327 011743307403501 111111000000000000 011743307103501 14.87 12.51 13.80
0111100000000000000 327 011743307403501 111110000000000000 011743307203501 14.87 12.51 8.50
0111100000000000000 327 011743307403501 111100000000000000 011743307303501 14.87 12.51 8.50
0111100000000000000 327 011743307403501 111000000000000000 011743307503501 14.87 12.51 11.10
0111100000000000000 327 011743307403501 111000000000000000 011743307603501 14.87 12.51 11.10
0111100000000000000 327 011743307403501 111000000000000000 011743307703501 14.87 12.51 11.10
0111100000000000000 327 011743307403501 111100000000000000 011743307413501 14.87 12.51 8.50
0111100000000000000 327 011743307403501 111100000000000000 011743307423501 14.87 12.51 8.50
0111100000000000000 327 011743307403501 111100000000000000 011743307433501 14.87 12.51 8.50
0111100000000000000 327 011743307403501 111100000000000000 011743307443501 14.87 12.51 8.50
0111100000000000000 327 011743307403501 111110000000000000 011743307453501 14.87 12.51 8.50
0111100000000000000 327 011743307403501 111110000000000000 011743307463501 14.87 12.51 8.50
0111100000000000000 327 011743307403501 111110000000000000 011743307473501 14.87 12.51 8.50
0111100000000000000 327 011743307403501 111111000000000000 011743307400501 14.87 12.51 13.80
0111100000000000000 327 011743307403501 111110000000000000 011743307401501 14.87 12.51 8.50
0111100000000000000 327 011743307403501 111100000000000000 011743307402501 14.87 12.51 8.50
0111100000000000000 327 011743307403501 111000000000000000 011743307404501 14.87 12.51 11.10
0111100000000000000 327 011743307403501 111000000000000011 011743307405501 14.87 16.68 16.40
0111100000000000000 327 011743307403501 111000000000000111 011743307406501 14.87 16.68 16.40
0111100000000000000 327 011743307403501 111000000000001111 011743307407501 14.87 16.68 16.40
0111100000000000000 327 011743307403501 111100000000000000 011743307403001 14.87 12.51 8.50
0111100000000000000 327 011743307403501 111100000000000000 011743307403101 14.87 12.51 8.50
0111100000000000000 327 011743307403501 111100000000000000 011743307403201 14.87 12.51 8.50
0111100000000000000 327 011743307403501 111100000000000000 011743307403301 14.87 12.51 8.50
0111100000000000000 327 011743307403501 111100000000000000 011743307403401 14.87 12.51 8.50
0111100000000000000 327 011743307403501 111100000000000000 011743307403601 14.87 12.51 8.50
0111100000000000000 327 011743307403501 111100000000000000 011743307403701 14.87 12.51 8.50
0111100000000000000 327 011743307403501 111110000000000000 011743307403511 14.87 12.51 8.50
0111100000000000000 327 011743307403501 111111100000000000 011743307403521 14.87 12.51 13.80
0111100000000000000 327 011743307403501 111111110000000000 011743307403531 14.87 12.51 13.80
0111100000000000000 327 011743307403501 111111111000000000 011743307403541 14.87 12.51 13.80
0111100000000000000 327 011743307403501 111111111100000000 011743307403551 14.87 12.51 13.80
0111100000000000000 327 011743307403501 111111111110000000 011743307403561 14.87 12.51 13.80
0111100000000000000 327 011743307403501 111111111111000000 011743307403571 14.87 12.51 13.80
0111100000000000000 327 011743307403501 111111000000000000 011743307403500 14.87 12.51 13.80
0111100000000000000 327 011743307403501 111000000000000000 011743307403502 14.87 12.51 11.10
0111100000000000000 327 011743307403501 110000000000000000 011743307403503 14.87 12.51 13.80
0111100000000000000 327 011743307403501 110000000000000000 011743307403504 14.87 12.51 13.80
0111100000000000000 327 011743307403501 110000000000000000 011743307403505 14.87 12.51 13.80
0111100000000000000 327 011743307403501 110000000000000000 011743307403506 14.87 12.51 13.80
0111100000000000000 327 011743307403501 110000000000000000 011743307403507 14.87 12.51 13.80
0111100000000000000 348 462701567625135 111100000000000001 062701567625135 14.87 14.59 11.10
0111100000000000000 348 462701567625135 111100000000000001 162701567625135 14.87 14.59 11.10
0111100000000000000 348 462701567625135 111100000000000001 262701567625135 14.87 14.59 11.10
0111100000000000000 348 462701567625135 111100000000000000 362701567625135 14.87 12.51 8.50
0111100000000000000 348 462701567625135 111100000000000000 562701567625135 14.87 12.51 8.50
0111100000000000000 348 462701567625135 111100000000000000 662701567625135 14.87 12.51 8.50
0111100000000000000 348 462701567625135 111100000000000000 762701567625135 14.87 12.51 8.50
0111100000000000000 348 462701567625135 111000000000000001 402701567625135 14.87 14.59 13.80
0111100000000000000 348 462701567625135 111000000000000001 412701567625135 14.87 14.59 13.80
0111100000000000000 348 462701567625135 111100000000000001 422701567625135 14.87 14.59 11.10
0111100000000000000 348 462701567625135 111100000000000001 432701567625135 14.87 14.59 11.10
0111100000000000000 348 462701567625135 111100000000000000 442701567625135 14.87 12.51 8.50
0111100000000000000 348 462701567625135 111100000000000000 452701567625135 14.87 12.51 8.50
0111100000000000000 348 462701567625135 111100000000000000 472701567625135 14.87 12.51 8.50
0111100000000000000 348 462701567625135 111000000000000001 460701567625135 14.87 14.59 13.80
0111100000000000000 348 462701567625135 111100000000000000 461701567625135 14.87 12.51 8.50
0111100000000000000 348 462701567625135 111100000000000000 463701567625135 14.87 12.51 8.50
0111100000000000000 348 462701567625135 111100000000000001 464701567625135 14.87 14.59 11.10
0111100000000000000 348 462701567625135 111100000000000001 465701567625135 14.87 14.59 11.10
0111100000000000000 348 462701567625135 111100000000000001 466701567625135 14.87 14.59 11.10
0111100000000000000 348 462701567625135 111100000000000001 467701567625135 14.87 14.59 11.10
0111100000000000000 348 462701567625135 111111000000000000 462001567625135 14.87 12.51 13.80
0111100000000000000 348 462701567625135 111110000000000000 462101567625135 14.87 12.51 8.50
0111100000000000000 348 462701567625135 111110000000000000 462201567625135 14.87 12.51 8.50
0111100000000000000 348 462701567625135 111100000000000000 462301567625135 14.87 12.51 8.50
0111100000000000000 348 462701567625135 111100000000000000 462401567625135 14.87 12.51 8.50
0111100000000000000 348 462701567625135 111100000000000000 462501567625135 14.87 12.51 8.50
0111100000000000000 348 462701567625135 111100000000000000 462601567625135 14.87 12.51 8.50
0111100000000000000 348 462701567625135 111100000000000000 462711567625135 14.87 12.51 8.50
0111100000000000000 348 462701567625135 111100000000000000 462721567625135 14.87 12.51 8.50
0111100000000000000 348 462701567625135 111100000000000000 462731567625135 14.87 12.51 8.50
0111100000000000000 348 462701567625135 111100000000000000 462741567625135 14.87 12.51 8.50
0111100000000000000 348 462701567625135 111100000000000000 462751567625135 14.87 12.51 8.50
0111100000000000000 348 462701567625135 111100000000000000 462761567625135 14.87 12.51 8.50
0111100000000000000 348 462701567625135 111100000000000000 462771567625135 14.87 12.51 8.50
0111100000000000000 348 462701567625135 111100000000000000 462700567625135 14.87 12.51 8.50
0111100000000000000 348 462701567625135 111100000000000001 462702567625135 14.87 14.59 11.10
0111100000000000000 348 462701567625135 111100000000000001 462703567625135 14.87 14.59 11.10
0111100000000000000 348 462701567625135 111100000000000001 462704567625135 14.87 14.59 11.10
0111100000000000000 348 462701567625135 111100000000000011 462705567625135 14.87 16.68 16.40
0111100000000000000 348 462701567625135 111100000000000011 462706567625135 14.87 16.68 16.40
0111100000000000000 348 462701567625135 111100000000000011 462707567625135 14.87 16.68 16.40
0111100000000000000 348 462701567625135 110000000000000111 462701067625135 14.87 16.68 16.40
0111100000000000000 348 462701567625135 110000000000000111 462701167625135 14.87 16.68 16.40
0111100000000000000 348 462701567625135 111000000000000011 462701267625135 14.87 16.68 16.40
0111100000000000000 348 462701567625135 111000000000000011 462701367625135 14.87 16.68 16.40
0111100000000000000 348 462701567625135 111100000000000001 462701467625135 14.87 14.59 11.10
0111100000000000000 348 462701567625135 111100000000000000 462701667625135 14.87 12.51 8.50
0111100000000000000 348 462701567625135 111110000000000000 462701767625135 14.87 12.51 8.50
0111100000000000000 348 462701567625135 111100000000000000 462701507625135 14.87 12.51 8.50
0111100000000000000 348 462701567625135 111100000000000000 462701517625135 14.87 12.51 8.50
0111100000000000000 348 462701567625135 111100000000000000 462701527625135 14.87 12.51 8.50
0111100000000000000 348 462701567625135 111100000000000000 462701537625135 14.87 12.51 8.50
0111100000000000000 348 462701567625135 111100000000000000 462701547625135 14.87 12.51 8.50
0111100000000000000 348 462701567625135 111100000000000000 462701557625135 14.87 12.51 8.50
0111100000000000000 348 462701567625135 111100000000000000 462701577625135 14.87 12.51 8.50
0111100000000000000 348 462701567625135 111111111111110000 462701560625135 14.87 12.51 13.80
0111100000000000000 348 462701567625135 111111111000000000 462701561625135 14.87 12.51 13.80
0111100000000000000 348 462701567625135 111111100000000000 462701562625135 14.87 12.51 13.80
0111100000000000000 348 462701567625135 111111000000000000 462701563625135 14.87 12.51 13.80
0111100000000000000 348 462701567625135 111110000000000000 462701564625135 14.87 12.51 8.50
0111100000000000000 348 462701567625135 111110000000000000 462701565625135 14.87 12.51 8.50
0111100000000000000 348 462701567625135 111100000000000000 462701566625135 14.87 12.51 8.50
0111100000000000000 348 462701567625135 111111111111110000 462701567025135 14.87 12.51 13.80
0111100000000000000 348 462701567625135 111111111000000000 462701567125135 14.87 12.51 13.80
0111100000000000000 348 462701567625135 111111100000000000 462701567225135 14.87 12.51 13.80
0111100000000000000 348 462701567625135 111111000000000000 462701567325135 14.87 12.51 13.80
0111100000000000000 348 462701567625135 111110000000000000 462701567425135 14.87 12.51 8.50
0111100000000000000 348 462701567625135 111100000000000000 462701567525135 14.87 12.51 8.50
0111100000000000000 348 462701567625135 111100000000000001 462701567725135 14.87 14.59 11.10
0111100000000000000 348 462701567625135 111100000000000000 462701567605135 14.87 12.51 8.50
0111100000000000000 348 462701567625135 111100000000000000 462701567615135 14.87 12.51 8.50
0111100000000000000 348 462701567625135 111100000000000001 462701567635135 14.87 14.59 11.10
0111100000000000000 348 462701567625135 111100000000000001 462701567645135 14.87 14.59 11.10
0111100000000000000 348 462701567625135 111100000000000001 462701567655135 14.87 14.59 11.10
0111100000000000000 348 462701567625135 111110000000000001 462701567665135 14.87 14.59 13.80
0111100000000000000 348 462701567625135 111110000000000001 462701567675135 14.87 14.59 13.80
0111100000000000000 348 462701567625135 111111111110000000 462701567620135 14.87 12.51 13.80
0111100000000000000 348 462701567625135 111111100000000000 462701567621135 14.87 12.51 13.80
0111100000000000000 348 462701567625135 111111000000000000 462701567622135 14.87 12.51 13.80
0111100000000000000 348 462701567625135 111110000000000000 462701567623135 14.87 12.51 8.50
0111100000000000000 348 462701567625135 111100000000000000 462701567624135 14.87 12.51 8.50
0111100000000000000 348 462701567625135 111100000000000011 462701567626135 14.87 16.68 16.40
0111100000000000000 348 462701567625135 111000000000001111 462701567627135 14.87 16.68 16.40
0111100000000000000 348 462701567625135 111100000000000000 462701567625035 14.87 12.51 8.50
0111100000000000000 348 462701567625135 111100000000000001 462701567625235 14.87 14.59 11.10
0111100000000000000 348 462701567625135 111100000000000011 462701567625335 14.87 16.68 16.40
0111100000000000000 348 462701567625135 111100000000000011 462701567625435 14.87 16.68 16.40
0111100000000000000 348 462701567625135 111100000000000111 462701567625535 14.87 16.68 13.80
0111100000000000000 348 462701567625135 111100000000000111 462701567625635 14.87 16.68 13.80
0111100000000000000 348 462701567625135 111100000000000111 462701567625735 14.87 16.68 13.80
0111100000000000000 348 462701567625135 110000000000000111 462701567625105 14.87 16.68 16.40
0111100000000000000 348 462701567625135 111000000000000011 462701567625115 14.87 16.68 16.40
0111100000000000000 348 462701567625135 111000000000000001 462701567625125 14.87 14.59 13.80
0111100000000000000 348 462701567625135 111100000000000000 462701567625145 14.87 12.51 8.50
0111100000000000000 348 462701567625135 111110000000000000 462701567625155 14.87 12.51 8.50
0111100000000000000 348 462701567625135 111110000000000000 462701567625165 14.87 12.51 8.50
0111100000000000000 348 462701567625135 111111000000000000 462701567625175 14.87 12.51 13.80
0111100000000000000 348 462701567625135 111111111110000000 462701567625130 14.87 12.51 13.80
0111100000000000000 348 462701567625135 111111110000000000 462701567625131 14.87 12.51 13.80
0111100000000000000 348 462701567625135 111111000000000000 462701567625132 14.87 12.51 13.80
0111100000000000000 348 462701567625135 111110000000000000 462701567625133 14.87 12.51 8.50
0111100000000000000 348 462701567625135 111100000000000000 462701567625134 14.87 12.51 8.50
0111100000000000000 348 462701567625135 111100000000000001 462701567625136 14.87 14.59 11.10
0111100000000000000 348 462701567625135 111000000000000001 462701567625137 14.87 14.59 13.80
0111100000000000000 502 670412716602614 111111000000000000 070412716602614 14.87 12.51 13.80
0111100000000000000 502 670412716602614 111110000000000000 170412716602614 14.87 12.51 8.50
0111100000000000000 502 670412716602614 111110000000000000 270412716602614 14.87 12.51 8.50
0111100000000000000 502 670412716602614 111110000000000000 370412716602614 14.87 12.51 8.50
0111100000000000000 502 670412716602614 111110000000000000 470412716602614 14.87 12.51 8.50
0111100000000000000 502 670412716602614 111110000000000000 570412716602614 14.87 12.51 8.50
0111100000000000000 502 670412716602614 111100000000000000 770412716602614 14.87 12.51 8.50
0111100000000000000 502 670412716602614 110000000000000000 600412716602614 14.87 12.51 13.80
0111100000000000000 502 670412716602614 110000000000000000 610412716602614 14.87 12.51 13.80
0111100000000000000 502 670412716602614 111000000000000000 620412716602614 14.87 12.51 11.10
0111100000000000000 502 670412716602614 111000000000000000 630412716602614 14.87 12.51 11.10
0111100000000000000 502 670412716602614 111000000000000000 640412716602614 14.87 12.51 11.10
0111100000000000000 502 670412716602614 111100000000000000 650412716602614 14.87 12.51 8.50
0111100000000000000 502 670412716602614 111100000000000000 660412716602614 14.87 12.51 8.50
0111100000000000000 502 670412716602614 111110000000000000 671412716602614 14.87 12.51 8.50
0111100000000000000 502 670412716602614 111110000000000000 672412716602614 14.87 12.51 8.50
0111100000000000000 502 670412716602614 111110000000000000 673412716602614 14.87 12.51 8.50
0111100000000000000 502 670412716602614 111110000000000000 674412716602614 14.87 12.51 8.50
0111100000000000000 502 670412716602614 111110000000000000 675412716602614 14.87 12.51 8.50
0111100000000000000 502 670412716602614 111110000000000000 676412716602614 14.87 12.51 8.50
0111100000000000000 502 670412716602614 111110000000000000 677412716602614 14.87 12.51 8.50
0111100000000000000 502 670412716602614 111111110000000000 670012716602614 14.87 12.51 13.80
0111100000000000000 502 670412716602614 111111000000000000 670112716602614 14.87 12.51 13.80
0111100000000000000 502 670412716602614 111110000000000000 670212716602614 14.87 12.51 8.50
0111100000000000000 502 670412716602614 111110000000000000 670312716602614 14.87 12.51 8.50
0111100000000000000 502 670412716602614 111100000000000000 670512716602614 14.87 12.51 8.50
0111100000000000000 502 670412716602614 111100000000000000 670612716602614 14.87 12.51 8.50
0111100000000000000 502 670412716602614 111000000000000000 670712716602614 14.87 12.51 11.10
0111100000000000000 502 670412716602614 111100000000000000 670402716602614 14.87 12.51 8.50
0111100000000000000 502 670412716602614 111100000000000000 670422716602614 14.87 12.51 8.50
0111100000000000000 502 670412716602614 111100000000000000 670432716602614 14.87 12.51 8.50
0111100000000000000 502 670412716602614 111100000000000000 670442716602614 14.87 12.51 8.50
0111100000000000000 502 670412716602614 111100000000000000 670452716602614 14.87 12.51 8.50
0111100000000000000 502 670412716602614 111100000000000000 670462716602614 14.87 12.51 8.50
0111100000000000000 502 670412716602614 111100000000000000 670472716602614 14.87 12.51 8.50
0111100000000000000 502 670412716602614 111100000000000000 670410716602614 14.87 12.51 8.50
0111100000000000000 502 670412716602614 111100000000000000 670411716602614 14.87 12.51 8.50
0111100000000000000 502 670412716602614 111100000000000000 670413716602614 14.87 12.51 8.50
0111100000000000000 502 670412716602614 111100000000000000 670414716602614 14.87 12.51 8.50
0111100000000000000 502 670412716602614 111100000000000000 670415716602614 14.87 12.51 8.50
0111100000000000000 502 670412716602614 111100000000000000 670416716602614 14.87 12.51 8.50
0111100000000000000 502 670412716602614 111100000000000000 670417716602614 14.87 12.51 8.50
0111100000000000000 502 670412716602614 111111111111111111 670412016602614 14.87 4.17 8.50
0111100000000000000 502 670412716602614 111111111111111000 670412116602614 14.87 12.51 13.80
0111100000000000000 502 670412716602614 111000000000000000 670412216602614 14.87 12.51 11.10
0111100000000000000 502 670412716602614 111000000000000000 670412316602614 14.87 12.51 11.10
0111100000000000000 502 670412716602614 111000000000000000 670412416602614 14.87 12.51 11.10
0111100000000000000 502 670412716602614 111000000000000000 670412516602614 14.87 12.51 11.10
0111100000000000000 502 670412716602614 111100000000000000 670412616602614 14.87 12.51 8.50
0111100000000000000 502 670412716602614 111100000000000000 670412706602614 14.87 12.51 8.50
0111100000000000000 502 670412716602614 111100000000000000 670412726602614 14.87 12.51 8.50
0111100000000000000 502 670412716602614 111100000000000000 670412736602614 14.87 12.51 8.50
0111100000000000000 502 670412716602614 111100000000000000 670412746602614 14.87 12.51 8.50
0111100000000000000 502 670412716602614 111100000000000000 670412756602614 14.87 12.51 8.50
0111100000000000000 502 670412716602614 111100000000000000 670412766602614 14.87 12.51 8.50
0111100000000000000 502 670412716602614 111100000000000000 670412776602614 14.87 12.51 8.50
0111100000000000000 502 670412716602614 111111111111110000 670412710602614 14.87 12.51 13.80
0111100000000000000 502 670412716602614 111111111100000000 670412711602614 14.87 12.51 13.80
0111100000000000000 502 670412716602614 111111110000000000 670412712602614 14.87 12.51 13.80
0111100000000000000 502 670412716602614 111111000000000000 670412713602614 14.87 12.51 13.80
0111100000000000000 502 670412716602614 111110000000000000 670412714602614 14.87 12.51 8.50
0111100000000000000 502 670412716602614 111110000000000000 670412715602614 14.87 12.51 8.50
0111100000000000000 502 670412716602614 111100000000000000 670412717602614 14.87 12.51 8.50
0111100000000000000 502 670412716602614 111111111111111100 670412716002614 14.87 12.51 13.80
0111100000000000000 502 670412716602614 111111111100000000 670412716102614 14.87 12.51 13.80
0111100000000000000 502 670412716602614 111111110000000000 670412716202614 14.87 12.51 13.80
0111100000000000000 502 670412716602614 111111100000000000 670412716302614 14.87 12.51 13.80
0111100000000000000 502 670412716602614 111111000000000000 670412716402614 14.87 12.51 13.80
0111100000000000000 502 670412716602614 111110000000000000 670412716502614 14.87 12.51 8.50
0111100000000000000 502 670412716602614 111100000000000000 670412716702614 14.87 12.51 8.50
0111100000000000000 502 670412716602614 111100000000000000 670412716612614 14.87 12.51 8.50
0111100000000000000 502 670412716602614 111110000000000000 670412716622614 14.87 12.51 8.50
0111100000000000000 502 670412716602614 111110000000000000 670412716632614 14.87 12.51 8.50
0111100000000000000 502 670412716602614 111110000000000000 670412716642614 14.87 12.51 8.50
0111100000000000000 502 670412716602614 111111000000000000 670412716652614 14.87 12.51 13.80
0111100000000000000 502 670412716602614 111111000000000000 670412716662614 14.87 12.51 13.80
0111100000000000000 502 670412716602614 111111000000000000 670412716672614 14.87 12.51 13.80
0111100000000000000 502 670412716602614 111111100000000000 670412716600614 14.87 12.51 13.80
0111100000000000000 502 670412716602614 111110000000000000 670412716601614 14.87 12.51 8.50
0111100000000000000 502 670412716602614 111100000000000000 670412716603614 14.87 12.51 8.50
0111100000000000000 502 670412716602614 111000000000000000 670412716604614 14.87 12.51 11.10
0111100000000000000 502 670412716602614 111000000000000011 670412716605614 14.87 16.68 16.40
0111100000000000000 502 670412716602614 111000000000001111 670412716606614 14.87 16.68 16.40
0111100000000000000 502 670412716602614 111000000000011111 670412716607614 14.87 16.68 16.40
0111100000000000000 502 670412716602614 111100000000000000 670412716602014 14.87 12.51 8.50
0111100000000000000 502 670412716602614 111100000000000000 670412716602114 14.87 12.51 8.50
0111100000000000000 502 670412716602614 111100000000000000 670412716602214 14.87 12.51 8.50
0111100000000000000 502 670412716602614 111100000000000000 670412716602314 14.87 12.51 8.50
0111100000000000000 502 670412716602614 111100000000000000 670412716602414 14.87 12.51 8.50
0111100000000000000 502 670412716602614 111100000000000000 670412716602514 14.87 12.51 8.50
0111100000000000000 502 670412716602614 111100000000000000 670412716602714 14.87 12.51 8.50
0111100000000000000 502 670412716602614 111000000000000000 670412716602604 14.87 12.51 11.10
0111100000000000000 502 670412716602614 111111000000000000 670412716602624 14.87 12.51 13.80
0111100000000000000 502 670412716602614 111111100000000000 670412716602634 14.87 12.51 13.80
0111100000000000000 502 670412716602614 111111110000000000 670412716602644 14.87 12.51 13.80
0111100000000000000 502 670412716602614 111111111000000000 670412716602654 14.87 12.51 13.80
0111100000000000000 502 670412716602614 111111111100000000 670412716602664 14.87 12.51 13.80
0111100000000000000 502 670412716602614 111111111100000000 670412716602674 14.87 12.51 13.80
0111100000000000000 502 670412716602614 111111111111000000 670412716602610 14.87 12.51 13.80
0111100000000000000 502 670412716602614 111111110000000000 670412716602611 14.87 12.51 13.80
0111100000000000000 502 670412716602614 111111000000000000 670412716602612 14.87 12.51 13.80
0111100000000000000 502 670412716602614 111110000000000000 670412716602613 14.87 12.51 8.50
0111100000000000000 502 670412716602614 111100000000000000 670412716602615 14.87 12.51 8.50
0111100000000000000 502 670412716602614 111000000000000000 670412716602616 14.87 12.51 11.10
0111100000000000000 502 670412716602614 111000000000000000 670412716602617 14.87 12.51 11.10
0111100000000000000 512 412677043556543 111100000001111111 012677043556543 14.87 16.68 13.80
0111100000000000000 512 412677043556543 111100000000111111 112677043556543 14.87 16.68 13.80
0111100000000000000 512 412677043556543 111100000000001111 212677043556543 14.87 16.68 13.80
0111100000000000000 512 412677043556543 111100000000000000 312677043556543 14.87 12.51 8.50
0111100000000000000 512 412677043556543 111100000000000000 512677043556543 14.87 12.51 8.50
0111100000000000000 512 412677043556543 111100000000000000 612677043556543 14.87 12.51 8.50
0111100000000000000 512 412677043556543 111100000000000000 712677043556543 14.87 12.51 8.50
0111100000000000000 512 412677043556543 111100000000000000 402677043556543 14.87 12.51 8.50
0111100000000000000 512 412677043556543 111100000000000000 422677043556543 14.87 12.51 8.50
0111100000000000000 512 412677043556543 111100000000000000 432677043556543 14.87 12.51 8.50
0111100000000000000 512 412677043556543 111100000000000000 442677043556543 14.87 12.51 8.50
0111100000000000000 512 412677043556543 111110000000000000 452677043556543 14.87 12.51 8.50
0111100000000000000 512 412677043556543 111110000000000000 462677043556543 14.87 12.51 8.50
0111100000000000000 512 412677043556543 111110000000000000 472677043556543 14.87 12.51 8.50
0111100000000000000 512 412677043556543 111100000000000000 410677043556543 14.87 12.51 8.50
0111100000000000000 512 412677043556543 111100000000000000 411677043556543 14.87 12.51 8.50
0111100000000000000 512 412677043556543 111100000000000000 413677043556543 14.87 12.51 8.50
0111100000000000000 512 412677043556543 111100000000001111 414677043556543 14.87 16.68 13.80
0111100000000000000 512 412677043556543 111100000000011111 415677043556543 14.87 16.68 13.80
0111100000000000000 512 412677043556543 111100000000111111 416677043556543 14.87 16.68 13.80
0111100000000000000 512 412677043556543 111100000000111111 417677043556543 14.87 16.68 13.80
0111100000000000000 512 412677043556543 111111000000000000 412077043556543 14.87 12.51 13.80
0111100000000000000 512 412677043556543 111110000000000000 412177043556543 14.87 12.51 8.50
0111100000000000000 512 412677043556543 111100000000000000 412277043556543 14.87 12.51 8.50
0111100000000000000 512 412677043556543 111100000000000000 412377043556543 14.87 12.51 8.50
0111100000000000000 512 412677043556543 111100000000000000 412477043556543 14.87 12.51 8.50
0111100000000000000 512 412677043556543 111100000000000000 412577043556543 14.87 12.51 8.50
0111100000000000000 512 412677043556543 111100000000000000 412777043556543 14.87 12.51 8.50
0111100000000000000 512 412677043556543 111100000000000000 412607043556543 14.87 12.51 8.50
0111100000000000000 512 412677043556543 111100000000000000 412617043556543 14.87 12.51 8.50
0111100000000000000 512 412677043556543 111100000000000000 412627043556543 14.87 12.51 8.50
0111100000000000000 512 412677043556543 111100000000000000 412637043556543 14.87 12.51 8.50
0111100000000000000 512 412677043556543 111100000000000000 412647043556543 14.87 12.51 8.50
0111100000000000000 512 412677043556543 111100000000000000 412657043556543 14.87 12.51 8.50
0111100000000000000 512 412677043556543 111100000000000000 412667043556543 14.87 12.51 8.50
0111100000000000000 512 412677043556543 110000000001111111 412670043556543 14.87 16.68 16.40
0111100000000000000 512 412677043556543 111000000001111111 412671043556543 14.87 16.68 16.40
0111100000000000000 512 412677043556543 111000000001111111 412672043556543 14.87 16.68 16.40
0111100000000000000 512 412677043556543 111000000000111111 412673043556543 14.87 16.68 16.40
0111100000000000000 512 412677043556543 111000000000111111 412674043556543 14.87 16.68 16.40
0111100000000000000 512 412677043556543 111000000000011111 412675043556543 14.87 16.68 16.40
0111100000000000000 512 412677043556543 111100000000000011 412676043556543 14.87 16.68 16.40
0111100000000000000 512 412677043556543 111110000000011111 412677143556543 14.87 16.68 13.80
0111100000000000000 512 412677043556543 111111000000000111 412677243556543 14.87 16.68 16.40
0111100000000000000 512 412677043556543 111111100000000011 412677343556543 14.87 16.68 16.40
0111100000000000000 512 412677043556543 111111111000000000 412677443556543 14.87 12.51 13.80
0111100000000000000 512 412677043556543 111111111100000000 412677543556543 14.87 12.51 13.80
0111100000000000000 512 412677043556543 111111111111000000 412677643556543 14.87 12.51 13.80
0111100000000000000 512 412677043556543 111111111111100000 412677743556543 14.87 12.51 13.80
0111100000000000000 512 412677043556543 111100000000000000 412677003556543 14.87 12.51 8.50
0111100000000000000 512 412677043556543 111100000000000000 412677013556543 14.87 12.51 8.50
0111100000000000000 512 412677043556543 111100000000000000 412677023556543 14.87 12.51 8.50
0111100000000000000 512 412677043556543 111100000000000000 412677033556543 14.87 12.51 8.50
0111100000000000000 512 412677043556543 111100000000000000 412677053556543 14.87 12.51 8.50
0111100000000000000 512 412677043556543 111100000000000000 412677063556543 14.87 12.51 8.50
0111100000000000000 512 412677043556543 111100000000000000 412677073556543 14.87 12.51 8.50
0111100000000000000 512 412677043556543 111111111100000000 412677040556543 14.87 12.51 13.80
0111100000000000000 512 412677043556543 111111000000000000 412677041556543 14.87 12.51 13.80
0111100000000000000 512 412677043556543 111110000000000000 412677042556543 14.87 12.51 8.50
0111100000000000000 512 412677043556543 111000000000000000 412677044556543 14.87 12.51 11.10
0111100000000000000 512 412677043556543 111000000000000000 412677045556543 14.87 12.51 11.10
0111100000000000000 512 412677043556543 111000000000000000 412677046556543 14.87 12.51 11.10
0111100000000000000 512 412677043556543 111000000000000000 412677047556543 14.87 12.51 11.10
0111100000000000000 512 412677043556543 111111111111100000 412677043056543 14.87 12.51 13.80
0111100000000000000 512 412677043556543 111111100000000011 412677043156543 14.87 16.68 16.40
0111100000000000000 512 412677043556543 111111000000000111 412677043256543 14.87 16.68 16.40
0111100000000000000 512 412677043556543 111110000000000001 412677043356543 14.87 14.59 13.80
0111100000000000000 512 412677043556543 111100000000000000 412677043456543 14.87 12.51 8.50
0111100000000000000 512 412677043556543 111100000000000000 412677043656543 14.87 12.51 8.50
0111100000000000000 512 412677043556543 111000000000000000 412677043756543 14.87 12.51 11.10
0111100000000000000 512 412677043556543 111000000000000000 412677043506543 14.87 12.51 11.10
0111100000000000000 512 412677043556543 111000000000000000 412677043516543 14.87 12.51 11.10
0111100000000000000 512 412677043556543 111000000000000000 412677043526543 14.87 12.51 11.10
0111100000000000000 512 412677043556543 111000000000000000 412677043536543 14.87 12.51 11.10
0111100000000000000 512 412677043556543 111100000000000000 412677043546543 14.87 12.51 8.50
0111100000000000000 512 412677043556543 111100000000000000 412677043566543 14.87 12.51 8.50
0111100000000000000 512 412677043556543 111100000000000000 412677043576543 14.87 12.51 8.50
0111100000000000000 512 412677043556543 111111111111111111 412677043550543 14.87 4.17 8.50
0111100000000000000 512 412677043556543 111111110000000000 412677043551543 14.87 12.51 13.80
0111100000000000000 512 412677043556543 111111000000000000 412677043552543 14.87 12.51 13.80
0111100000000000000 512 412677043556543 111110000000000000 412677043553543 14.87 12.51 8.50
0111100000000000000 512 412677043556543 111110000000000000 412677043554543 14.87 12.51 8.50
0111100000000000000 512 412677043556543 111100000000000000 412677043555543 14.87 12.51 8.50
0111100000000000000 512 412677043556543 111100000000000000 412677043557543 14.87 12.51 8.50
0111100000000000000 512 412677043556543 111100000000000000 412677043556043 14.87 12.51 8.50
0111100000000000000 512 412677043556543 111100000000000000 412677043556143 14.87 12.51 8.50
0111100000000000000 512 412677043556543 111100000000000000 412677043556243 14.87 12.51 8.50
0111100000000000000 512 412677043556543 111100000000000000 412677043556343 14.87 12.51 8.50
0111100000000000000 512 412677043556543 111100000000000000 412677043556443 14.87 12.51 8.50
0111100000000000000 512 412677043556543 111100000000000000 412677043556643 14.87 12.51 8.50
0111100000000000000 512 412677043556543 111100000000000000 412677043556743 14.87 12.51 8.50
0111100000000000000 512 412677043556543 111111110000000000 412677043556503 14.87 12.51 13.80
0111100000000000000 512 412677043556543 111111000000000000 412677043556513 14.87 12.51 13.80
0111100000000000000 512 412677043556543 111000000000000000 412677043556523 14.87 12.51 11.10
0111100000000000000 512 412677043556543 111000000000000000 412677043556533 14.87 12.51 11.10
0111100000000000000 512 412677043556543 111100000000000000 412677043556553 14.87 12.51 8.50
0111100000000000000 512 412677043556543 111100000000000000 412677043556563 14.87 12.51 8.50
0111100000000000000 512 412677043556543 111110000000000011 412677043556573 14.87 16.68 16.40
0111100000000000000 512 412677043556543 111111111100000000 412677043556540 14.87 12.51 13.80
0111100000000000000 512 412677043556543 111111000000000000 412677043556541 14.87 12.51 13.80
0111100000000000000 512 412677043556543 111110000000000000 412677043556542 14.87 12.51 8.50
0111100000000000000 512 412677043556543 111000000000000000 412677043556544 14.87 12.51 11.10
0111100000000000000 512 412677043556543 111000000000000000 412677043556545 14.87 12.51 11.10
0111100000000000000 512 412677043556543 111000000000000000 412677043556546 14.87 12.51 11.10
0111100000000000000 512 412677043556543 111000000000000000 412677043556547 14.87 12.51 11.10
0111100000000000000 536 113252036404152 111100000000000000 013252036404152 14.87 12.51 8.50
0111100000000000000 536 113252036404152 111100000000000000 213252036404152 14.87 12.51 8.50
0111100000000000000 536 113252036404152 111100000000000000 313252036404152 14.87 12.51 8.50
0111100000000000000 536 113252036404152 111100000000000000 413252036404152 14.87 12.51 8.50
0111100000000000000 536 113252036404152 111100000000000000 513252036404152 14.87 12.51 8.50
0111100000000000000 536 113252036404152 111100000000000000 613252036404152 14.87 12.51 8.50
0111100000000000000 536 113252036404152 111000000000000000 713252036404152 14.87 12.51 11.10
0111100000000000000 536 113252036404152 111100000000000000 103252036404152 14.87 12.51 8.50
0111100000000000000 536 113252036404152 111100000000000000 123252036404152 14.87 12.51 8.50
0111100000000000000 536 113252036404152 111100000000000000 133252036404152 14.87 12.51 8.50
0111100000000000000 536 113252036404152 111110000000000000 143252036404152 14.87 12.51 8.50
0111100000000000000 536 113252036404152 111110000000000000 153252036404152 14.87 12.51 8.50
0111100000000000000 536 113252036404152 111110000000000000 163252036404152 14.87 12.51 8.50
0111100000000000000 536 113252036404152 111110000000000000 173252036404152 14.87 12.51 8.50
0111100000000000000 536 113252036404152 111100000000000000 110252036404152 14.87 12.51 8.50
0111100000000000000 536 113252036404152 111100000000000000 111252036404152 14.87 12.51 8.50
0111100000000000000 536 113252036404152 111100000000000000 112252036404152 14.87 12.51 8.50
0111100000000000000 536 113252036404152 111100000000000000 114252036404152 14.87 12.51 8.50
0111100000000000000 536 113252036404152 111100000000000000 115252036404152 14.87 12.51 8.50
0111100000000000000 536 113252036404152 111100000000000000 116252036404152 14.87 12.51 8.50
0111100000000000000 536 113252036404152 111100000000000000 117252036404152 14.87 12.51 8.50
0111100000000000000 536 113252036404152 111110000000000000 113052036404152 14.87 12.51 8.50
0111100000000000000 536 113252036404152 111100000000000000 113152036404152 14.87 12.51 8.50
0111100000000000000 536 113252036404152 111100000000000000 113352036404152 14.87 12.51 8.50
0111100000000000000 536 113252036404152 111100000000000000 113452036404152 14.87 12.51 8.50
0111100000000000000 536 113252036404152 111000000000000000 113552036404152 14.87 12.51 11.10
0111100000000000000 536 113252036404152 111000000000000000 113652036404152 14.87 12.51 11.10
0111100000000000000 536 113252036404152 111000000000000000 113752036404152 14.87 12.51 11.10
0111100000000000000 536 113252036404152 111100000000000000 113202036404152 14.87 12.51 8.50
0111100000000000000 536 113252036404152 111100000000000000 113212036404152 14.87 12.51 8.50
0111100000000000000 536 113252036404152 111100000000000000 113222036404152 14.87 12.51 8.50
0111100000000000000 536 113252036404152 111100000000000000 113232036404152 14.87 12.51 8.50
0111100000000000000 536 113252036404152 111100000000000000 113242036404152 14.87 12.51 8.50
0111100000000000000 536 113252036404152 111100000000000000 113262036404152 14.87 12.51 8.50
0111100000000000000 536 113252036404152 111100000000000000 113272036404152 14.87 12.51 8.50
0111100000000000000 536 113252036404152 111100000000000000 113250036404152 14.87 12.51 8.50
0111100000000000000 536 113252036404152 111100000000000000 113251036404152 14.87 12.51 8.50
0111100000000000000 536 113252036404152 111100000000000000 113253036404152 14.87 12.51 8.50
0111100000000000000 536 113252036404152 111100000000000000 113254036404152 14.87 12.51 8.50
0111100000000000000 536 113252036404152 111100000000000000 113255036404152 14.87 12.51 8.50
0111100000000000000 536 113252036404152 111100000000000000 113256036404152 14.87 12.51 8.50
0111100000000000000 536 113252036404152 111100000000000000 113257036404152 14.87 12.51 8.50
0111100000000000000 536 113252036404152 111110000000000000 113252136404152 14.87 12.51 8.50
0111100000000000000 536 113252036404152 111111100000000000 113252236404152 14.87 12.51 13.80
0111100000000000000 536 113252036404152 111111110000000000 113252336404152 14.87 12.51 13.80
0111100000000000000 536 113252036404152 111111111000000000 113252436404152 14.87 12.51 13.80
0111100000000000000 536 113252036404152 111111111100000000 113252536404152 14.87 12.51 13.80
0111100000000000000 536 113252036404152 111111111100000000 113252636404152 14.87 12.51 13.80
0111100000000000000 536 113252036404152 111111111110000000 113252736404152 14.87 12.51 13.80
0111100000000000000 536 113252036404152 111100000000000000 113252006404152 14.87 12.51 8.50
0111100000000000000 536 113252036404152 111100000000000000 113252016404152 14.87 12.51 8.50
0111100000000000000 536 113252036404152 111100000000000000 113252026404152 14.87 12.51 8.50
0111100000000000000 536 113252036404152 111100000000000000 113252046404152 14.87 12.51 8.50
0111100000000000000 536 113252036404152 111100000000000000 113252056404152 14.87 12.51 8.50
0111100000000000000 536 113252036404152 111100000000000000 113252066404152 14.87 12.51 8.50
0111100000000000000 536 113252036404152 111100000000000000 113252076404152 14.87 12.51 8.50
0111100000000000000 536 113252036404152 111111111110000000 113252030404152 14.87 12.51 13.80
0111100000000000000 536 113252036404152 111111110000000000 113252031404152 14.87 12.51 13.80
0111100000000000000 536 113252036404152 111111000000000000 113252032404152 14.87 12.51 13.80
0111100000000000000 536 113252036404152 111110000000000000 113252033404152 14.87 12.51 8.50
0111100000000000000 536 113252036404152 111110000000000000 113252034404152 14.87 12.51 8.50
0111100000000000000 536 113252036404152 111100000000000000 113252035404152 14.87 12.51 8.50
0111100000000000000 536 113252036404152 111100000000000000 113252037404152 14.87 12.51 8.50
0111100000000000000 536 113252036404152 111111111000000000 113252036004152 14.87 12.51 13.80
0111100000000000000 536 113252036404152 111111000000000000 113252036104152 14.87 12.51 13.80
0111100000000000000 536 113252036404152 111110000000000000 113252036204152 14.87 12.51 8.50
0111100000000000000 536 113252036404152 111100000000000000 113252036304152 14.87 12.51 8.50
0111100000000000000 536 113252036404152 111100000000000000 113252036504152 14.87 12.51 8.50
0111100000000000000 536 113252036404152 111000000000000000 113252036604152 14.87 12.51 11.10
0111100000000000000 536 113252036404152 111000000000000000 113252036704152 14.87 12.51 11.10
0111100000000000000 536 113252036404152 111100000000000000 113252036414152 14.87 12.51 8.50
0111100000000000000 536 113252036404152 111100000000000000 113252036424152 14.87 12.51 8.50
0111100000000000000 536 113252036404152 111100000000000000 113252036434152 14.87 12.51 8.50
0111100000000000000 536 113252036404152 111110000000000001 113252036444152 14.87 14.59 13.80
0111100000000000000 536 113252036404152 111110000000000001 113252036454152 14.87 14.59 13.80
0111100000000000000 536 113252036404152 111110000000000001 113252036464152 14.87 14.59 13.80
0111100000000000000 536 113252036404152 111110000000000001 113252036474152 14.87 14.59 13.80
0111100000000000000 536 113252036404152 111111110000000000 113252036400152 14.87 12.51 13.80
0111100000000000000 536 113252036404152 111111000000000000 113252036401152 14.87 12.51 13.80
0111100000000000000 536 113252036404152 111110000000000000 113252036402152 14.87 12.51 8.50
0111100000000000000 536 113252036404152 111100000000000000 113252036403152 14.87 12.51 8.50
0111100000000000000 536 113252036404152 111100000000000000 113252036405152 14.87 12.51 8.50
0111100000000000000 536 113252036404152 111000000000000000 113252036406152 14.87 12.51 11.10
0111100000000000000 536 113252036404152 111000000000000000 113252036407152 14.87 12.51 11.10
0111100000000000000 536 113252036404152 111100000000000000 113252036404052 14.87 12.51 8.50
0111100000000000000 536 113252036404152 111100000000000000 113252036404252 14.87 12.51 8.50
0111100000000000000 536 113252036404152 111100000000000000 113252036404352 14.87 12.51 8.50
0111100000000000000 536 113252036404152 111100000000000000 113252036404452 14.87 12.51 8.50
0111100000000000000 536 113252036404152 111100000000000000 113252036404552 14.87 12.51 8.50
0111100000000000000 536 113252036404152 111100000000000001 113252036404652 14.87 14.59 11.10
0111100000000000000 536 113252036404152 111100000000000001 113252036404752 14.87 14.59 11.10
0111100000000000000 536 113252036404152 111000000000000000 113252036404102 14.87 12.51 11.10
0111100000000000000 536 113252036404152 111000000000000000 113252036404112 14.87 12.51 11.10
0111100000000000000 536 113252036404152 111000000000000000 113252036404122 14.87 12.51 11.10
0111100000000000000 536 113252036404152 111000000000000000 113252036404132 14.87 12.51 11.10
0111100000000000000 536 113252036404152 111100000000000000 113252036404142 14.87 12.51 8.50
0111100000000000000 536 113252036404152 111100000000000000 113252036404162 14.87 12.51 8.50
0111100000000000000 536 113252036404152 111100000000000000 113252036404172 14.87 12.51 8.50
0111100000000000000 536 113252036404152 111111100000000000 113252036404150 14.87 12.51 13.80
0111100000000000000 536 113252036404152 111110000000000000 113252036404151 14.87 12.51 8.50
0111100000000000000 536 113252036404152 111000000000000000 113252036404153 14.87 12.51 11.10
0111100000000000000 536 113252036404152 111000000000000000 113252036404154 14.87 12.51 11.10
0111100000000000000 536 113252036404152 111000000000000000 113252036404155 14.87 12.51 11.10
0111100000000000000 536 113252036404152 110000000000000000 113252036404156 14.87 12.51 13.80
0111100000000000000 536 113252036404152 110000000000000000 113252036404157 14.87 12.51 13.80
