ParentPhenotype line ParentGenotype MutantPhenotype MutantGenotype KC_col1 KC_col4 Conditional_Complexity
0110000000000000001 6 454624527606207 110000000000000001 054624527606207 16.99 14.59 9.00
0110000000000000001 6 454624527606207 110000000000000001 154624527606207 16.99 14.59 9.00
0110000000000000001 6 454624527606207 110000000000000001 254624527606207 16.99 14.59 9.00
0110000000000000001 6 454624527606207 110000000000000001 354624527606207 16.99 14.59 9.00
0110000000000000001 6 454624527606207 110000000000000001 554624527606207 16.99 14.59 9.00
0110000000000000001 6 454624527606207 110000000000000001 654624527606207 16.99 14.59 9.00
0110000000000000001 6 454624527606207 110000000000000000 754624527606207 16.99 12.51 6.40
0110000000000000001 6 454624527606207 100000000000000000 404624527606207 16.99 10.42 9.00
0110000000000000001 6 454624527606207 100000000000000001 414624527606207 16.99 12.51 11.70
0110000000000000001 6 454624527606207 100000000000000001 424624527606207 16.99 12.51 11.70
0110000000000000001 6 454624527606207 100000000000000001 434624527606207 16.99 12.51 11.70
0110000000000000001 6 454624527606207 110000000000000001 444624527606207 16.99 14.59 9.00
0110000000000000001 6 454624527606207 110000000000000001 464624527606207 16.99 14.59 9.00
0110000000000000001 6 454624527606207 110000000000000001 474624527606207 16.99 14.59 9.00
0110000000000000001 6 454624527606207 110000000000000000 450624527606207 16.99 12.51 6.40
0110000000000000001 6 454624527606207 100000000000000000 451624527606207 16.99 10.42 9.00
0110000000000000001 6 454624527606207 110000000000000000 452624527606207 16.99 12.51 6.40
0110000000000000001 6 454624527606207 110000000000000001 453624527606207 16.99 14.59 9.00
0110000000000000001 6 454624527606207 110000000000000001 455624527606207 16.99 14.59 9.00
0110000000000000001 6 454624527606207 110000000000000001 456624527606207 16.99 14.59 9.00
0110000000000000001 6 454624527606207 110000000000000001 457624527606207 16.99 14.59 9.00
0110000000000000001 6 454624527606207 111000000000000000 454024527606207 16.99 12.51 9.00
0110000000000000001 6 454624527606207 111000000000000000 454124527606207 16.99 12.51 9.00
0110000000000000001 6 454624527606207 110000000000000000 454224527606207 16.99 12.51 6.40
0110000000000000001 6 454624527606207 110000000000000001 454324527606207 16.99 14.59 9.00
0110000000000000001 6 454624527606207 110000000000000001 454424527606207 16.99 14.59 9.00
0110000000000000001 6 454624527606207 110000000000000001 454524527606207 16.99 14.59 9.00
0110000000000000001 6 454624527606207 110000000000000001 454724527606207 16.99 14.59 9.00
0110000000000000001 6 454624527606207 110000000000000001 454604527606207 16.99 14.59 9.00
0110000000000000001 6 454624527606207 110000000000000001 454614527606207 16.99 14.59 9.00
0110000000000000001 6 454624527606207 110000000000000001 454634527606207 16.99 14.59 9.00
0110000000000000001 6 454624527606207 110000000000000001 454644527606207 16.99 14.59 9.00
0110000000000000001 6 454624527606207 110000000000000001 454654527606207 16.99 14.59 9.00
0110000000000000001 6 454624527606207 110000000000000001 454664527606207 16.99 14.59 9.00
0110000000000000001 6 454624527606207 110000000000000001 454674527606207 16.99 14.59 9.00
0110000000000000001 6 454624527606207 110000000000000001 454620527606207 16.99 14.59 9.00
0110000000000000001 6 454624527606207 110000000000000001 454621527606207 16.99 14.59 9.00
0110000000000000001 6 454624527606207 110000000000000001 454622527606207 16.99 14.59 9.00
0110000000000000001 6 454624527606207 110000000000000001 454623527606207 16.99 14.59 9.00
0110000000000000001 6 454624527606207 110000000000000001 454625527606207 16.99 14.59 9.00
0110000000000000001 6 454624527606207 110000000000000001 454626527606207 16.99 14.59 9.00
0110000000000000001 6 454624527606207 110000000000000001 454627527606207 16.99 14.59 9.00
0110000000000000001 6 454624527606207 111111111111111100 454624027606207 16.99 12.51 11.70
0110000000000000001 6 454624527606207 110000000000000000 454624127606207 16.99 12.51 6.40
0110000000000000001 6 454624527606207 100000000000000000 454624227606207 16.99 10.42 9.00
0110000000000000001 6 454624527606207 100000000000000000 454624327606207 16.99 10.42 9.00
0110000000000000001 6 454624527606207 110000000000000001 454624427606207 16.99 14.59 9.00
0110000000000000001 6 454624527606207 110000000000000001 454624627606207 16.99 14.59 9.00
0110000000000000001 6 454624527606207 110000000000000001 454624727606207 16.99 14.59 9.00
0110000000000000001 6 454624527606207 110000000000000001 454624507606207 16.99 14.59 9.00
0110000000000000001 6 454624527606207 110000000000000001 454624517606207 16.99 14.59 9.00
0110000000000000001 6 454624527606207 110000000000000001 454624537606207 16.99 14.59 9.00
0110000000000000001 6 454624527606207 110000000000000001 454624547606207 16.99 14.59 9.00
0110000000000000001 6 454624527606207 110000000000000001 454624557606207 16.99 14.59 9.00
0110000000000000001 6 454624527606207 110000000000000001 454624567606207 16.99 14.59 9.00
0110000000000000001 6 454624527606207 110000000000000001 454624577606207 16.99 14.59 9.00
0110000000000000001 6 454624527606207 111110000000000000 454624520606207 16.99 12.51 11.70
0110000000000000001 6 454624527606207 111000000000000000 454624521606207 16.99 12.51 9.00
0110000000000000001 6 454624527606207 111000000000000000 454624522606207 16.99 12.51 9.00
0110000000000000001 6 454624527606207 110000000000000000 454624523606207 16.99 12.51 6.40
0110000000000000001 6 454624527606207 110000000000000001 454624524606207 16.99 14.59 9.00
0110000000000000001 6 454624527606207 110000000000000001 454624525606207 16.99 14.59 9.00
0110000000000000001 6 454624527606207 110000000000000001 454624526606207 16.99 14.59 9.00
0110000000000000001 6 454624527606207 111100000000000000 454624527006207 16.99 12.51 9.00
0110000000000000001 6 454624527606207 111000000000000000 454624527106207 16.99 12.51 9.00
0110000000000000001 6 454624527606207 110000000000000000 454624527206207 16.99 12.51 6.40
0110000000000000001 6 454624527606207 110000000000000001 454624527306207 16.99 14.59 9.00
0110000000000000001 6 454624527606207 110000000000000001 454624527406207 16.99 14.59 9.00
0110000000000000001 6 454624527606207 110000000000000001 454624527506207 16.99 14.59 9.00
0110000000000000001 6 454624527606207 110000000000000001 454624527706207 16.99 14.59 9.00
0110000000000000001 6 454624527606207 110000000000001111 454624527616207 16.99 16.68 11.70
0110000000000000001 6 454624527606207 110000000000111111 454624527626207 16.99 16.68 11.70
0110000000000000001 6 454624527606207 110000000000111111 454624527636207 16.99 16.68 11.70
0110000000000000001 6 454624527606207 110000000001111111 454624527646207 16.99 16.68 11.70
0110000000000000001 6 454624527606207 110000000001111111 454624527656207 16.99 16.68 11.70
0110000000000000001 6 454624527606207 110000000001111111 454624527666207 16.99 16.68 11.70
0110000000000000001 6 454624527606207 110000000001111111 454624527676207 16.99 16.68 11.70
0110000000000000001 6 454624527606207 111000000000000000 454624527600207 16.99 12.51 9.00
0110000000000000001 6 454624527606207 110000000000000000 454624527601207 16.99 12.51 6.40
0110000000000000001 6 454624527606207 110000000000000000 454624527602207 16.99 12.51 6.40
0110000000000000001 6 454624527606207 110000000000000000 454624527603207 16.99 12.51 6.40
0110000000000000001 6 454624527606207 110000000000000000 454624527604207 16.99 12.51 6.40
0110000000000000001 6 454624527606207 110000000000000000 454624527605207 16.99 12.51 6.40
0110000000000000001 6 454624527606207 110000000000000001 454624527607207 16.99 14.59 9.00
0110000000000000001 6 454624527606207 110000000000000000 454624527606007 16.99 12.51 6.40
0110000000000000001 6 454624527606207 110000000000000000 454624527606107 16.99 12.51 6.40
0110000000000000001 6 454624527606207 110000000000000111 454624527606307 16.99 16.68 11.70
0110000000000000001 6 454624527606207 110000000000001111 454624527606407 16.99 16.68 11.70
0110000000000000001 6 454624527606207 110000000000011111 454624527606507 16.99 16.68 11.70
0110000000000000001 6 454624527606207 110000000000011111 454624527606607 16.99 16.68 11.70
0110000000000000001 6 454624527606207 110000000000111111 454624527606707 16.99 16.68 11.70
0110000000000000001 6 454624527606207 110000000000000001 454624527606217 16.99 14.59 9.00
0110000000000000001 6 454624527606207 110000000000000001 454624527606227 16.99 14.59 9.00
0110000000000000001 6 454624527606207 111000000000000000 454624527606237 16.99 12.51 9.00
0110000000000000001 6 454624527606207 111000000000000000 454624527606247 16.99 12.51 9.00
0110000000000000001 6 454624527606207 111000000000000000 454624527606257 16.99 12.51 9.00
0110000000000000001 6 454624527606207 111100000000000000 454624527606267 16.99 12.51 9.00
0110000000000000001 6 454624527606207 111100000000000000 454624527606277 16.99 12.51 9.00
0110000000000000001 6 454624527606207 111110000000000000 454624527606200 16.99 12.51 11.70
0110000000000000001 6 454624527606207 111000000000000000 454624527606201 16.99 12.51 9.00
0110000000000000001 6 454624527606207 111000000000000000 454624527606202 16.99 12.51 9.00
0110000000000000001 6 454624527606207 110000000000000000 454624527606203 16.99 12.51 6.40
0110000000000000001 6 454624527606207 110000000000000001 454624527606204 16.99 14.59 9.00
0110000000000000001 6 454624527606207 110000000000000001 454624527606205 16.99 14.59 9.00
0110000000000000001 6 454624527606207 110000000000000001 454624527606206 16.99 14.59 9.00
0110000000000000001 775 604350155626066 111000000000000001 004350155626066 16.99 14.59 11.70
0110000000000000001 775 604350155626066 111000000000000001 104350155626066 16.99 14.59 11.70
0110000000000000001 775 604350155626066 111000000000000001 204350155626066 16.99 14.59 11.70
0110000000000000001 775 604350155626066 110000000000000001 304350155626066 16.99 14.59 9.00
0110000000000000001 775 604350155626066 110000000000000001 404350155626066 16.99 14.59 9.00
0110000000000000001 775 604350155626066 110000000000000001 504350155626066 16.99 14.59 9.00
0110000000000000001 775 604350155626066 110000000000000001 704350155626066 16.99 14.59 9.00
0110000000000000001 775 604350155626066 111000000000000001 614350155626066 16.99 14.59 11.70
0110000000000000001 775 604350155626066 111000000000000001 624350155626066 16.99 14.59 11.70
0110000000000000001 775 604350155626066 111000000000000000 634350155626066 16.99 12.51 9.00
0110000000000000001 775 604350155626066 111000000000000000 644350155626066 16.99 12.51 9.00
0110000000000000001 775 604350155626066 111000000000000000 654350155626066 16.99 12.51 9.00
0110000000000000001 775 604350155626066 111000000000000000 664350155626066 16.99 12.51 9.00
0110000000000000001 775 604350155626066 111000000000000000 674350155626066 16.99 12.51 9.00
0110000000000000001 775 604350155626066 100000000000000001 600350155626066 16.99 12.51 11.70
0110000000000000001 775 604350155626066 100000000000000011 601350155626066 16.99 14.59 6.40
0110000000000000001 775 604350155626066 110000000000000011 602350155626066 16.99 16.68 11.70
0110000000000000001 775 604350155626066 110000000000000001 603350155626066 16.99 14.59 9.00
0110000000000000001 775 604350155626066 110000000000000001 605350155626066 16.99 14.59 9.00
0110000000000000001 775 604350155626066 110000000000000001 606350155626066 16.99 14.59 9.00
0110000000000000001 775 604350155626066 110000000000000001 607350155626066 16.99 14.59 9.00
0110000000000000001 775 604350155626066 111000000000000000 604050155626066 16.99 12.51 9.00
0110000000000000001 775 604350155626066 111000000000000001 604150155626066 16.99 14.59 11.70
0110000000000000001 775 604350155626066 110000000000000001 604250155626066 16.99 14.59 9.00
0110000000000000001 775 604350155626066 110000000000000001 604450155626066 16.99 14.59 9.00
0110000000000000001 775 604350155626066 110000000000000001 604550155626066 16.99 14.59 9.00
0110000000000000001 775 604350155626066 110000000000000001 604650155626066 16.99 14.59 9.00
0110000000000000001 775 604350155626066 110000000000000001 604750155626066 16.99 14.59 9.00
0110000000000000001 775 604350155626066 110000000000000011 604300155626066 16.99 16.68 11.70
0110000000000000001 775 604350155626066 110000000000000011 604310155626066 16.99 16.68 11.70
0110000000000000001 775 604350155626066 110000000000000001 604320155626066 16.99 14.59 9.00
0110000000000000001 775 604350155626066 110000000000000001 604330155626066 16.99 14.59 9.00
0110000000000000001 775 604350155626066 110000000000000001 604340155626066 16.99 14.59 9.00
0110000000000000001 775 604350155626066 110000000000000001 604360155626066 16.99 14.59 9.00
0110000000000000001 775 604350155626066 110000000000000001 604370155626066 16.99 14.59 9.00
0110000000000000001 775 604350155626066 110000000000000001 604351155626066 16.99 14.59 9.00
0110000000000000001 775 604350155626066 110000000000000011 604352155626066 16.99 16.68 11.70
0110000000000000001 775 604350155626066 110000000000000011 604353155626066 16.99 16.68 11.70
0110000000000000001 775 604350155626066 110000000000000011 604354155626066 16.99 16.68 11.70
0110000000000000001 775 604350155626066 110000000000000011 604355155626066 16.99 16.68 11.70
0110000000000000001 775 604350155626066 110000000000000011 604356155626066 16.99 16.68 11.70
0110000000000000001 775 604350155626066 110000000000000001 604357155626066 16.99 14.59 9.00
0110000000000000001 775 604350155626066 100000000000000011 604350055626066 16.99 14.59 6.40
0110000000000000001 775 604350155626066 111000000000000000 604350255626066 16.99 12.51 9.00
0110000000000000001 775 604350155626066 111100000000000000 604350355626066 16.99 12.51 9.00
0110000000000000001 775 604350155626066 111100000000000000 604350455626066 16.99 12.51 9.00
0110000000000000001 775 604350155626066 111110000000000000 604350555626066 16.99 12.51 11.70
0110000000000000001 775 604350155626066 111110000000000000 604350655626066 16.99 12.51 11.70
0110000000000000001 775 604350155626066 111111000000000000 604350755626066 16.99 12.51 11.70
0110000000000000001 775 604350155626066 110000000000000001 604350105626066 16.99 14.59 9.00
0110000000000000001 775 604350155626066 110000000000000001 604350115626066 16.99 14.59 9.00
0110000000000000001 775 604350155626066 110000000000000001 604350125626066 16.99 14.59 9.00
0110000000000000001 775 604350155626066 110000000000000001 604350135626066 16.99 14.59 9.00
0110000000000000001 775 604350155626066 110000000000000001 604350145626066 16.99 14.59 9.00
0110000000000000001 775 604350155626066 110000000000000001 604350165626066 16.99 14.59 9.00
0110000000000000001 775 604350155626066 110000000000000001 604350175626066 16.99 14.59 9.00
0110000000000000001 775 604350155626066 111111100000000000 604350150626066 16.99 12.51 11.70
0110000000000000001 775 604350155626066 111110000000000000 604350151626066 16.99 12.51 11.70
0110000000000000001 775 604350155626066 111100000000000000 604350152626066 16.99 12.51 9.00
0110000000000000001 775 604350155626066 111000000000000000 604350153626066 16.99 12.51 9.00
0110000000000000001 775 604350155626066 111000000000000001 604350154626066 16.99 14.59 11.70
0110000000000000001 775 604350155626066 110000000000000001 604350156626066 16.99 14.59 9.00
0110000000000000001 775 604350155626066 110000000000000011 604350157626066 16.99 16.68 11.70
0110000000000000001 775 604350155626066 111111111000000000 604350155026066 16.99 12.51 11.70
0110000000000000001 775 604350155626066 111111000000000000 604350155126066 16.99 12.51 11.70
0110000000000000001 775 604350155626066 111100000000000000 604350155226066 16.99 12.51 9.00
0110000000000000001 775 604350155626066 111100000000000000 604350155326066 16.99 12.51 9.00
0110000000000000001 775 604350155626066 111000000000000000 604350155426066 16.99 12.51 9.00
0110000000000000001 775 604350155626066 111000000000000001 604350155526066 16.99 14.59 11.70
0110000000000000001 775 604350155626066 110000000000000001 604350155726066 16.99 14.59 9.00
0110000000000000001 775 604350155626066 110000000000000000 604350155606066 16.99 12.51 6.40
0110000000000000001 775 604350155626066 110000000000000000 604350155616066 16.99 12.51 6.40
0110000000000000001 775 604350155626066 110000000000000011 604350155636066 16.99 16.68 11.70
0110000000000000001 775 604350155626066 110000000000000011 604350155646066 16.99 16.68 11.70
0110000000000000001 775 604350155626066 111000000000000011 604350155656066 16.99 16.68 14.30
0110000000000000001 775 604350155626066 111000000000000111 604350155666066 16.99 16.68 11.70
0110000000000000001 775 604350155626066 111000000000000111 604350155676066 16.99 16.68 11.70
0110000000000000001 775 604350155626066 111111100000000000 604350155620066 16.99 12.51 11.70
0110000000000000001 775 604350155626066 111110000000000000 604350155621066 16.99 12.51 11.70
0110000000000000001 775 604350155626066 111100000000000000 604350155622066 16.99 12.51 9.00
0110000000000000001 775 604350155626066 111000000000000000 604350155623066 16.99 12.51 9.00
0110000000000000001 775 604350155626066 111000000000000000 604350155624066 16.99 12.51 9.00
0110000000000000001 775 604350155626066 111000000000000000 604350155625066 16.99 12.51 9.00
0110000000000000001 775 604350155626066 110000000000000011 604350155627066 16.99 16.68 11.70
0110000000000000001 775 604350155626066 110000000000000011 604350155626166 16.99 16.68 11.70
0110000000000000001 775 604350155626066 110000000000000111 604350155626266 16.99 16.68 11.70
0110000000000000001 775 604350155626066 110000000000001111 604350155626366 16.99 16.68 11.70
0110000000000000001 775 604350155626066 110000000000001111 604350155626466 16.99 16.68 11.70
0110000000000000001 775 604350155626066 110000000000011111 604350155626566 16.99 16.68 11.70
0110000000000000001 775 604350155626066 110000000000011111 604350155626666 16.99 16.68 11.70
0110000000000000001 775 604350155626066 110000000000011111 604350155626766 16.99 16.68 11.70
0110000000000000001 775 604350155626066 110000000000000000 604350155626006 16.99 12.51 6.40
0110000000000000001 775 604350155626066 100000000000000001 604350155626016 16.99 12.51 11.70
0110000000000000001 775 604350155626066 100000000000000011 604350155626026 16.99 14.59 6.40
0110000000000000001 775 604350155626066 100000000000000011 604350155626036 16.99 14.59 6.40
0110000000000000001 775 604350155626066 110000000000000011 604350155626046 16.99 16.68 11.70
0110000000000000001 775 604350155626066 110000000000000001 604350155626056 16.99 14.59 9.00
0110000000000000001 775 604350155626066 111000000000000001 604350155626076 16.99 14.59 11.70
0110000000000000001 775 604350155626066 111111110000000000 604350155626060 16.99 12.51 11.70
0110000000000000001 775 604350155626066 111110000000000000 604350155626061 16.99 12.51 11.70
0110000000000000001 775 604350155626066 111100000000000000 604350155626062 16.99 12.51 9.00
0110000000000000001 775 604350155626066 111000000000000000 604350155626063 16.99 12.51 9.00
0110000000000000001 775 604350155626066 111000000000000000 604350155626064 16.99 12.51 9.00
0110000000000000001 775 604350155626066 111000000000000001 604350155626065 16.99 14.59 11.70
0110000000000000001 775 604350155626066 110000000000000001 604350155626067 16.99 14.59 9.00
0110000000000000001 1683 335646315543107 110000000000000001 035646315543107 16.99 14.59 9.00
0110000000000000001 1683 335646315543107 110000000000000001 135646315543107 16.99 14.59 9.00
0110000000000000001 1683 335646315543107 110000000000000001 235646315543107 16.99 14.59 9.00
0110000000000000001 1683 335646315543107 110000000000000001 435646315543107 16.99 14.59 9.00
0110000000000000001 1683 335646315543107 110000000000000001 535646315543107 16.99 14.59 9.00
0110000000000000001 1683 335646315543107 110000000000000001 635646315543107 16.99 14.59 9.00
0110000000000000001 1683 335646315543107 110000000000000001 735646315543107 16.99 14.59 9.00
0110000000000000001 1683 335646315543107 100000000000000011 305646315543107 16.99 14.59 6.40
0110000000000000001 1683 335646315543107 110000000000000011 315646315543107 16.99 16.68 11.70
0110000000000000001 1683 335646315543107 110000000000000001 325646315543107 16.99 14.59 9.00
0110000000000000001 1683 335646315543107 110000000000000000 345646315543107 16.99 12.51 6.40
0110000000000000001 1683 335646315543107 110000000000000000 355646315543107 16.99 12.51 6.40
0110000000000000001 1683 335646315543107 111000000000000000 365646315543107 16.99 12.51 9.00
0110000000000000001 1683 335646315543107 111000000000000000 375646315543107 16.99 12.51 9.00
0110000000000000001 1683 335646315543107 111111111111111111 330646315543107 16.99 4.17 6.40
0110000000000000001 1683 335646315543107 110000000000000011 331646315543107 16.99 16.68 11.70
0110000000000000001 1683 335646315543107 110000000000000001 332646315543107 16.99 14.59 9.00
0110000000000000001 1683 335646315543107 110000000000000001 333646315543107 16.99 14.59 9.00
0110000000000000001 1683 335646315543107 110000000000000001 334646315543107 16.99 14.59 9.00
0110000000000000001 1683 335646315543107 110000000000000001 336646315543107 16.99 14.59 9.00
0110000000000000001 1683 335646315543107 110000000000000001 337646315543107 16.99 14.59 9.00
0110000000000000001 1683 335646315543107 111100000000000000 335046315543107 16.99 12.51 9.00
0110000000000000001 1683 335646315543107 111000000000000000 335146315543107 16.99 12.51 9.00
0110000000000000001 1683 335646315543107 111000000000000000 335246315543107 16.99 12.51 9.00
0110000000000000001 1683 335646315543107 111000000000000000 335346315543107 16.99 12.51 9.00
0110000000000000001 1683 335646315543107 110000000000000000 335446315543107 16.99 12.51 6.40
0110000000000000001 1683 335646315543107 110000000000000000 335546315543107 16.99 12.51 6.40
0110000000000000001 1683 335646315543107 110000000000000001 335746315543107 16.99 14.59 9.00
0110000000000000001 1683 335646315543107 110000000000000011 335606315543107 16.99 16.68 11.70
0110000000000000001 1683 335646315543107 110000000000000011 335616315543107 16.99 16.68 11.70
0110000000000000001 1683 335646315543107 110000000000000001 335626315543107 16.99 14.59 9.00
0110000000000000001 1683 335646315543107 110000000000000001 335636315543107 16.99 14.59 9.00
0110000000000000001 1683 335646315543107 110000000000000000 335656315543107 16.99 12.51 6.40
0110000000000000001 1683 335646315543107 110000000000000000 335666315543107 16.99 12.51 6.40
0110000000000000001 1683 335646315543107 110000000000000000 335676315543107 16.99 12.51 6.40
0110000000000000001 1683 335646315543107 110000000000000000 335640315543107 16.99 12.51 6.40
0110000000000000001 1683 335646315543107 110000000000000000 335641315543107 16.99 12.51 6.40
0110000000000000001 1683 335646315543107 110000000000000000 335642315543107 16.99 12.51 6.40
0110000000000000001 1683 335646315543107 110000000000000000 335643315543107 16.99 12.51 6.40
0110000000000000001 1683 335646315543107 110000000000000000 335644315543107 16.99 12.51 6.40
0110000000000000001 1683 335646315543107 110000000000000000 335645315543107 16.99 12.51 6.40
0110000000000000001 1683 335646315543107 110000000000000001 335647315543107 16.99 14.59 9.00
0110000000000000001 1683 335646315543107 111111111111111111 335646015543107 16.99 4.17 6.40
0110000000000000001 1683 335646315543107 110000000000001111 335646115543107 16.99 16.68 11.70
0110000000000000001 1683 335646315543107 110000000000000011 335646215543107 16.99 16.68 11.70
0110000000000000001 1683 335646315543107 110000000000000000 335646415543107 16.99 12.51 6.40
0110000000000000001 1683 335646315543107 111000000000000000 335646515543107 16.99 12.51 9.00
0110000000000000001 1683 335646315543107 111000000000000000 335646615543107 16.99 12.51 9.00
0110000000000000001 1683 335646315543107 111000000000000000 335646715543107 16.99 12.51 9.00
0110000000000000001 1683 335646315543107 110000000000000001 335646305543107 16.99 14.59 9.00
0110000000000000001 1683 335646315543107 110000000000000001 335646325543107 16.99 14.59 9.00
0110000000000000001 1683 335646315543107 110000000000000001 335646335543107 16.99 14.59 9.00
0110000000000000001 1683 335646315543107 110000000000000001 335646345543107 16.99 14.59 9.00
0110000000000000001 1683 335646315543107 110000000000000001 335646355543107 16.99 14.59 9.00
0110000000000000001 1683 335646315543107 110000000000000001 335646365543107 16.99 14.59 9.00
0110000000000000001 1683 335646315543107 110000000000000001 335646375543107 16.99 14.59 9.00
0110000000000000001 1683 335646315543107 111111100000000000 335646310543107 16.99 12.51 11.70
0110000000000000001 1683 335646315543107 111100000000000000 335646311543107 16.99 12.51 9.00
0110000000000000001 1683 335646315543107 111000000000000000 335646312543107 16.99 12.51 9.00
0110000000000000001 1683 335646315543107 111000000000000000 335646313543107 16.99 12.51 9.00
0110000000000000001 1683 335646315543107 110000000000000000 335646314543107 16.99 12.51 6.40
0110000000000000001 1683 335646315543107 110000000000000001 335646316543107 16.99 14.59 9.00
0110000000000000001 1683 335646315543107 110000000000000001 335646317543107 16.99 14.59 9.00
0110000000000000001 1683 335646315543107 111111100000000000 335646315043107 16.99 12.51 11.70
0110000000000000001 1683 335646315543107 111100000000000000 335646315143107 16.99 12.51 9.00
0110000000000000001 1683 335646315543107 111000000000000000 335646315243107 16.99 12.51 9.00
0110000000000000001 1683 335646315543107 111000000000000000 335646315343107 16.99 12.51 9.00
0110000000000000001 1683 335646315543107 110000000000000000 335646315443107 16.99 12.51 6.40
0110000000000000001 1683 335646315543107 110000000000000001 335646315643107 16.99 14.59 9.00
0110000000000000001 1683 335646315543107 110000000000000011 335646315743107 16.99 16.68 11.70
0110000000000000001 1683 335646315543107 110000000000000000 335646315503107 16.99 12.51 6.40
0110000000000000001 1683 335646315543107 110000000000000000 335646315513107 16.99 12.51 6.40
0110000000000000001 1683 335646315543107 110000000000000000 335646315523107 16.99 12.51 6.40
0110000000000000001 1683 335646315543107 110000000000000000 335646315533107 16.99 12.51 6.40
0110000000000000001 1683 335646315543107 110000000000000001 335646315553107 16.99 14.59 9.00
0110000000000000001 1683 335646315543107 110000000000000001 335646315563107 16.99 14.59 9.00
0110000000000000001 1683 335646315543107 110000000000000001 335646315573107 16.99 14.59 9.00
0110000000000000001 1683 335646315543107 111000000000000000 335646315540107 16.99 12.51 9.00
0110000000000000001 1683 335646315543107 111000000000000000 335646315541107 16.99 12.51 9.00
0110000000000000001 1683 335646315543107 110000000000000000 335646315542107 16.99 12.51 6.40
0110000000000000001 1683 335646315543107 110000000000000111 335646315544107 16.99 16.68 11.70
0110000000000000001 1683 335646315543107 110000000000011111 335646315545107 16.99 16.68 11.70
0110000000000000001 1683 335646315543107 110000000000111111 335646315546107 16.99 16.68 11.70
0110000000000000001 1683 335646315543107 110000000001111111 335646315547107 16.99 16.68 11.70
0110000000000000001 1683 335646315543107 110000000000000000 335646315543007 16.99 12.51 6.40
0110000000000000001 1683 335646315543107 110000000000000011 335646315543207 16.99 16.68 11.70
0110000000000000001 1683 335646315543107 110000000000000111 335646315543307 16.99 16.68 11.70
0110000000000000001 1683 335646315543107 110000000000000111 335646315543407 16.99 16.68 11.70
0110000000000000001 1683 335646315543107 110000000000001111 335646315543507 16.99 16.68 11.70
0110000000000000001 1683 335646315543107 110000000000001111 335646315543607 16.99 16.68 11.70
0110000000000000001 1683 335646315543107 110000000000011111 335646315543707 16.99 16.68 11.70
0110000000000000001 1683 335646315543107 111000000000000000 335646315543117 16.99 12.51 9.00
0110000000000000001 1683 335646315543107 111100000000000000 335646315543127 16.99 12.51 9.00
0110000000000000001 1683 335646315543107 111110000000000000 335646315543137 16.99 12.51 11.70
0110000000000000001 1683 335646315543107 111110000000000000 335646315543147 16.99 12.51 11.70
0110000000000000001 1683 335646315543107 111111000000000000 335646315543157 16.99 12.51 11.70
0110000000000000001 1683 335646315543107 111111100000000000 335646315543167 16.99 12.51 11.70
0110000000000000001 1683 335646315543107 111111110000000000 335646315543177 16.99 12.51 11.70
0110000000000000001 1683 335646315543107 111111110000000000 335646315543100 16.99 12.51 11.70
0110000000000000001 1683 335646315543107 111110000000000000 335646315543101 16.99 12.51 11.70
0110000000000000001 1683 335646315543107 111100000000000000 335646315543102 16.99 12.51 9.00
0110000000000000001 1683 335646315543107 111000000000000000 335646315543103 16.99 12.51 9.00
0110000000000000001 1683 335646315543107 111000000000000000 335646315543104 16.99 12.51 9.00
0110000000000000001 1683 335646315543107 111000000000000000 335646315543105 16.99 12.51 9.00
0110000000000000001 1683 335646315543107 110000000000000000 335646315543106 16.99 12.51 6.40
0110000000000000001 2279 521722407645024 111100000000000001 021722407645024 16.99 14.59 14.30
0110000000000000001 2279 521722407645024 111000000000000001 121722407645024 16.99 14.59 11.70
0110000000000000001 2279 521722407645024 111000000000000001 221722407645024 16.99 14.59 11.70
0110000000000000001 2279 521722407645024 111000000000000001 321722407645024 16.99 14.59 11.70
0110000000000000001 2279 521722407645024 111000000000000001 421722407645024 16.99 14.59 11.70
0110000000000000001 2279 521722407645024 110000000000000011 621722407645024 16.99 16.68 11.70
0110000000000000001 2279 521722407645024 110000000000000111 721722407645024 16.99 16.68 11.70
0110000000000000001 2279 521722407645024 110000000000000111 501722407645024 16.99 16.68 11.70
0110000000000000001 2279 521722407645024 110000000000000011 511722407645024 16.99 16.68 11.70
0110000000000000001 2279 521722407645024 111000000000000001 531722407645024 16.99 14.59 11.70
0110000000000000001 2279 521722407645024 111000000000000001 541722407645024 16.99 14.59 11.70
0110000000000000001 2279 521722407645024 111000000000000001 551722407645024 16.99 14.59 11.70
0110000000000000001 2279 521722407645024 111000000000000000 561722407645024 16.99 12.51 9.00
0110000000000000001 2279 521722407645024 111000000000000000 571722407645024 16.99 12.51 9.00
0110000000000000001 2279 521722407645024 110000000000000111 520722407645024 16.99 16.68 11.70
0110000000000000001 2279 521722407645024 111000000000000001 522722407645024 16.99 14.59 11.70
0110000000000000001 2279 521722407645024 111000000000000001 523722407645024 16.99 14.59 11.70
0110000000000000001 2279 521722407645024 111000000000000001 524722407645024 16.99 14.59 11.70
0110000000000000001 2279 521722407645024 111000000000000001 525722407645024 16.99 14.59 11.70
0110000000000000001 2279 521722407645024 111000000000000001 526722407645024 16.99 14.59 11.70
0110000000000000001 2279 521722407645024 111000000000000001 527722407645024 16.99 14.59 11.70
0110000000000000001 2279 521722407645024 111110000000000000 521022407645024 16.99 12.51 11.70
0110000000000000001 2279 521722407645024 111100000000000000 521122407645024 16.99 12.51 9.00
0110000000000000001 2279 521722407645024 111000000000000000 521222407645024 16.99 12.51 9.00
0110000000000000001 2279 521722407645024 111000000000000001 521322407645024 16.99 14.59 11.70
0110000000000000001 2279 521722407645024 111000000000000001 521422407645024 16.99 14.59 11.70
0110000000000000001 2279 521722407645024 111000000000000001 521522407645024 16.99 14.59 11.70
0110000000000000001 2279 521722407645024 111000000000000001 521622407645024 16.99 14.59 11.70
0110000000000000001 2279 521722407645024 111000000000000011 521702407645024 16.99 16.68 14.30
0110000000000000001 2279 521722407645024 110000000000000011 521712407645024 16.99 16.68 11.70
0110000000000000001 2279 521722407645024 110000000000000001 521732407645024 16.99 14.59 9.00
0110000000000000001 2279 521722407645024 110000000000000001 521742407645024 16.99 14.59 9.00
0110000000000000001 2279 521722407645024 110000000000000001 521752407645024 16.99 14.59 9.00
0110000000000000001 2279 521722407645024 110000000000000001 521762407645024 16.99 14.59 9.00
0110000000000000001 2279 521722407645024 110000000000000001 521772407645024 16.99 14.59 9.00
0110000000000000001 2279 521722407645024 110000000000000001 521720407645024 16.99 14.59 9.00
0110000000000000001 2279 521722407645024 110000000000000001 521721407645024 16.99 14.59 9.00
0110000000000000001 2279 521722407645024 110000000000000011 521723407645024 16.99 16.68 11.70
0110000000000000001 2279 521722407645024 111000000000000011 521724407645024 16.99 16.68 14.30
0110000000000000001 2279 521722407645024 111000000000000011 521725407645024 16.99 16.68 14.30
0110000000000000001 2279 521722407645024 111000000000000011 521726407645024 16.99 16.68 14.30
0110000000000000001 2279 521722407645024 111000000000000011 521727407645024 16.99 16.68 14.30
0110000000000000001 2279 521722407645024 111111111000000000 521722007645024 16.99 12.51 11.70
0110000000000000001 2279 521722407645024 110000000000000111 521722107645024 16.99 16.68 11.70
0110000000000000001 2279 521722407645024 110000000000000111 521722207645024 16.99 16.68 11.70
0110000000000000001 2279 521722407645024 110000000000000111 521722307645024 16.99 16.68 11.70
0110000000000000001 2279 521722407645024 111000000000000000 521722507645024 16.99 12.51 9.00
0110000000000000001 2279 521722407645024 111100000000000000 521722607645024 16.99 12.51 9.00
0110000000000000001 2279 521722407645024 111100000000000000 521722707645024 16.99 12.51 9.00
0110000000000000001 2279 521722407645024 110000000000000001 521722417645024 16.99 14.59 9.00
0110000000000000001 2279 521722407645024 110000000000000001 521722427645024 16.99 14.59 9.00
0110000000000000001 2279 521722407645024 110000000000000001 521722437645024 16.99 14.59 9.00
0110000000000000001 2279 521722407645024 110000000000000001 521722447645024 16.99 14.59 9.00
0110000000000000001 2279 521722407645024 110000000000000001 521722457645024 16.99 14.59 9.00
0110000000000000001 2279 521722407645024 110000000000000001 521722467645024 16.99 14.59 9.00
0110000000000000001 2279 521722407645024 110000000000000001 521722477645024 16.99 14.59 9.00
0110000000000000001 2279 521722407645024 111111111110000000 521722400645024 16.99 12.51 11.70
0110000000000000001 2279 521722407645024 111111100000000000 521722401645024 16.99 12.51 11.70
0110000000000000001 2279 521722407645024 111110000000000000 521722402645024 16.99 12.51 11.70
0110000000000000001 2279 521722407645024 111100000000000000 521722403645024 16.99 12.51 9.00
0110000000000000001 2279 521722407645024 111100000000000000 521722404645024 16.99 12.51 9.00
0110000000000000001 2279 521722407645024 111000000000000000 521722405645024 16.99 12.51 9.00
0110000000000000001 2279 521722407645024 111000000000000001 521722406645024 16.99 14.59 11.70
0110000000000000001 2279 521722407645024 111111111111110000 521722407045024 16.99 12.51 11.70
0110000000000000001 2279 521722407645024 111111110000000000 521722407145024 16.99 12.51 11.70
0110000000000000001 2279 521722407645024 111111000000000000 521722407245024 16.99 12.51 11.70
0110000000000000001 2279 521722407645024 111100000000000000 521722407345024 16.99 12.51 9.00
0110000000000000001 2279 521722407645024 111100000000000000 521722407445024 16.99 12.51 9.00
0110000000000000001 2279 521722407645024 111000000000000001 521722407545024 16.99 14.59 11.70
0110000000000000001 2279 521722407645024 110000000000000011 521722407745024 16.99 16.68 11.70
0110000000000000001 2279 521722407645024 110000000000000000 521722407605024 16.99 12.51 6.40
0110000000000000001 2279 521722407645024 110000000000000000 521722407615024 16.99 12.51 6.40
0110000000000000001 2279 521722407645024 110000000000000000 521722407625024 16.99 12.51 6.40
0110000000000000001 2279 521722407645024 110000000000000001 521722407635024 16.99 14.59 9.00
0110000000000000001 2279 521722407645024 111000000000000011 521722407655024 16.99 16.68 14.30
0110000000000000001 2279 521722407645024 111000000000000011 521722407665024 16.99 16.68 14.30
0110000000000000001 2279 521722407645024 111000000000000011 521722407675024 16.99 16.68 14.30
0110000000000000001 2279 521722407645024 111111111000000000 521722407640024 16.99 12.51 11.70
0110000000000000001 2279 521722407645024 111110000000000000 521722407641024 16.99 12.51 11.70
0110000000000000001 2279 521722407645024 111100000000000000 521722407642024 16.99 12.51 9.00
0110000000000000001 2279 521722407645024 111000000000000000 521722407643024 16.99 12.51 9.00
0110000000000000001 2279 521722407645024 111000000000000000 521722407644024 16.99 12.51 9.00
0110000000000000001 2279 521722407645024 110000000000000111 521722407646024 16.99 16.68 11.70
0110000000000000001 2279 521722407645024 110000000000011111 521722407647024 16.99 16.68 11.70
0110000000000000001 2279 521722407645024 110000000000000111 521722407645124 16.99 16.68 11.70
0110000000000000001 2279 521722407645024 110000000000001111 521722407645224 16.99 16.68 11.70
0110000000000000001 2279 521722407645024 110000000000001111 521722407645324 16.99 16.68 11.70
0110000000000000001 2279 521722407645024 110000000000011111 521722407645424 16.99 16.68 11.70
0110000000000000001 2279 521722407645024 110000000000011111 521722407645524 16.99 16.68 11.70
0110000000000000001 2279 521722407645024 110000000000011111 521722407645624 16.99 16.68 11.70
0110000000000000001 2279 521722407645024 110000000000111111 521722407645724 16.99 16.68 11.70
0110000000000000001 2279 521722407645024 110000000000000011 521722407645004 16.99 16.68 11.70
0110000000000000001 2279 521722407645024 110000000000001111 521722407645014 16.99 16.68 11.70
0110000000000000001 2279 521722407645024 111000000000000000 521722407645034 16.99 12.51 9.00
0110000000000000001 2279 521722407645024 111100000000000000 521722407645044 16.99 12.51 9.00
0110000000000000001 2279 521722407645024 111110000000000000 521722407645054 16.99 12.51 11.70
0110000000000000001 2279 521722407645024 111110000000000000 521722407645064 16.99 12.51 11.70
0110000000000000001 2279 521722407645024 111111000000000000 521722407645074 16.99 12.51 11.70
0110000000000000001 2279 521722407645024 111111110000000000 521722407645020 16.99 12.51 11.70
0110000000000000001 2279 521722407645024 111110000000000000 521722407645021 16.99 12.51 11.70
0110000000000000001 2279 521722407645024 111100000000000000 521722407645022 16.99 12.51 9.00
0110000000000000001 2279 521722407645024 111000000000000001 521722407645023 16.99 14.59 11.70
0110000000000000001 2279 521722407645024 110000000000000011 521722407645025 16.99 16.68 11.70
0110000000000000001 2279 521722407645024 110000000000000111 521722407645026 16.99 16.68 11.70
0110000000000000001 2279 521722407645024 110000000000000111 521722407645027 16.99 16.68 11.70
0110000000000000001 5134 400533111617436 111000000000011111 000533111617436 16.99 16.68 11.70
0110000000000000001 5134 400533111617436 111000000000011111 100533111617436 16.99 16.68 11.70
0110000000000000001 5134 400533111617436 110000000000011111 200533111617436 16.99 16.68 11.70
0110000000000000001 5134 400533111617436 110000000000001111 300533111617436 16.99 16.68 11.70
0110000000000000001 5134 400533111617436 110000000000000000 500533111617436 16.99 12.51 6.40
0110000000000000001 5134 400533111617436 110000000000000000 600533111617436 16.99 12.51 6.40
0110000000000000001 5134 400533111617436 110000000000000000 700533111617436 16.99 12.51 6.40
0110000000000000001 5134 400533111617436 110000000000000000 410533111617436 16.99 12.51 6.40
0110000000000000001 5134 400533111617436 111000000000000000 420533111617436 16.99 12.51 9.00
0110000000000000001 5134 400533111617436 111000000000000000 430533111617436 16.99 12.51 9.00
0110000000000000001 5134 400533111617436 111000000000000000 440533111617436 16.99 12.51 9.00
0110000000000000001 5134 400533111617436 111000000000000000 450533111617436 16.99 12.51 9.00
0110000000000000001 5134 400533111617436 111000000000000000 460533111617436 16.99 12.51 9.00
0110000000000000001 5134 400533111617436 111100000000000000 470533111617436 16.99 12.51 9.00
0110000000000000001 5134 400533111617436 110000000000011111 401533111617436 16.99 16.68 11.70
0110000000000000001 5134 400533111617436 111000000000011111 402533111617436 16.99 16.68 11.70
0110000000000000001 5134 400533111617436 111000000000011111 403533111617436 16.99 16.68 11.70
0110000000000000001 5134 400533111617436 111000000000011111 404533111617436 16.99 16.68 11.70
0110000000000000001 5134 400533111617436 111000000000011111 405533111617436 16.99 16.68 11.70
0110000000000000001 5134 400533111617436 111000000000111111 406533111617436 16.99 16.68 14.30
0110000000000000001 5134 400533111617436 111000000000111111 407533111617436 16.99 16.68 14.30
0110000000000000001 5134 400533111617436 111000000000000000 400033111617436 16.99 12.51 9.00
0110000000000000001 5134 400533111617436 111000000000000000 400133111617436 16.99 12.51 9.00
0110000000000000001 5134 400533111617436 110000000000000000 400233111617436 16.99 12.51 6.40
0110000000000000001 5134 400533111617436 110000000000000000 400333111617436 16.99 12.51 6.40
0110000000000000001 5134 400533111617436 110000000000000001 400433111617436 16.99 14.59 9.00
0110000000000000001 5134 400533111617436 110000000000000001 400633111617436 16.99 14.59 9.00
0110000000000000001 5134 400533111617436 110000000000000001 400733111617436 16.99 14.59 9.00
0110000000000000001 5134 400533111617436 110000000000000000 400503111617436 16.99 12.51 6.40
0110000000000000001 5134 400533111617436 110000000000000001 400513111617436 16.99 14.59 9.00
0110000000000000001 5134 400533111617436 110000000000000001 400523111617436 16.99 14.59 9.00
0110000000000000001 5134 400533111617436 110000000000000001 400543111617436 16.99 14.59 9.00
0110000000000000001 5134 400533111617436 110000000000000001 400553111617436 16.99 14.59 9.00
0110000000000000001 5134 400533111617436 110000000000000000 400563111617436 16.99 12.51 6.40
0110000000000000001 5134 400533111617436 110000000000000000 400573111617436 16.99 12.51 6.40
0110000000000000001 5134 400533111617436 110000000000001111 400530111617436 16.99 16.68 11.70
0110000000000000001 5134 400533111617436 110000000000001111 400531111617436 16.99 16.68 11.70
0110000000000000001 5134 400533111617436 110000000000000111 400532111617436 16.99 16.68 11.70
0110000000000000001 5134 400533111617436 110000000000000000 400534111617436 16.99 12.51 6.40
0110000000000000001 5134 400533111617436 110000000000000000 400535111617436 16.99 12.51 6.40
0110000000000000001 5134 400533111617436 111000000000000000 400536111617436 16.99 12.51 9.00
0110000000000000001 5134 400533111617436 111000000000000000 400537111617436 16.99 12.51 9.00
0110000000000000001 5134 400533111617436 110000000000000000 400533011617436 16.99 12.51 6.40
0110000000000000001 5134 400533111617436 110000000000011111 400533211617436 16.99 16.68 11.70
0110000000000000001 5134 400533111617436 111000000000011111 400533311617436 16.99 16.68 11.70
0110000000000000001 5134 400533111617436 111100000000001111 400533411617436 16.99 16.68 11.70
0110000000000000001 5134 400533111617436 111100000000000111 400533511617436 16.99 16.68 14.30
0110000000000000001 5134 400533111617436 111110000000000011 400533611617436 16.99 16.68 14.30
0110000000000000001 5134 400533111617436 111111000000000001 400533711617436 16.99 14.59 14.30
0110000000000000001 5134 400533111617436 110000000000000001 400533101617436 16.99 14.59 9.00
0110000000000000001 5134 400533111617436 110000000000000001 400533121617436 16.99 14.59 9.00
0110000000000000001 5134 400533111617436 110000000000000001 400533131617436 16.99 14.59 9.00
0110000000000000001 5134 400533111617436 110000000000000001 400533141617436 16.99 14.59 9.00
0110000000000000001 5134 400533111617436 110000000000000001 400533151617436 16.99 14.59 9.00
0110000000000000001 5134 400533111617436 110000000000000001 400533161617436 16.99 14.59 9.00
0110000000000000001 5134 400533111617436 110000000000000001 400533171617436 16.99 14.59 9.00
0110000000000000001 5134 400533111617436 111000000000000000 400533110617436 16.99 12.51 9.00
0110000000000000001 5134 400533111617436 110000000000000001 400533112617436 16.99 14.59 9.00
0110000000000000001 5134 400533111617436 100000000000000001 400533113617436 16.99 12.51 11.70
0110000000000000001 5134 400533111617436 100000000000000011 400533114617436 16.99 14.59 6.40
0110000000000000001 5134 400533111617436 100000000000000011 400533115617436 16.99 14.59 6.40
0110000000000000001 5134 400533111617436 110000000000000011 400533116617436 16.99 16.68 11.70
0110000000000000001 5134 400533111617436 111100000000000011 400533117617436 16.99 16.68 14.30
0110000000000000001 5134 400533111617436 111111111000000000 400533111017436 16.99 12.51 11.70
0110000000000000001 5134 400533111617436 111111000000000011 400533111117436 16.99 16.68 14.30
0110000000000000001 5134 400533111617436 111100000000001111 400533111217436 16.99 16.68 11.70
0110000000000000001 5134 400533111617436 111000000000001111 400533111317436 16.99 16.68 11.70
0110000000000000001 5134 400533111617436 111000000000001111 400533111417436 16.99 16.68 11.70
0110000000000000001 5134 400533111617436 110000000000001111 400533111517436 16.99 16.68 11.70
0110000000000000001 5134 400533111617436 110000000000000000 400533111717436 16.99 12.51 6.40
0110000000000000001 5134 400533111617436 110000000000000000 400533111607436 16.99 12.51 6.40
0110000000000000001 5134 400533111617436 110000000000000111 400533111627436 16.99 16.68 11.70
0110000000000000001 5134 400533111617436 110000000000001111 400533111637436 16.99 16.68 11.70
0110000000000000001 5134 400533111617436 110000000000011111 400533111647436 16.99 16.68 11.70
0110000000000000001 5134 400533111617436 110000000000111111 400533111657436 16.99 16.68 11.70
0110000000000000001 5134 400533111617436 110000000000111111 400533111667436 16.99 16.68 11.70
0110000000000000001 5134 400533111617436 110000000000111111 400533111677436 16.99 16.68 11.70
0110000000000000001 5134 400533111617436 111111000000000000 400533111610436 16.99 12.51 11.70
0110000000000000001 5134 400533111617436 111110000000000000 400533111611436 16.99 12.51 11.70
0110000000000000001 5134 400533111617436 111100000000000000 400533111612436 16.99 12.51 9.00
0110000000000000001 5134 400533111617436 111000000000000000 400533111613436 16.99 12.51 9.00
0110000000000000001 5134 400533111617436 111000000000000001 400533111614436 16.99 14.59 11.70
0110000000000000001 5134 400533111617436 110000000000000011 400533111615436 16.99 16.68 11.70
0110000000000000001 5134 400533111617436 110000000000000111 400533111616436 16.99 16.68 11.70
0110000000000000001 5134 400533111617436 110000000000000000 400533111617036 16.99 12.51 6.40
0110000000000000001 5134 400533111617436 110000000000000000 400533111617136 16.99 12.51 6.40
0110000000000000001 5134 400533111617436 110000000000000000 400533111617236 16.99 12.51 6.40
0110000000000000001 5134 400533111617436 110000000000000000 400533111617336 16.99 12.51 6.40
0110000000000000001 5134 400533111617436 110000000000000011 400533111617536 16.99 16.68 11.70
0110000000000000001 5134 400533111617436 110000000000000011 400533111617636 16.99 16.68 11.70
0110000000000000001 5134 400533111617436 110000000000000111 400533111617736 16.99 16.68 11.70
0110000000000000001 5134 400533111617436 111111111100000000 400533111617406 16.99 12.51 11.70
0110000000000000001 5134 400533111617436 110000000000000000 400533111617416 16.99 12.51 6.40
0110000000000000001 5134 400533111617436 110000000000000000 400533111617426 16.99 12.51 6.40
0110000000000000001 5134 400533111617436 110000000000001111 400533111617446 16.99 16.68 11.70
0110000000000000001 5134 400533111617436 111000000000001111 400533111617456 16.99 16.68 11.70
0110000000000000001 5134 400533111617436 111000000000001111 400533111617466 16.99 16.68 11.70
0110000000000000001 5134 400533111617436 111000000000001111 400533111617476 16.99 16.68 11.70
0110000000000000001 5134 400533111617436 111111000000000000 400533111617430 16.99 12.51 11.70
0110000000000000001 5134 400533111617436 111100000000000000 400533111617431 16.99 12.51 9.00
0110000000000000001 5134 400533111617436 111000000000000000 400533111617432 16.99 12.51 9.00
0110000000000000001 5134 400533111617436 111000000000000000 400533111617433 16.99 12.51 9.00
0110000000000000001 5134 400533111617436 111000000000000000 400533111617434 16.99 12.51 9.00
0110000000000000001 5134 400533111617436 110000000000000001 400533111617435 16.99 14.59 9.00
0110000000000000001 5134 400533111617436 110000000000000001 400533111617437 16.99 14.59 9.00
0110000000000000001 6453 537744163415106 110000000000000011 037744163415106 16.99 16.68 11.70
0110000000000000001 6453 537744163415106 110000000000000011 137744163415106 16.99 16.68 11.70
0110000000000000001 6453 537744163415106 110000000000000011 237744163415106 16.99 16.68 11.70
0110000000000000001 6453 537744163415106 110000000000000011 337744163415106 16.99 16.68 11.70
0110000000000000001 6453 537744163415106 110000000000000011 437744163415106 16.99 16.68 11.70
0110000000000000001 6453 537744163415106 110000000000000001 637744163415106 16.99 14.59 9.00
0110000000000000001 6453 537744163415106 110000000000000001 737744163415106 16.99 14.59 9.00
0110000000000000001 6453 537744163415106 100000000000000001 507744163415106 16.99 12.51 11.70
0110000000000000001 6453 537744163415106 110000000000000011 517744163415106 16.99 16.68 11.70
0110000000000000001 6453 537744163415106 110000000000000001 527744163415106 16.99 14.59 9.00
0110000000000000001 6453 537744163415106 110000000000000001 547744163415106 16.99 14.59 9.00
0110000000000000001 6453 537744163415106 110000000000000001 557744163415106 16.99 14.59 9.00
0110000000000000001 6453 537744163415106 110000000000000001 567744163415106 16.99 14.59 9.00
0110000000000000001 6453 537744163415106 110000000000000001 577744163415106 16.99 14.59 9.00
0110000000000000001 6453 537744163415106 111111111111110000 530744163415106 16.99 12.51 11.70
0110000000000000001 6453 537744163415106 111000000000000000 531744163415106 16.99 12.51 9.00
0110000000000000001 6453 537744163415106 110000000000000000 532744163415106 16.99 12.51 6.40
0110000000000000001 6453 537744163415106 110000000000000000 533744163415106 16.99 12.51 6.40
0110000000000000001 6453 537744163415106 110000000000000001 534744163415106 16.99 14.59 9.00
0110000000000000001 6453 537744163415106 110000000000000001 535744163415106 16.99 14.59 9.00
0110000000000000001 6453 537744163415106 110000000000000001 536744163415106 16.99 14.59 9.00
0110000000000000001 6453 537744163415106 111100000000000000 537044163415106 16.99 12.51 9.00
0110000000000000001 6453 537744163415106 111000000000000000 537144163415106 16.99 12.51 9.00
0110000000000000001 6453 537744163415106 111000000000000001 537244163415106 16.99 14.59 11.70
0110000000000000001 6453 537744163415106 110000000000000001 537344163415106 16.99 14.59 9.00
0110000000000000001 6453 537744163415106 110000000000000001 537444163415106 16.99 14.59 9.00
0110000000000000001 6453 537744163415106 110000000000000001 537544163415106 16.99 14.59 9.00
0110000000000000001 6453 537744163415106 110000000000000001 537644163415106 16.99 14.59 9.00
0110000000000000001 6453 537744163415106 110000000000000001 537704163415106 16.99 14.59 9.00
0110000000000000001 6453 537744163415106 110000000000000001 537714163415106 16.99 14.59 9.00
0110000000000000001 6453 537744163415106 110000000000000001 537724163415106 16.99 14.59 9.00
0110000000000000001 6453 537744163415106 110000000000000001 537734163415106 16.99 14.59 9.00
0110000000000000001 6453 537744163415106 110000000000000001 537754163415106 16.99 14.59 9.00
0110000000000000001 6453 537744163415106 110000000000000001 537764163415106 16.99 14.59 9.00
0110000000000000001 6453 537744163415106 110000000000000001 537774163415106 16.99 14.59 9.00
0110000000000000001 6453 537744163415106 110000000000000001 537740163415106 16.99 14.59 9.00
0110000000000000001 6453 537744163415106 110000000000000011 537741163415106 16.99 16.68 11.70
0110000000000000001 6453 537744163415106 110000000000000011 537742163415106 16.99 16.68 11.70
0110000000000000001 6453 537744163415106 110000000000000001 537743163415106 16.99 14.59 9.00
0110000000000000001 6453 537744163415106 110000000000000001 537745163415106 16.99 14.59 9.00
0110000000000000001 6453 537744163415106 110000000000000001 537746163415106 16.99 14.59 9.00
0110000000000000001 6453 537744163415106 110000000000000001 537747163415106 16.99 14.59 9.00
0110000000000000001 6453 537744163415106 110000000000000000 537744063415106 16.99 12.51 6.40
0110000000000000001 6453 537744163415106 110000000000000001 537744263415106 16.99 14.59 9.00
0110000000000000001 6453 537744163415106 110000000000000001 537744363415106 16.99 14.59 9.00
0110000000000000001 6453 537744163415106 111000000000000001 537744463415106 16.99 14.59 11.70
0110000000000000001 6453 537744163415106 111000000000000000 537744563415106 16.99 12.51 9.00
0110000000000000001 6453 537744163415106 111000000000000000 537744663415106 16.99 12.51 9.00
0110000000000000001 6453 537744163415106 111000000000000000 537744763415106 16.99 12.51 9.00
0110000000000000001 6453 537744163415106 110000000000000001 537744103415106 16.99 14.59 9.00
0110000000000000001 6453 537744163415106 110000000000000001 537744113415106 16.99 14.59 9.00
0110000000000000001 6453 537744163415106 110000000000000001 537744123415106 16.99 14.59 9.00
0110000000000000001 6453 537744163415106 110000000000000001 537744133415106 16.99 14.59 9.00
0110000000000000001 6453 537744163415106 110000000000000001 537744143415106 16.99 14.59 9.00
0110000000000000001 6453 537744163415106 110000000000000001 537744153415106 16.99 14.59 9.00
0110000000000000001 6453 537744163415106 110000000000000001 537744173415106 16.99 14.59 9.00
0110000000000000001 6453 537744163415106 111100000000000000 537744160415106 16.99 12.51 9.00
0110000000000000001 6453 537744163415106 111000000000000001 537744161415106 16.99 14.59 11.70
0110000000000000001 6453 537744163415106 110000000000000001 537744162415106 16.99 14.59 9.00
0110000000000000001 6453 537744163415106 110000000000000011 537744164415106 16.99 16.68 11.70
0110000000000000001 6453 537744163415106 110000000000000011 537744165415106 16.99 16.68 11.70
0110000000000000001 6453 537744163415106 110000000000000011 537744166415106 16.99 16.68 11.70
0110000000000000001 6453 537744163415106 100000000000000011 537744167415106 16.99 14.59 6.40
0110000000000000001 6453 537744163415106 111100000000000000 537744163015106 16.99 12.51 9.00
0110000000000000001 6453 537744163415106 111000000000000001 537744163115106 16.99 14.59 11.70
0110000000000000001 6453 537744163415106 110000000000000001 537744163215106 16.99 14.59 9.00
0110000000000000001 6453 537744163415106 110000000000000001 537744163315106 16.99 14.59 9.00
0110000000000000001 6453 537744163415106 110000000000000001 537744163515106 16.99 14.59 9.00
0110000000000000001 6453 537744163415106 110000000000000001 537744163615106 16.99 14.59 9.00
0110000000000000001 6453 537744163415106 110000000000000001 537744163715106 16.99 14.59 9.00
0110000000000000001 6453 537744163415106 110000000000000000 537744163405106 16.99 12.51 6.40
0110000000000000001 6453 537744163415106 110000000000000111 537744163425106 16.99 16.68 11.70
0110000000000000001 6453 537744163415106 110000000000001111 537744163435106 16.99 16.68 11.70
0110000000000000001 6453 537744163415106 110000000000011111 537744163445106 16.99 16.68 11.70
0110000000000000001 6453 537744163415106 110000000000011111 537744163455106 16.99 16.68 11.70
0110000000000000001 6453 537744163415106 110000000000111111 537744163465106 16.99 16.68 11.70
0110000000000000001 6453 537744163415106 110000000000111111 537744163475106 16.99 16.68 11.70
0110000000000000001 6453 537744163415106 111111111111111111 537744163410106 16.99 4.17 6.40
0110000000000000001 6453 537744163415106 111000000000000000 537744163411106 16.99 12.51 9.00
0110000000000000001 6453 537744163415106 111000000000000000 537744163412106 16.99 12.51 9.00
0110000000000000001 6453 537744163415106 110000000000000000 537744163413106 16.99 12.51 6.40
0110000000000000001 6453 537744163415106 110000000000000000 537744163414106 16.99 12.51 6.40
0110000000000000001 6453 537744163415106 110000000000000011 537744163416106 16.99 16.68 11.70
0110000000000000001 6453 537744163415106 110000000000000011 537744163417106 16.99 16.68 11.70
0110000000000000001 6453 537744163415106 110000000000000000 537744163415006 16.99 12.51 6.40
0110000000000000001 6453 537744163415106 110000000000000111 537744163415206 16.99 16.68 11.70
0110000000000000001 6453 537744163415106 110000000000001111 537744163415306 16.99 16.68 11.70
0110000000000000001 6453 537744163415106 110000000000011111 537744163415406 16.99 16.68 11.70
0110000000000000001 6453 537744163415106 110000000000011111 537744163415506 16.99 16.68 11.70
0110000000000000001 6453 537744163415106 110000000000111111 537744163415606 16.99 16.68 11.70
0110000000000000001 6453 537744163415106 110000000000111111 537744163415706 16.99 16.68 11.70
0110000000000000001 6453 537744163415106 110000000000000001 537744163415116 16.99 14.59 9.00
0110000000000000001 6453 537744163415106 111000000000000001 537744163415126 16.99 14.59 11.70
0110000000000000001 6453 537744163415106 111000000000000001 537744163415136 16.99 14.59 11.70
0110000000000000001 6453 537744163415106 111100000000000000 537744163415146 16.99 12.51 9.00
0110000000000000001 6453 537744163415106 111100000000000000 537744163415156 16.99 12.51 9.00
0110000000000000001 6453 537744163415106 111100000000000000 537744163415166 16.99 12.51 9.00
0110000000000000001 6453 537744163415106 111110000000000000 537744163415176 16.99 12.51 11.70
0110000000000000001 6453 537744163415106 111110000000000000 537744163415100 16.99 12.51 11.70
0110000000000000001 6453 537744163415106 111100000000000000 537744163415101 16.99 12.51 9.00
0110000000000000001 6453 537744163415106 111000000000000001 537744163415102 16.99 14.59 11.70
0110000000000000001 6453 537744163415106 111000000000000001 537744163415103 16.99 14.59 11.70
0110000000000000001 6453 537744163415106 110000000000000001 537744163415104 16.99 14.59 9.00
0110000000000000001 6453 537744163415106 110000000000000001 537744163415105 16.99 14.59 9.00
0110000000000000001 6453 537744163415106 110000000000000001 537744163415107 16.99 14.59 9.00
0110000000000000001 6934 601543102764036 111100000000000000 001543102764036 16.99 12.51 9.00
0110000000000000001 6934 601543102764036 111000000000000000 101543102764036 16.99 12.51 9.00
0110000000000000001 6934 601543102764036 111000000000000000 201543102764036 16.99 12.51 9.00
0110000000000000001 6934 601543102764036 111000000000000001 301543102764036 16.99 14.59 11.70
0110000000000000001 6934 601543102764036 111000000000000001 401543102764036 16.99 14.59 11.70
0110000000000000001 6934 601543102764036 110000000000000001 501543102764036 16.99 14.59 9.00
0110000000000000001 6934 601543102764036 110000000000000001 701543102764036 16.99 14.59 9.00
0110000000000000001 6934 601543102764036 111000000000000001 611543102764036 16.99 14.59 11.70
0110000000000000001 6934 601543102764036 111000000000000000 621543102764036 16.99 12.51 9.00
0110000000000000001 6934 601543102764036 111000000000000000 631543102764036 16.99 12.51 9.00
0110000000000000001 6934 601543102764036 111100000000000000 641543102764036 16.99 12.51 9.00
0110000000000000001 6934 601543102764036 111100000000000000 651543102764036 16.99 12.51 9.00
0110000000000000001 6934 601543102764036 111100000000000000 661543102764036 16.99 12.51 9.00
0110000000000000001 6934 601543102764036 111100000000000000 671543102764036 16.99 12.51 9.00
0110000000000000001 6934 601543102764036 110000000000000000 600543102764036 16.99 12.51 6.40
0110000000000000001 6934 601543102764036 111000000000000001 602543102764036 16.99 14.59 11.70
0110000000000000001 6934 601543102764036 111000000000000000 603543102764036 16.99 12.51 9.00
0110000000000000001 6934 601543102764036 111000000000000000 604543102764036 16.99 12.51 9.00
0110000000000000001 6934 601543102764036 111000000000000000 605543102764036 16.99 12.51 9.00
0110000000000000001 6934 601543102764036 111000000000000000 606543102764036 16.99 12.51 9.00
0110000000000000001 6934 601543102764036 111000000000000000 607543102764036 16.99 12.51 9.00
0110000000000000001 6934 601543102764036 111100000000000000 601043102764036 16.99 12.51 9.00
0110000000000000001 6934 601543102764036 111000000000000000 601143102764036 16.99 12.51 9.00
0110000000000000001 6934 601543102764036 111000000000000001 601243102764036 16.99 14.59 11.70
0110000000000000001 6934 601543102764036 111000000000000001 601343102764036 16.99 14.59 11.70
0110000000000000001 6934 601543102764036 110000000000000001 601443102764036 16.99 14.59 9.00
0110000000000000001 6934 601543102764036 110000000000000001 601643102764036 16.99 14.59 9.00
0110000000000000001 6934 601543102764036 110000000000000001 601743102764036 16.99 14.59 9.00
0110000000000000001 6934 601543102764036 111000000000000000 601503102764036 16.99 12.51 9.00
0110000000000000001 6934 601543102764036 110000000000000001 601513102764036 16.99 14.59 9.00
0110000000000000001 6934 601543102764036 110000000000000001 601523102764036 16.99 14.59 9.00
0110000000000000001 6934 601543102764036 110000000000000001 601533102764036 16.99 14.59 9.00
0110000000000000001 6934 601543102764036 110000000000000001 601553102764036 16.99 14.59 9.00
0110000000000000001 6934 601543102764036 110000000000000001 601563102764036 16.99 14.59 9.00
0110000000000000001 6934 601543102764036 110000000000000001 601573102764036 16.99 14.59 9.00
0110000000000000001 6934 601543102764036 110000000000000111 601540102764036 16.99 16.68 11.70
0110000000000000001 6934 601543102764036 110000000000000011 601541102764036 16.99 16.68 11.70
0110000000000000001 6934 601543102764036 110000000000000011 601542102764036 16.99 16.68 11.70
0110000000000000001 6934 601543102764036 111000000000000001 601544102764036 16.99 14.59 11.70
0110000000000000001 6934 601543102764036 111000000000000000 601545102764036 16.99 12.51 9.00
0110000000000000001 6934 601543102764036 111000000000000000 601546102764036 16.99 12.51 9.00
0110000000000000001 6934 601543102764036 111000000000000000 601547102764036 16.99 12.51 9.00
0110000000000000001 6934 601543102764036 111111111111110000 601543002764036 16.99 12.51 11.70
0110000000000000001 6934 601543102764036 111000000000000000 601543202764036 16.99 12.51 9.00
0110000000000000001 6934 601543102764036 111100000000000000 601543302764036 16.99 12.51 9.00
0110000000000000001 6934 601543102764036 111111000000000000 601543402764036 16.99 12.51 11.70
0110000000000000001 6934 601543102764036 111111100000000000 601543502764036 16.99 12.51 11.70
0110000000000000001 6934 601543102764036 111111110000000000 601543602764036 16.99 12.51 11.70
0110000000000000001 6934 601543102764036 111111111000000000 601543702764036 16.99 12.51 11.70
0110000000000000001 6934 601543102764036 110000000000000001 601543112764036 16.99 14.59 9.00
0110000000000000001 6934 601543102764036 110000000000000001 601543122764036 16.99 14.59 9.00
0110000000000000001 6934 601543102764036 110000000000000001 601543132764036 16.99 14.59 9.00
0110000000000000001 6934 601543102764036 110000000000000001 601543142764036 16.99 14.59 9.00
0110000000000000001 6934 601543102764036 110000000000000001 601543152764036 16.99 14.59 9.00
0110000000000000001 6934 601543102764036 110000000000000001 601543162764036 16.99 14.59 9.00
0110000000000000001 6934 601543102764036 110000000000000001 601543172764036 16.99 14.59 9.00
0110000000000000001 6934 601543102764036 111111000000000000 601543100764036 16.99 12.51 11.70
0110000000000000001 6934 601543102764036 111000000000000000 601543101764036 16.99 12.51 9.00
0110000000000000001 6934 601543102764036 110000000000000011 601543103764036 16.99 16.68 11.70
0110000000000000001 6934 601543102764036 110000000000000111 601543104764036 16.99 16.68 11.70
0110000000000000001 6934 601543102764036 110000000000001111 601543105764036 16.99 16.68 11.70
0110000000000000001 6934 601543102764036 111111111111111111 601543106764036 16.99 4.17 6.40
0110000000000000001 6934 601543102764036 111111111111111111 601543107764036 16.99 4.17 6.40
0110000000000000001 6934 601543102764036 111111111111111111 601543102064036 16.99 4.17 6.40
0110000000000000001 6934 601543102764036 111111111100000000 601543102164036 16.99 12.51 11.70
0110000000000000001 6934 601543102764036 111111100000000000 601543102264036 16.99 12.51 11.70
0110000000000000001 6934 601543102764036 111110000000000000 601543102364036 16.99 12.51 11.70
0110000000000000001 6934 601543102764036 111100000000000000 601543102464036 16.99 12.51 9.00
0110000000000000001 6934 601543102764036 111000000000000000 601543102564036 16.99 12.51 9.00
0110000000000000001 6934 601543102764036 111000000000000001 601543102664036 16.99 14.59 11.70
0110000000000000001 6934 601543102764036 110000000000000000 601543102704036 16.99 12.51 6.40
0110000000000000001 6934 601543102764036 110000000000000000 601543102714036 16.99 12.51 6.40
0110000000000000001 6934 601543102764036 110000000000000000 601543102724036 16.99 12.51 6.40
0110000000000000001 6934 601543102764036 110000000000000000 601543102734036 16.99 12.51 6.40
0110000000000000001 6934 601543102764036 110000000000000001 601543102744036 16.99 14.59 9.00
0110000000000000001 6934 601543102764036 110000000000000001 601543102754036 16.99 14.59 9.00
0110000000000000001 6934 601543102764036 110000000000000001 601543102774036 16.99 14.59 9.00
0110000000000000001 6934 601543102764036 111111100000000000 601543102760036 16.99 12.51 11.70
0110000000000000001 6934 601543102764036 111100000000000000 601543102761036 16.99 12.51 9.00
0110000000000000001 6934 601543102764036 111000000000000000 601543102762036 16.99 12.51 9.00
0110000000000000001 6934 601543102764036 111000000000000000 601543102763036 16.99 12.51 9.00
0110000000000000001 6934 601543102764036 110000000000000111 601543102765036 16.99 16.68 11.70
0110000000000000001 6934 601543102764036 110000000000001111 601543102766036 16.99 16.68 11.70
0110000000000000001 6934 601543102764036 110000000000011111 601543102767036 16.99 16.68 11.70
0110000000000000001 6934 601543102764036 110000000000000111 601543102764136 16.99 16.68 11.70
0110000000000000001 6934 601543102764036 110000000000001111 601543102764236 16.99 16.68 11.70
0110000000000000001 6934 601543102764036 110000000000001111 601543102764336 16.99 16.68 11.70
0110000000000000001 6934 601543102764036 110000000000011111 601543102764436 16.99 16.68 11.70
0110000000000000001 6934 601543102764036 110000000000011111 601543102764536 16.99 16.68 11.70
0110000000000000001 6934 601543102764036 110000000000111111 601543102764636 16.99 16.68 11.70
0110000000000000001 6934 601543102764036 110000000000111111 601543102764736 16.99 16.68 11.70
0110000000000000001 6934 601543102764036 111111111111111111 601543102764006 16.99 4.17 6.40
0110000000000000001 6934 601543102764036 111111111100000000 601543102764016 16.99 12.51 11.70
0110000000000000001 6934 601543102764036 110000000000000011 601543102764026 16.99 16.68 11.70
0110000000000000001 6934 601543102764036 111000000000000000 601543102764046 16.99 12.51 9.00
0110000000000000001 6934 601543102764036 111000000000000000 601543102764056 16.99 12.51 9.00
0110000000000000001 6934 601543102764036 111100000000000000 601543102764066 16.99 12.51 9.00
0110000000000000001 6934 601543102764036 111110000000000000 601543102764076 16.99 12.51 11.70
0110000000000000001 6934 601543102764036 111111111110000000 601543102764030 16.99 12.51 11.70
0110000000000000001 6934 601543102764036 111111000000000000 601543102764031 16.99 12.51 11.70
0110000000000000001 6934 601543102764036 111110000000000000 601543102764032 16.99 12.51 11.70
0110000000000000001 6934 601543102764036 111100000000000000 601543102764033 16.99 12.51 9.00
0110000000000000001 6934 601543102764036 111000000000000000 601543102764034 16.99 12.51 9.00
0110000000000000001 6934 601543102764036 111000000000000001 601543102764035 16.99 14.59 11.70
0110000000000000001 6934 601543102764036 110000000000000011 601543102764037 16.99 16.68 11.70
0110000000000000001 7034 532541145604735 111000000000000001 032541145604735 16.99 14.59 11.70
0110000000000000001 7034 532541145604735 111000000000000001 132541145604735 16.99 14.59 11.70
0110000000000000001 7034 532541145604735 111000000000000001 232541145604735 16.99 14.59 11.70
0110000000000000001 7034 532541145604735 111000000000000001 332541145604735 16.99 14.59 11.70
0110000000000000001 7034 532541145604735 110000000000000001 432541145604735 16.99 14.59 9.00
0110000000000000001 7034 532541145604735 110000000000000011 632541145604735 16.99 16.68 11.70
0110000000000000001 7034 532541145604735 110000000000000011 732541145604735 16.99 16.68 11.70
0110000000000000001 7034 532541145604735 100000000000000111 502541145604735 16.99 14.59 11.70
0110000000000000001 7034 532541145604735 110000000000000011 512541145604735 16.99 16.68 11.70
0110000000000000001 7034 532541145604735 110000000000000011 522541145604735 16.99 16.68 11.70
0110000000000000001 7034 532541145604735 110000000000000001 542541145604735 16.99 14.59 9.00
0110000000000000001 7034 532541145604735 111000000000000001 552541145604735 16.99 14.59 11.70
0110000000000000001 7034 532541145604735 111000000000000000 562541145604735 16.99 12.51 9.00
0110000000000000001 7034 532541145604735 111000000000000000 572541145604735 16.99 12.51 9.00
0110000000000000001 7034 532541145604735 110000000000000011 530541145604735 16.99 16.68 11.70
0110000000000000001 7034 532541145604735 110000000000000011 531541145604735 16.99 16.68 11.70
0110000000000000001 7034 532541145604735 110000000000000001 533541145604735 16.99 14.59 9.00
0110000000000000001 7034 532541145604735 111000000000000001 534541145604735 16.99 14.59 11.70
0110000000000000001 7034 532541145604735 111000000000000001 535541145604735 16.99 14.59 11.70
0110000000000000001 7034 532541145604735 111000000000000001 536541145604735 16.99 14.59 11.70
0110000000000000001 7034 532541145604735 111000000000000001 537541145604735 16.99 14.59 11.70
0110000000000000001 7034 532541145604735 111100000000000000 532041145604735 16.99 12.51 9.00
0110000000000000001 7034 532541145604735 111000000000000000 532141145604735 16.99 12.51 9.00
0110000000000000001 7034 532541145604735 111000000000000000 532241145604735 16.99 12.51 9.00
0110000000000000001 7034 532541145604735 111000000000000001 532341145604735 16.99 14.59 11.70
0110000000000000001 7034 532541145604735 110000000000000001 532441145604735 16.99 14.59 9.00
0110000000000000001 7034 532541145604735 110000000000000001 532641145604735 16.99 14.59 9.00
0110000000000000001 7034 532541145604735 110000000000000011 532741145604735 16.99 16.68 11.70
0110000000000000001 7034 532541145604735 110000000000000111 532501145604735 16.99 16.68 11.70
0110000000000000001 7034 532541145604735 110000000000000011 532511145604735 16.99 16.68 11.70
0110000000000000001 7034 532541145604735 110000000000000011 532521145604735 16.99 16.68 11.70
0110000000000000001 7034 532541145604735 110000000000000001 532531145604735 16.99 14.59 9.00
0110000000000000001 7034 532541145604735 110000000000000001 532551145604735 16.99 14.59 9.00
0110000000000000001 7034 532541145604735 110000000000000001 532561145604735 16.99 14.59 9.00
0110000000000000001 7034 532541145604735 110000000000000001 532571145604735 16.99 14.59 9.00
0110000000000000001 7034 532541145604735 110000000000000001 532540145604735 16.99 14.59 9.00
0110000000000000001 7034 532541145604735 110000000000000001 532542145604735 16.99 14.59 9.00
0110000000000000001 7034 532541145604735 110000000000000011 532543145604735 16.99 16.68 11.70
0110000000000000001 7034 532541145604735 110000000000000011 532544145604735 16.99 16.68 11.70
0110000000000000001 7034 532541145604735 110000000000000011 532545145604735 16.99 16.68 11.70
0110000000000000001 7034 532541145604735 110000000000000011 532546145604735 16.99 16.68 11.70
0110000000000000001 7034 532541145604735 111000000000000011 532547145604735 16.99 16.68 14.30
0110000000000000001 7034 532541145604735 110000000000000111 532541045604735 16.99 16.68 11.70
0110000000000000001 7034 532541145604735 111000000000000000 532541245604735 16.99 12.51 9.00
0110000000000000001 7034 532541145604735 111000000000000000 532541345604735 16.99 12.51 9.00
0110000000000000001 7034 532541145604735 111100000000000000 532541445604735 16.99 12.51 9.00
0110000000000000001 7034 532541145604735 111100000000000000 532541545604735 16.99 12.51 9.00
0110000000000000001 7034 532541145604735 111110000000000000 532541645604735 16.99 12.51 11.70
0110000000000000001 7034 532541145604735 111110000000000000 532541745604735 16.99 12.51 11.70
0110000000000000001 7034 532541145604735 110000000000000001 532541105604735 16.99 14.59 9.00
0110000000000000001 7034 532541145604735 110000000000000001 532541115604735 16.99 14.59 9.00
0110000000000000001 7034 532541145604735 110000000000000001 532541125604735 16.99 14.59 9.00
0110000000000000001 7034 532541145604735 110000000000000001 532541135604735 16.99 14.59 9.00
0110000000000000001 7034 532541145604735 110000000000000001 532541155604735 16.99 14.59 9.00
0110000000000000001 7034 532541145604735 110000000000000001 532541165604735 16.99 14.59 9.00
0110000000000000001 7034 532541145604735 110000000000000001 532541175604735 16.99 14.59 9.00
0110000000000000001 7034 532541145604735 111111100000000000 532541140604735 16.99 12.51 11.70
0110000000000000001 7034 532541145604735 111100000000000000 532541141604735 16.99 12.51 9.00
0110000000000000001 7034 532541145604735 111100000000000000 532541142604735 16.99 12.51 9.00
0110000000000000001 7034 532541145604735 111000000000000000 532541143604735 16.99 12.51 9.00
0110000000000000001 7034 532541145604735 111000000000000001 532541144604735 16.99 14.59 11.70
0110000000000000001 7034 532541145604735 110000000000000011 532541146604735 16.99 16.68 11.70
0110000000000000001 7034 532541145604735 110000000000000011 532541147604735 16.99 16.68 11.70
0110000000000000001 7034 532541145604735 111111110000000000 532541145004735 16.99 12.51 11.70
0110000000000000001 7034 532541145604735 111110000000000000 532541145104735 16.99 12.51 11.70
0110000000000000001 7034 532541145604735 111100000000000000 532541145204735 16.99 12.51 9.00
0110000000000000001 7034 532541145604735 111000000000000000 532541145304735 16.99 12.51 9.00
0110000000000000001 7034 532541145604735 111000000000000000 532541145404735 16.99 12.51 9.00
0110000000000000001 7034 532541145604735 111000000000000001 532541145504735 16.99 14.59 11.70
0110000000000000001 7034 532541145604735 110000000000000011 532541145704735 16.99 16.68 11.70
0110000000000000001 7034 532541145604735 110000000000000111 532541145614735 16.99 16.68 11.70
0110000000000000001 7034 532541145604735 110000000000001111 532541145624735 16.99 16.68 11.70
0110000000000000001 7034 532541145604735 111000000000001111 532541145634735 16.99 16.68 11.70
0110000000000000001 7034 532541145604735 111000000000001111 532541145644735 16.99 16.68 11.70
0110000000000000001 7034 532541145604735 111000000000011111 532541145654735 16.99 16.68 11.70
0110000000000000001 7034 532541145604735 111000000000011111 532541145664735 16.99 16.68 11.70
0110000000000000001 7034 532541145604735 111000000000011111 532541145674735 16.99 16.68 11.70
0110000000000000001 7034 532541145604735 111100000000000000 532541145600735 16.99 12.51 9.00
0110000000000000001 7034 532541145604735 111000000000000000 532541145601735 16.99 12.51 9.00
0110000000000000001 7034 532541145604735 111000000000000000 532541145602735 16.99 12.51 9.00
0110000000000000001 7034 532541145604735 111000000000000000 532541145603735 16.99 12.51 9.00
0110000000000000001 7034 532541145604735 110000000000000111 532541145605735 16.99 16.68 11.70
0110000000000000001 7034 532541145604735 110000000000011111 532541145606735 16.99 16.68 11.70
0110000000000000001 7034 532541145604735 110000000000111111 532541145607735 16.99 16.68 11.70
0110000000000000001 7034 532541145604735 110000000000000000 532541145604035 16.99 12.51 6.40
0110000000000000001 7034 532541145604735 110000000000000000 532541145604135 16.99 12.51 6.40
0110000000000000001 7034 532541145604735 110000000000000000 532541145604235 16.99 12.51 6.40
0110000000000000001 7034 532541145604735 110000000000000000 532541145604335 16.99 12.51 6.40
0110000000000000001 7034 532541145604735 110000000000000000 532541145604435 16.99 12.51 6.40
0110000000000000001 7034 532541145604735 110000000000000000 532541145604535 16.99 12.51 6.40
0110000000000000001 7034 532541145604735 110000000000000001 532541145604635 16.99 14.59 9.00
0110000000000000001 7034 532541145604735 110000000000000001 532541145604705 16.99 14.59 9.00
0110000000000000001 7034 532541145604735 110000000000000111 532541145604715 16.99 16.68 11.70
0110000000000000001 7034 532541145604735 110000000000000011 532541145604725 16.99 16.68 11.70
0110000000000000001 7034 532541145604735 111000000000000000 532541145604745 16.99 12.51 9.00
0110000000000000001 7034 532541145604735 111000000000000000 532541145604755 16.99 12.51 9.00
0110000000000000001 7034 532541145604735 111000000000000000 532541145604765 16.99 12.51 9.00
0110000000000000001 7034 532541145604735 111000000000000000 532541145604775 16.99 12.51 9.00
0110000000000000001 7034 532541145604735 111111100000000000 532541145604730 16.99 12.51 11.70
0110000000000000001 7034 532541145604735 111100000000000000 532541145604731 16.99 12.51 9.00
0110000000000000001 7034 532541145604735 111100000000000000 532541145604732 16.99 12.51 9.00
0110000000000000001 7034 532541145604735 111000000000000000 532541145604733 16.99 12.51 9.00
0110000000000000001 7034 532541145604735 111000000000000001 532541145604734 16.99 14.59 11.70
0110000000000000001 7034 532541145604735 110000000000000011 532541145604736 16.99 16.68 11.70
0110000000000000001 7034 532541145604735 110000000000000011 532541145604737 16.99 16.68 11.70
0110000000000000001 10925 007432224423207 110000000000000001 107432224423207 16.99 14.59 9.00
0110000000000000001 10925 007432224423207 110000000000000001 207432224423207 16.99 14.59 9.00
0110000000000000001 10925 007432224423207 110000000000000001 307432224423207 16.99 14.59 9.00
0110000000000000001 10925 007432224423207 110000000000000001 407432224423207 16.99 14.59 9.00
0110000000000000001 10925 007432224423207 110000000000000011 507432224423207 16.99 16.68 11.70
0110000000000000001 10925 007432224423207 110000000000000011 607432224423207 16.99 16.68 11.70
0110000000000000001 10925 007432224423207 100000000000000011 707432224423207 16.99 14.59 6.40
0110000000000000001 10925 007432224423207 110000000000000001 017432224423207 16.99 14.59 9.00
0110000000000000001 10925 007432224423207 111000000000000001 027432224423207 16.99 14.59 11.70
0110000000000000001 10925 007432224423207 111000000000000001 037432224423207 16.99 14.59 11.70
0110000000000000001 10925 007432224423207 111000000000000000 047432224423207 16.99 12.51 9.00
0110000000000000001 10925 007432224423207 111000000000000000 057432224423207 16.99 12.51 9.00
0110000000000000001 10925 007432224423207 111000000000000000 067432224423207 16.99 12.51 9.00
0110000000000000001 10925 007432224423207 111000000000000000 077432224423207 16.99 12.51 9.00
0110000000000000001 10925 007432224423207 110000000000000011 000432224423207 16.99 16.68 11.70
0110000000000000001 10925 007432224423207 110000000000000001 001432224423207 16.99 14.59 9.00
0110000000000000001 10925 007432224423207 110000000000000001 002432224423207 16.99 14.59 9.00
0110000000000000001 10925 007432224423207 110000000000000001 003432224423207 16.99 14.59 9.00
0110000000000000001 10925 007432224423207 110000000000000001 004432224423207 16.99 14.59 9.00
0110000000000000001 10925 007432224423207 110000000000000001 005432224423207 16.99 14.59 9.00
0110000000000000001 10925 007432224423207 110000000000000001 006432224423207 16.99 14.59 9.00
0110000000000000001 10925 007432224423207 111000000000000000 007032224423207 16.99 12.51 9.00
0110000000000000001 10925 007432224423207 111000000000000001 007132224423207 16.99 14.59 11.70
0110000000000000001 10925 007432224423207 110000000000000001 007232224423207 16.99 14.59 9.00
0110000000000000001 10925 007432224423207 110000000000000001 007332224423207 16.99 14.59 9.00
0110000000000000001 10925 007432224423207 110000000000000001 007532224423207 16.99 14.59 9.00
0110000000000000001 10925 007432224423207 110000000000000001 007632224423207 16.99 14.59 9.00
0110000000000000001 10925 007432224423207 110000000000000001 007732224423207 16.99 14.59 9.00
0110000000000000001 10925 007432224423207 110000000000000111 007402224423207 16.99 16.68 11.70
0110000000000000001 10925 007432224423207 110000000000000011 007412224423207 16.99 16.68 11.70
0110000000000000001 10925 007432224423207 110000000000000011 007422224423207 16.99 16.68 11.70
0110000000000000001 10925 007432224423207 110000000000000001 007442224423207 16.99 14.59 9.00
0110000000000000001 10925 007432224423207 110000000000000001 007452224423207 16.99 14.59 9.00
0110000000000000001 10925 007432224423207 110000000000000001 007462224423207 16.99 14.59 9.00
0110000000000000001 10925 007432224423207 110000000000000000 007472224423207 16.99 12.51 6.40
0110000000000000001 10925 007432224423207 110000000000000000 007430224423207 16.99 12.51 6.40
0110000000000000001 10925 007432224423207 110000000000000001 007431224423207 16.99 14.59 9.00
0110000000000000001 10925 007432224423207 110000000000000011 007433224423207 16.99 16.68 11.70
0110000000000000001 10925 007432224423207 110000000000000011 007434224423207 16.99 16.68 11.70
0110000000000000001 10925 007432224423207 110000000000000011 007435224423207 16.99 16.68 11.70
0110000000000000001 10925 007432224423207 110000000000000011 007436224423207 16.99 16.68 11.70
0110000000000000001 10925 007432224423207 110000000000000111 007437224423207 16.99 16.68 11.70
0110000000000000001 10925 007432224423207 110000000000001111 007432024423207 16.99 16.68 11.70
0110000000000000001 10925 007432224423207 110000000000000011 007432124423207 16.99 16.68 11.70
0110000000000000001 10925 007432224423207 110000000000000000 007432324423207 16.99 12.51 6.40
0110000000000000001 10925 007432224423207 111000000000000000 007432424423207 16.99 12.51 9.00
0110000000000000001 10925 007432224423207 111000000000000000 007432524423207 16.99 12.51 9.00
0110000000000000001 10925 007432224423207 111000000000000000 007432624423207 16.99 12.51 9.00
0110000000000000001 10925 007432224423207 111100000000000000 007432724423207 16.99 12.51 9.00
0110000000000000001 10925 007432224423207 110000000000000001 007432204423207 16.99 14.59 9.00
0110000000000000001 10925 007432224423207 110000000000000001 007432214423207 16.99 14.59 9.00
0110000000000000001 10925 007432224423207 110000000000000001 007432234423207 16.99 14.59 9.00
0110000000000000001 10925 007432224423207 110000000000000001 007432244423207 16.99 14.59 9.00
0110000000000000001 10925 007432224423207 110000000000000001 007432254423207 16.99 14.59 9.00
0110000000000000001 10925 007432224423207 110000000000000001 007432264423207 16.99 14.59 9.00
0110000000000000001 10925 007432224423207 110000000000000001 007432274423207 16.99 14.59 9.00
0110000000000000001 10925 007432224423207 111111000000000000 007432220423207 16.99 12.51 11.70
0110000000000000001 10925 007432224423207 111100000000000000 007432221423207 16.99 12.51 9.00
0110000000000000001 10925 007432224423207 111000000000000000 007432222423207 16.99 12.51 9.00
0110000000000000001 10925 007432224423207 110000000000000001 007432223423207 16.99 14.59 9.00
0110000000000000001 10925 007432224423207 110000000000000011 007432225423207 16.99 16.68 11.70
0110000000000000001 10925 007432224423207 110000000000000011 007432226423207 16.99 16.68 11.70
0110000000000000001 10925 007432224423207 110000000000000011 007432227423207 16.99 16.68 11.70
0110000000000000001 10925 007432224423207 111111000000000000 007432224023207 16.99 12.51 11.70
0110000000000000001 10925 007432224423207 111100000000000000 007432224123207 16.99 12.51 9.00
0110000000000000001 10925 007432224423207 111000000000000000 007432224223207 16.99 12.51 9.00
0110000000000000001 10925 007432224423207 110000000000000001 007432224323207 16.99 14.59 9.00
0110000000000000001 10925 007432224423207 110000000000000011 007432224523207 16.99 16.68 11.70
0110000000000000001 10925 007432224423207 110000000000000011 007432224623207 16.99 16.68 11.70
0110000000000000001 10925 007432224423207 110000000000000011 007432224723207 16.99 16.68 11.70
0110000000000000001 10925 007432224423207 110000000000000000 007432224403207 16.99 12.51 6.40
0110000000000000001 10925 007432224423207 110000000000000000 007432224413207 16.99 12.51 6.40
0110000000000000001 10925 007432224423207 110000000000000011 007432224433207 16.99 16.68 11.70
0110000000000000001 10925 007432224423207 110000000000000111 007432224443207 16.99 16.68 11.70
0110000000000000001 10925 007432224423207 110000000000000111 007432224453207 16.99 16.68 11.70
0110000000000000001 10925 007432224423207 110000000000000111 007432224463207 16.99 16.68 11.70
0110000000000000001 10925 007432224423207 110000000000000111 007432224473207 16.99 16.68 11.70
0110000000000000001 10925 007432224423207 111000000000000000 007432224420207 16.99 12.51 9.00
0110000000000000001 10925 007432224423207 111000000000000000 007432224421207 16.99 12.51 9.00
0110000000000000001 10925 007432224423207 110000000000000000 007432224422207 16.99 12.51 6.40
0110000000000000001 10925 007432224423207 110000000000000111 007432224424207 16.99 16.68 11.70
0110000000000000001 10925 007432224423207 110000000000011111 007432224425207 16.99 16.68 11.70
0110000000000000001 10925 007432224423207 110000000000111111 007432224426207 16.99 16.68 11.70
0110000000000000001 10925 007432224423207 110000000001111111 007432224427207 16.99 16.68 11.70
0110000000000000001 10925 007432224423207 110000000000000000 007432224423007 16.99 12.51 6.40
0110000000000000001 10925 007432224423207 110000000000000000 007432224423107 16.99 12.51 6.40
0110000000000000001 10925 007432224423207 110000000000000011 007432224423307 16.99 16.68 11.70
0110000000000000001 10925 007432224423207 110000000000000111 007432224423407 16.99 16.68 11.70
0110000000000000001 10925 007432224423207 110000000000000111 007432224423507 16.99 16.68 11.70
0110000000000000001 10925 007432224423207 110000000000001111 007432224423607 16.99 16.68 11.70
0110000000000000001 10925 007432224423207 110000000000001111 007432224423707 16.99 16.68 11.70
0110000000000000001 10925 007432224423207 111000000000000000 007432224423217 16.99 12.51 9.00
0110000000000000001 10925 007432224423207 111100000000000000 007432224423227 16.99 12.51 9.00
0110000000000000001 10925 007432224423207 111100000000000000 007432224423237 16.99 12.51 9.00
0110000000000000001 10925 007432224423207 111110000000000000 007432224423247 16.99 12.51 11.70
0110000000000000001 10925 007432224423207 111111000000000000 007432224423257 16.99 12.51 11.70
0110000000000000001 10925 007432224423207 111111000000000000 007432224423267 16.99 12.51 11.70
0110000000000000001 10925 007432224423207 111111100000000000 007432224423277 16.99 12.51 11.70
0110000000000000001 10925 007432224423207 111111110000000000 007432224423200 16.99 12.51 11.70
0110000000000000001 10925 007432224423207 111110000000000000 007432224423201 16.99 12.51 11.70
0110000000000000001 10925 007432224423207 111100000000000000 007432224423202 16.99 12.51 9.00
0110000000000000001 10925 007432224423207 111000000000000000 007432224423203 16.99 12.51 9.00
0110000000000000001 10925 007432224423207 111000000000000000 007432224423204 16.99 12.51 9.00
0110000000000000001 10925 007432224423207 110000000000000001 007432224423205 16.99 14.59 9.00
0110000000000000001 10925 007432224423207 110000000000000001 007432224423206 16.99 14.59 9.00
0110000000000000001 12311 620312416717617 110000000001111111 020312416717617 16.99 16.68 11.70
0110000000000000001 12311 620312416717617 110000000001111111 120312416717617 16.99 16.68 11.70
0110000000000000001 12311 620312416717617 110000000001111111 220312416717617 16.99 16.68 11.70
0110000000000000001 12311 620312416717617 110000000001111111 320312416717617 16.99 16.68 11.70
0110000000000000001 12311 620312416717617 110000000000111111 420312416717617 16.99 16.68 11.70
0110000000000000001 12311 620312416717617 110000000000011111 520312416717617 16.99 16.68 11.70
0110000000000000001 12311 620312416717617 110000000000000000 720312416717617 16.99 12.51 6.40
0110000000000000001 12311 620312416717617 110000000000000001 600312416717617 16.99 14.59 9.00
0110000000000000001 12311 620312416717617 110000000000000001 610312416717617 16.99 14.59 9.00
0110000000000000001 12311 620312416717617 110000000000000000 630312416717617 16.99 12.51 6.40
0110000000000000001 12311 620312416717617 110000000000000000 640312416717617 16.99 12.51 6.40
0110000000000000001 12311 620312416717617 110000000000000000 650312416717617 16.99 12.51 6.40
0110000000000000001 12311 620312416717617 110000000000000000 660312416717617 16.99 12.51 6.40
0110000000000000001 12311 620312416717617 110000000000000000 670312416717617 16.99 12.51 6.40
0110000000000000001 12311 620312416717617 100000000001111111 621312416717617 16.99 14.59 11.70
0110000000000000001 12311 620312416717617 110000000011111111 622312416717617 16.99 16.68 11.70
0110000000000000001 12311 620312416717617 110000000001111111 623312416717617 16.99 16.68 11.70
0110000000000000001 12311 620312416717617 110000000001111111 624312416717617 16.99 16.68 11.70
0110000000000000001 12311 620312416717617 110000000001111111 625312416717617 16.99 16.68 11.70
0110000000000000001 12311 620312416717617 110000000001111111 626312416717617 16.99 16.68 11.70
0110000000000000001 12311 620312416717617 110000000001111111 627312416717617 16.99 16.68 11.70
0110000000000000001 12311 620312416717617 111000000000000000 620012416717617 16.99 12.51 9.00
0110000000000000001 12311 620312416717617 110000000000000000 620112416717617 16.99 12.51 6.40
0110000000000000001 12311 620312416717617 110000000000000000 620212416717617 16.99 12.51 6.40
0110000000000000001 12311 620312416717617 110000000000000001 620412416717617 16.99 14.59 9.00
0110000000000000001 12311 620312416717617 110000000000000001 620512416717617 16.99 14.59 9.00
0110000000000000001 12311 620312416717617 110000000000000001 620612416717617 16.99 14.59 9.00
0110000000000000001 12311 620312416717617 110000000000000001 620712416717617 16.99 14.59 9.00
0110000000000000001 12311 620312416717617 110000000000000001 620302416717617 16.99 14.59 9.00
0110000000000000001 12311 620312416717617 110000000000000000 620322416717617 16.99 12.51 6.40
0110000000000000001 12311 620312416717617 110000000000000000 620332416717617 16.99 12.51 6.40
0110000000000000001 12311 620312416717617 110000000000000000 620342416717617 16.99 12.51 6.40
0110000000000000001 12311 620312416717617 100000000000000000 620352416717617 16.99 10.42 9.00
0110000000000000001 12311 620312416717617 100000000000000000 620362416717617 16.99 10.42 9.00
0110000000000000001 12311 620312416717617 100000000000000000 620372416717617 16.99 10.42 9.00
0110000000000000001 12311 620312416717617 110000000000000011 620310416717617 16.99 16.68 11.70
0110000000000000001 12311 620312416717617 110000000000000011 620311416717617 16.99 16.68 11.70
0110000000000000001 12311 620312416717617 110000000000000000 620313416717617 16.99 12.51 6.40
0110000000000000001 12311 620312416717617 110000000000000000 620314416717617 16.99 12.51 6.40
0110000000000000001 12311 620312416717617 110000000000000000 620315416717617 16.99 12.51 6.40
0110000000000000001 12311 620312416717617 110000000000000000 620316416717617 16.99 12.51 6.40
0110000000000000001 12311 620312416717617 110000000000000000 620317416717617 16.99 12.51 6.40
0110000000000000001 12311 620312416717617 111111111000000000 620312016717617 16.99 12.51 11.70
0110000000000000001 12311 620312416717617 111111100000000000 620312116717617 16.99 12.51 11.70
0110000000000000001 12311 620312416717617 110000000000000000 620312216717617 16.99 12.51 6.40
0110000000000000001 12311 620312416717617 110000000000000000 620312316717617 16.99 12.51 6.40
0110000000000000001 12311 620312416717617 110000000000011111 620312516717617 16.99 16.68 11.70
0110000000000000001 12311 620312416717617 110000000000111111 620312616717617 16.99 16.68 11.70
0110000000000000001 12311 620312416717617 110000000001111111 620312716717617 16.99 16.68 11.70
0110000000000000001 12311 620312416717617 110000000000000001 620312406717617 16.99 14.59 9.00
0110000000000000001 12311 620312416717617 110000000000000001 620312426717617 16.99 14.59 9.00
0110000000000000001 12311 620312416717617 110000000000000001 620312436717617 16.99 14.59 9.00
0110000000000000001 12311 620312416717617 110000000000000001 620312446717617 16.99 14.59 9.00
0110000000000000001 12311 620312416717617 110000000000000001 620312456717617 16.99 14.59 9.00
0110000000000000001 12311 620312416717617 110000000000000001 620312466717617 16.99 14.59 9.00
0110000000000000001 12311 620312416717617 110000000000000001 620312476717617 16.99 14.59 9.00
0110000000000000001 12311 620312416717617 111100000000000000 620312410717617 16.99 12.51 9.00
0110000000000000001 12311 620312416717617 111000000000000000 620312411717617 16.99 12.51 9.00
0110000000000000001 12311 620312416717617 110000000000000000 620312412717617 16.99 12.51 6.40
0110000000000000001 12311 620312416717617 110000000000000000 620312413717617 16.99 12.51 6.40
0110000000000000001 12311 620312416717617 110000000000000000 620312414717617 16.99 12.51 6.40
0110000000000000001 12311 620312416717617 110000000000000000 620312415717617 16.99 12.51 6.40
0110000000000000001 12311 620312416717617 110000000000000001 620312417717617 16.99 14.59 9.00
0110000000000000001 12311 620312416717617 111110000000000011 620312416017617 16.99 16.68 14.30
0110000000000000001 12311 620312416717617 111000000000111111 620312416117617 16.99 16.68 14.30
0110000000000000001 12311 620312416717617 110000000001111111 620312416217617 16.99 16.68 11.70
0110000000000000001 12311 620312416717617 110000000001111111 620312416317617 16.99 16.68 11.70
0110000000000000001 12311 620312416717617 110000000001111111 620312416417617 16.99 16.68 11.70
0110000000000000001 12311 620312416717617 110000000000111111 620312416517617 16.99 16.68 11.70
0110000000000000001 12311 620312416717617 110000000000001111 620312416617617 16.99 16.68 11.70
0110000000000000001 12311 620312416717617 110000000000000000 620312416707617 16.99 12.51 6.40
0110000000000000001 12311 620312416717617 110000000000000111 620312416727617 16.99 16.68 11.70
0110000000000000001 12311 620312416717617 110000000000011111 620312416737617 16.99 16.68 11.70
0110000000000000001 12311 620312416717617 110000000000111111 620312416747617 16.99 16.68 11.70
0110000000000000001 12311 620312416717617 110000000001111111 620312416757617 16.99 16.68 11.70
0110000000000000001 12311 620312416717617 110000000001111111 620312416767617 16.99 16.68 11.70
0110000000000000001 12311 620312416717617 110000000011111111 620312416777617 16.99 16.68 11.70
0110000000000000001 12311 620312416717617 111111111111111111 620312416710617 16.99 4.17 6.40
0110000000000000001 12311 620312416717617 111111111111111111 620312416711617 16.99 4.17 6.40
0110000000000000001 12311 620312416717617 111111111111111111 620312416712617 16.99 4.17 6.40
0110000000000000001 12311 620312416717617 110000000000001111 620312416713617 16.99 16.68 11.70
0110000000000000001 12311 620312416717617 110000000000011111 620312416714617 16.99 16.68 11.70
0110000000000000001 12311 620312416717617 110000000000011111 620312416715617 16.99 16.68 11.70
0110000000000000001 12311 620312416717617 110000000000001111 620312416716617 16.99 16.68 11.70
0110000000000000001 12311 620312416717617 110000000000000000 620312416717017 16.99 12.51 6.40
0110000000000000001 12311 620312416717617 110000000000000000 620312416717117 16.99 12.51 6.40
0110000000000000001 12311 620312416717617 110000000000000000 620312416717217 16.99 12.51 6.40
0110000000000000001 12311 620312416717617 110000000000000000 620312416717317 16.99 12.51 6.40
0110000000000000001 12311 620312416717617 110000000000000000 620312416717417 16.99 12.51 6.40
0110000000000000001 12311 620312416717617 110000000000000000 620312416717517 16.99 12.51 6.40
0110000000000000001 12311 620312416717617 110000000000000011 620312416717717 16.99 16.68 11.70
0110000000000000001 12311 620312416717617 111000000000000000 620312416717607 16.99 12.51 9.00
0110000000000000001 12311 620312416717617 110000000001111111 620312416717627 16.99 16.68 11.70
0110000000000000001 12311 620312416717617 110000000001111111 620312416717637 16.99 16.68 11.70
0110000000000000001 12311 620312416717617 110000000001111111 620312416717647 16.99 16.68 11.70
0110000000000000001 12311 620312416717617 110000000001111111 620312416717657 16.99 16.68 11.70
0110000000000000001 12311 620312416717617 110000000000111111 620312416717667 16.99 16.68 11.70
0110000000000000001 12311 620312416717617 110000000000011111 620312416717677 16.99 16.68 11.70
0110000000000000001 12311 620312416717617 111100000000000000 620312416717610 16.99 12.51 9.00
0110000000000000001 12311 620312416717617 111000000000000000 620312416717611 16.99 12.51 9.00
0110000000000000001 12311 620312416717617 110000000000000000 620312416717612 16.99 12.51 6.40
0110000000000000001 12311 620312416717617 110000000000000000 620312416717613 16.99 12.51 6.40
0110000000000000001 12311 620312416717617 110000000000000000 620312416717614 16.99 12.51 6.40
0110000000000000001 12311 620312416717617 110000000000000000 620312416717615 16.99 12.51 6.40
0110000000000000001 12311 620312416717617 110000000000000000 620312416717616 16.99 12.51 6.40
