ParentPhenotype line ParentGenotype MutantPhenotype MutantGenotype KC_col1 KC_col4 Conditional_Complexity
0111100000001111111 363 212502202747656 111110000001111111 012502202747656 19.12 16.68 9.60
0111100000001111111 363 212502202747656 111110000001111111 112502202747656 19.12 16.68 9.60
0111100000001111111 363 212502202747656 111100000001111111 312502202747656 19.12 16.68 9.60
0111100000001111111 363 212502202747656 111100000001111111 412502202747656 19.12 16.68 9.60
0111100000001111111 363 212502202747656 111100000001111111 512502202747656 19.12 16.68 9.60
0111100000001111111 363 212502202747656 111100000001111111 612502202747656 19.12 16.68 9.60
0111100000001111111 363 212502202747656 111100000001111111 712502202747656 19.12 16.68 9.60
0111100000001111111 363 212502202747656 111100000001111111 202502202747656 19.12 16.68 9.60
0111100000001111111 363 212502202747656 111100000001111111 222502202747656 19.12 16.68 9.60
0111100000001111111 363 212502202747656 111110000001111111 232502202747656 19.12 16.68 9.60
0111100000001111111 363 212502202747656 111110000000111111 242502202747656 19.12 16.68 9.60
0111100000001111111 363 212502202747656 111110000000111111 252502202747656 19.12 16.68 9.60
0111100000001111111 363 212502202747656 111110000000111111 262502202747656 19.12 16.68 9.60
0111100000001111111 363 212502202747656 111110000000111111 272502202747656 19.12 16.68 9.60
0111100000001111111 363 212502202747656 111000000001111111 210502202747656 19.12 16.68 9.60
0111100000001111111 363 212502202747656 111100000001111111 211502202747656 19.12 16.68 9.60
0111100000001111111 363 212502202747656 111100000001111111 213502202747656 19.12 16.68 9.60
0111100000001111111 363 212502202747656 111110000001111111 214502202747656 19.12 16.68 9.60
0111100000001111111 363 212502202747656 111110000001111111 215502202747656 19.12 16.68 9.60
0111100000001111111 363 212502202747656 111110000001111111 216502202747656 19.12 16.68 9.60
0111100000001111111 363 212502202747656 111110000001111111 217502202747656 19.12 16.68 9.60
0111100000001111111 363 212502202747656 111111000000111111 212002202747656 19.12 16.68 9.60
0111100000001111111 363 212502202747656 111110000000111111 212102202747656 19.12 16.68 9.60
0111100000001111111 363 212502202747656 111110000001111111 212202202747656 19.12 16.68 9.60
0111100000001111111 363 212502202747656 111100000001111111 212302202747656 19.12 16.68 9.60
0111100000001111111 363 212502202747656 111100000001111111 212402202747656 19.12 16.68 9.60
0111100000001111111 363 212502202747656 111100000001111111 212602202747656 19.12 16.68 9.60
0111100000001111111 363 212502202747656 111100000001111111 212702202747656 19.12 16.68 9.60
0111100000001111111 363 212502202747656 111100000000111111 212512202747656 19.12 16.68 9.60
0111100000001111111 363 212502202747656 111100000000111111 212522202747656 19.12 16.68 9.60
0111100000001111111 363 212502202747656 111100000000111111 212532202747656 19.12 16.68 9.60
0111100000001111111 363 212502202747656 111100000000111111 212542202747656 19.12 16.68 9.60
0111100000001111111 363 212502202747656 111100000000111111 212552202747656 19.12 16.68 9.60
0111100000001111111 363 212502202747656 111100000000111111 212562202747656 19.12 16.68 9.60
0111100000001111111 363 212502202747656 111100000000011111 212572202747656 19.12 16.68 12.20
0111100000001111111 363 212502202747656 111100000000111111 212500202747656 19.12 16.68 9.60
0111100000001111111 363 212502202747656 111100000001111111 212501202747656 19.12 16.68 9.60
0111100000001111111 363 212502202747656 111100000001111111 212503202747656 19.12 16.68 9.60
0111100000001111111 363 212502202747656 111100000001111111 212504202747656 19.12 16.68 9.60
0111100000001111111 363 212502202747656 111100000001111111 212505202747656 19.12 16.68 9.60
0111100000001111111 363 212502202747656 111100000001111111 212506202747656 19.12 16.68 9.60
0111100000001111111 363 212502202747656 111100000001111111 212507202747656 19.12 16.68 9.60
0111100000001111111 363 212502202747656 110000000111111111 212502002747656 19.12 16.68 6.90
0111100000001111111 363 212502202747656 111000000011111111 212502102747656 19.12 16.68 9.60
0111100000001111111 363 212502202747656 111110000000111111 212502302747656 19.12 16.68 9.60
0111100000001111111 363 212502202747656 111111000000011111 212502402747656 19.12 16.68 9.60
0111100000001111111 363 212502202747656 111111100000001111 212502502747656 19.12 16.68 9.60
0111100000001111111 363 212502202747656 111111110000000111 212502602747656 19.12 16.68 9.60
0111100000001111111 363 212502202747656 111111111000000011 212502702747656 19.12 16.68 9.60
0111100000001111111 363 212502202747656 111100000001111111 212502212747656 19.12 16.68 9.60
0111100000001111111 363 212502202747656 111100000001111111 212502222747656 19.12 16.68 9.60
0111100000001111111 363 212502202747656 111100000001111111 212502232747656 19.12 16.68 9.60
0111100000001111111 363 212502202747656 111100000001111111 212502242747656 19.12 16.68 9.60
0111100000001111111 363 212502202747656 111100000001111111 212502252747656 19.12 16.68 9.60
0111100000001111111 363 212502202747656 111100000001111111 212502262747656 19.12 16.68 9.60
0111100000001111111 363 212502202747656 111100000001111111 212502272747656 19.12 16.68 9.60
0111100000001111111 363 212502202747656 111111111000000111 212502200747656 19.12 16.68 9.60
0111100000001111111 363 212502202747656 111111000000111111 212502201747656 19.12 16.68 9.60
0111100000001111111 363 212502202747656 111100000001111111 212502203747656 19.12 16.68 9.60
0111100000001111111 363 212502202747656 111000000011111111 212502204747656 19.12 16.68 9.60
0111100000001111111 363 212502202747656 111000000011111111 212502205747656 19.12 16.68 9.60
0111100000001111111 363 212502202747656 110000000011111111 212502206747656 19.12 16.68 9.60
0111100000001111111 363 212502202747656 110000000111111111 212502207747656 19.12 16.68 6.90
0111100000001111111 363 212502202747656 111111111111111111 212502202047656 19.12 4.17 4.30
0111100000001111111 363 212502202747656 111111111111000000 212502202147656 19.12 12.51 6.90
0111100000001111111 363 212502202747656 111111111000000011 212502202247656 19.12 16.68 9.60
0111100000001111111 363 212502202747656 111111100000001111 212502202347656 19.12 16.68 9.60
0111100000001111111 363 212502202747656 111111000000011111 212502202447656 19.12 16.68 9.60
0111100000001111111 363 212502202747656 111110000000111111 212502202547656 19.12 16.68 9.60
0111100000001111111 363 212502202747656 111110000000111111 212502202647656 19.12 16.68 9.60
0111100000001111111 363 212502202747656 111100000000011111 212502202707656 19.12 16.68 12.20
0111100000001111111 363 212502202747656 111100000000111111 212502202717656 19.12 16.68 9.60
0111100000001111111 363 212502202747656 111100000000111111 212502202727656 19.12 16.68 9.60
0111100000001111111 363 212502202747656 111100000001111111 212502202737656 19.12 16.68 9.60
0111100000001111111 363 212502202747656 111110000001111111 212502202757656 19.12 16.68 9.60
0111100000001111111 363 212502202747656 111110000001111111 212502202767656 19.12 16.68 9.60
0111100000001111111 363 212502202747656 111110000001111111 212502202777656 19.12 16.68 9.60
0111100000001111111 363 212502202747656 111111111111111111 212502202740656 19.12 4.17 4.30
0111100000001111111 363 212502202747656 111111111111000000 212502202741656 19.12 12.51 6.90
0111100000001111111 363 212502202747656 111111111000000000 212502202742656 19.12 12.51 6.90
0111100000001111111 363 212502202747656 111111100000000000 212502202743656 19.12 12.51 6.90
0111100000001111111 363 212502202747656 111111000000000011 212502202744656 19.12 16.68 12.20
0111100000001111111 363 212502202747656 111110000000001111 212502202745656 19.12 16.68 12.20
0111100000001111111 363 212502202747656 111110000000111111 212502202746656 19.12 16.68 9.60
0111100000001111111 363 212502202747656 111100000000001111 212502202747056 19.12 16.68 12.20
0111100000001111111 363 212502202747656 111100000000011111 212502202747156 19.12 16.68 12.20
0111100000001111111 363 212502202747656 111100000000111111 212502202747256 19.12 16.68 9.60
0111100000001111111 363 212502202747656 111100000000111111 212502202747356 19.12 16.68 9.60
0111100000001111111 363 212502202747656 111100000000111111 212502202747456 19.12 16.68 9.60
0111100000001111111 363 212502202747656 111100000001111111 212502202747556 19.12 16.68 9.60
0111100000001111111 363 212502202747656 111100000001111111 212502202747756 19.12 16.68 9.60
0111100000001111111 363 212502202747656 110000000111111111 212502202747606 19.12 16.68 6.90
0111100000001111111 363 212502202747656 110000000111111111 212502202747616 19.12 16.68 6.90
0111100000001111111 363 212502202747656 111000000011111111 212502202747626 19.12 16.68 9.60
0111100000001111111 363 212502202747656 111000000011111111 212502202747636 19.12 16.68 9.60
0111100000001111111 363 212502202747656 111100000001111111 212502202747646 19.12 16.68 9.60
0111100000001111111 363 212502202747656 111110000000111111 212502202747666 19.12 16.68 9.60
0111100000001111111 363 212502202747656 111110000000111111 212502202747676 19.12 16.68 9.60
0111100000001111111 363 212502202747656 111111111111111110 212502202747650 19.12 10.42 6.90
0111100000001111111 363 212502202747656 111111111100000011 212502202747651 19.12 16.68 9.60
0111100000001111111 363 212502202747656 111111110000001111 212502202747652 19.12 16.68 9.60
0111100000001111111 363 212502202747656 111111000000011111 212502202747653 19.12 16.68 9.60
0111100000001111111 363 212502202747656 111110000000111111 212502202747654 19.12 16.68 9.60
0111100000001111111 363 212502202747656 111110000000111111 212502202747655 19.12 16.68 9.60
0111100000001111111 363 212502202747656 111100000001111111 212502202747657 19.12 16.68 9.60
0111100000001111111 1618 156270072567507 111100000001111111 056270072567507 19.12 16.68 9.60
0111100000001111111 1618 156270072567507 111100000001111111 256270072567507 19.12 16.68 9.60
0111100000001111111 1618 156270072567507 111100000001111111 356270072567507 19.12 16.68 9.60
0111100000001111111 1618 156270072567507 111100000001111111 456270072567507 19.12 16.68 9.60
0111100000001111111 1618 156270072567507 111100000000011111 556270072567507 19.12 16.68 12.20
0111100000001111111 1618 156270072567507 111100000000000111 656270072567507 19.12 16.68 12.20
0111100000001111111 1618 156270072567507 111100000000000001 756270072567507 19.12 14.59 9.60
0111100000001111111 1618 156270072567507 110000000111111111 106270072567507 19.12 16.68 6.90
0111100000001111111 1618 156270072567507 110000000111111111 116270072567507 19.12 16.68 6.90
0111100000001111111 1618 156270072567507 111000000011111111 126270072567507 19.12 16.68 9.60
0111100000001111111 1618 156270072567507 111000000011111111 136270072567507 19.12 16.68 9.60
0111100000001111111 1618 156270072567507 111000000011111111 146270072567507 19.12 16.68 9.60
0111100000001111111 1618 156270072567507 111100000001111111 166270072567507 19.12 16.68 9.60
0111100000001111111 1618 156270072567507 111100000001111111 176270072567507 19.12 16.68 9.60
0111100000001111111 1618 156270072567507 111100000000000000 150270072567507 19.12 12.51 6.90
0111100000001111111 1618 156270072567507 111100000000000111 151270072567507 19.12 16.68 12.20
0111100000001111111 1618 156270072567507 111100000001111111 152270072567507 19.12 16.68 9.60
0111100000001111111 1618 156270072567507 111100000001111111 153270072567507 19.12 16.68 9.60
0111100000001111111 1618 156270072567507 111100000001111111 154270072567507 19.12 16.68 9.60
0111100000001111111 1618 156270072567507 111100000001111111 155270072567507 19.12 16.68 9.60
0111100000001111111 1618 156270072567507 111100000001111111 157270072567507 19.12 16.68 9.60
0111100000001111111 1618 156270072567507 111111000000011111 156070072567507 19.12 16.68 9.60
0111100000001111111 1618 156270072567507 111100000001111111 156170072567507 19.12 16.68 9.60
0111100000001111111 1618 156270072567507 111000000011111111 156370072567507 19.12 16.68 9.60
0111100000001111111 1618 156270072567507 111000000011111111 156470072567507 19.12 16.68 9.60
0111100000001111111 1618 156270072567507 111000000011111111 156570072567507 19.12 16.68 9.60
0111100000001111111 1618 156270072567507 111000000011111111 156670072567507 19.12 16.68 9.60
0111100000001111111 1618 156270072567507 110000000111111111 156770072567507 19.12 16.68 6.90
0111100000001111111 1618 156270072567507 111100000001111111 156200072567507 19.12 16.68 9.60
0111100000001111111 1618 156270072567507 111100000011111111 156210072567507 19.12 16.68 9.60
0111100000001111111 1618 156270072567507 111100000011111111 156220072567507 19.12 16.68 9.60
0111100000001111111 1618 156270072567507 111100000011111111 156230072567507 19.12 16.68 9.60
0111100000001111111 1618 156270072567507 111100000001111111 156240072567507 19.12 16.68 9.60
0111100000001111111 1618 156270072567507 111100000001111111 156250072567507 19.12 16.68 9.60
0111100000001111111 1618 156270072567507 111100000001111111 156260072567507 19.12 16.68 9.60
0111100000001111111 1618 156270072567507 111100000011111111 156271072567507 19.12 16.68 9.60
0111100000001111111 1618 156270072567507 111000000011111111 156272072567507 19.12 16.68 9.60
0111100000001111111 1618 156270072567507 111100000011111111 156273072567507 19.12 16.68 9.60
0111100000001111111 1618 156270072567507 111100000011111111 156274072567507 19.12 16.68 9.60
0111100000001111111 1618 156270072567507 111100000001111111 156275072567507 19.12 16.68 9.60
0111100000001111111 1618 156270072567507 111100000000000011 156276072567507 19.12 16.68 12.20
0111100000001111111 1618 156270072567507 111100000000000000 156277072567507 19.12 12.51 6.90
0111100000001111111 1618 156270072567507 111100000000111111 156270172567507 19.12 16.68 9.60
0111100000001111111 1618 156270072567507 111100000000111111 156270272567507 19.12 16.68 9.60
0111100000001111111 1618 156270072567507 111100000000011111 156270372567507 19.12 16.68 12.20
0111100000001111111 1618 156270072567507 111100000000011111 156270472567507 19.12 16.68 12.20
0111100000001111111 1618 156270072567507 111110000000001111 156270572567507 19.12 16.68 12.20
0111100000001111111 1618 156270072567507 111110000000001111 156270672567507 19.12 16.68 12.20
0111100000001111111 1618 156270072567507 111110000000001111 156270772567507 19.12 16.68 12.20
0111100000001111111 1618 156270072567507 111100000001111111 156270002567507 19.12 16.68 9.60
0111100000001111111 1618 156270072567507 111100000001111111 156270012567507 19.12 16.68 9.60
0111100000001111111 1618 156270072567507 111100000001111111 156270022567507 19.12 16.68 9.60
0111100000001111111 1618 156270072567507 111100000001111111 156270032567507 19.12 16.68 9.60
0111100000001111111 1618 156270072567507 111100000001111111 156270042567507 19.12 16.68 9.60
0111100000001111111 1618 156270072567507 111100000001111111 156270052567507 19.12 16.68 9.60
0111100000001111111 1618 156270072567507 111100000001111111 156270062567507 19.12 16.68 9.60
0111100000001111111 1618 156270072567507 111111000000011111 156270070567507 19.12 16.68 9.60
0111100000001111111 1618 156270072567507 111100000001111111 156270071567507 19.12 16.68 9.60
0111100000001111111 1618 156270072567507 111000000011111111 156270073567507 19.12 16.68 9.60
0111100000001111111 1618 156270072567507 111000000011111111 156270074567507 19.12 16.68 9.60
0111100000001111111 1618 156270072567507 111000000011111111 156270075567507 19.12 16.68 9.60
0111100000001111111 1618 156270072567507 111000000111111111 156270076567507 19.12 16.68 9.60
0111100000001111111 1618 156270072567507 110000000111111111 156270077567507 19.12 16.68 6.90
0111100000001111111 1618 156270072567507 111111000000001111 156270072067507 19.12 16.68 9.60
0111100000001111111 1618 156270072567507 111110000000111111 156270072167507 19.12 16.68 9.60
0111100000001111111 1618 156270072567507 111100000000111111 156270072267507 19.12 16.68 9.60
0111100000001111111 1618 156270072567507 111100000001111111 156270072367507 19.12 16.68 9.60
0111100000001111111 1618 156270072567507 111100000001111111 156270072467507 19.12 16.68 9.60
0111100000001111111 1618 156270072567507 111100000001111111 156270072667507 19.12 16.68 9.60
0111100000001111111 1618 156270072567507 111100000001111111 156270072767507 19.12 16.68 9.60
0111100000001111111 1618 156270072567507 111000000000001111 156270072507507 19.12 16.68 12.20
0111100000001111111 1618 156270072567507 111000000000111111 156270072517507 19.12 16.68 12.20
0111100000001111111 1618 156270072567507 111000000000111111 156270072527507 19.12 16.68 12.20
0111100000001111111 1618 156270072567507 111000000001111111 156270072537507 19.12 16.68 9.60
0111100000001111111 1618 156270072567507 111100000001111111 156270072547507 19.12 16.68 9.60
0111100000001111111 1618 156270072567507 111100000001111111 156270072557507 19.12 16.68 9.60
0111100000001111111 1618 156270072567507 111100000001111111 156270072577507 19.12 16.68 9.60
0111100000001111111 1618 156270072567507 111111100000000000 156270072560507 19.12 12.51 6.90
0111100000001111111 1618 156270072567507 111111000000000000 156270072561507 19.12 12.51 6.90
0111100000001111111 1618 156270072567507 111110000000000000 156270072562507 19.12 12.51 6.90
0111100000001111111 1618 156270072567507 111110000000000001 156270072563507 19.12 14.59 9.60
0111100000001111111 1618 156270072567507 111100000000001111 156270072564507 19.12 16.68 12.20
0111100000001111111 1618 156270072567507 111100000000011111 156270072565507 19.12 16.68 12.20
0111100000001111111 1618 156270072567507 111100000000111111 156270072566507 19.12 16.68 9.60
0111100000001111111 1618 156270072567507 111100000000011111 156270072567007 19.12 16.68 12.20
0111100000001111111 1618 156270072567507 111100000000111111 156270072567107 19.12 16.68 9.60
0111100000001111111 1618 156270072567507 111100000000111111 156270072567207 19.12 16.68 9.60
0111100000001111111 1618 156270072567507 111100000001111111 156270072567307 19.12 16.68 9.60
0111100000001111111 1618 156270072567507 111100000001111111 156270072567407 19.12 16.68 9.60
0111100000001111111 1618 156270072567507 111100000001111111 156270072567607 19.12 16.68 9.60
0111100000001111111 1618 156270072567507 111100000011111111 156270072567707 19.12 16.68 9.60
0111100000001111111 1618 156270072567507 111100000001111111 156270072567517 19.12 16.68 9.60
0111100000001111111 1618 156270072567507 111100000001111111 156270072567527 19.12 16.68 9.60
0111100000001111111 1618 156270072567507 111100000001111111 156270072567537 19.12 16.68 9.60
0111100000001111111 1618 156270072567507 111100000000111111 156270072567547 19.12 16.68 9.60
0111100000001111111 1618 156270072567507 111100000000111111 156270072567557 19.12 16.68 9.60
0111100000001111111 1618 156270072567507 111110000000111111 156270072567567 19.12 16.68 9.60
0111100000001111111 1618 156270072567507 111110000000111111 156270072567577 19.12 16.68 9.60
0111100000001111111 1618 156270072567507 111111111100000001 156270072567500 19.12 14.59 9.60
0111100000001111111 1618 156270072567507 111111100000001111 156270072567501 19.12 16.68 9.60
0111100000001111111 1618 156270072567507 111111000000011111 156270072567502 19.12 16.68 9.60
0111100000001111111 1618 156270072567507 111110000000111111 156270072567503 19.12 16.68 9.60
0111100000001111111 1618 156270072567507 111110000000111111 156270072567504 19.12 16.68 9.60
0111100000001111111 1618 156270072567507 111100000001111111 156270072567505 19.12 16.68 9.60
0111100000001111111 1618 156270072567507 111100000001111111 156270072567506 19.12 16.68 9.60
0111100000001111111 2264 147616001437525 111100000001111111 047616001437525 19.12 16.68 9.60
0111100000001111111 2264 147616001437525 111100000001111111 247616001437525 19.12 16.68 9.60
0111100000001111111 2264 147616001437525 111100000000111111 347616001437525 19.12 16.68 9.60
0111100000001111111 2264 147616001437525 111100000000111111 447616001437525 19.12 16.68 9.60
0111100000001111111 2264 147616001437525 111100000000011111 547616001437525 19.12 16.68 12.20
0111100000001111111 2264 147616001437525 111100000000000111 647616001437525 19.12 16.68 12.20
0111100000001111111 2264 147616001437525 111100000000000000 747616001437525 19.12 12.51 6.90
0111100000001111111 2264 147616001437525 111000000001111111 107616001437525 19.12 16.68 9.60
0111100000001111111 2264 147616001437525 111100000001111111 117616001437525 19.12 16.68 9.60
0111100000001111111 2264 147616001437525 111100000001111111 127616001437525 19.12 16.68 9.60
0111100000001111111 2264 147616001437525 111100000001111111 137616001437525 19.12 16.68 9.60
0111100000001111111 2264 147616001437525 111100000001111111 157616001437525 19.12 16.68 9.60
0111100000001111111 2264 147616001437525 111110000001111111 167616001437525 19.12 16.68 9.60
0111100000001111111 2264 147616001437525 111110000000111111 177616001437525 19.12 16.68 9.60
0111100000001111111 2264 147616001437525 111100000000000000 140616001437525 19.12 12.51 6.90
0111100000001111111 2264 147616001437525 111100000000000000 141616001437525 19.12 12.51 6.90
0111100000001111111 2264 147616001437525 111100000000111111 142616001437525 19.12 16.68 9.60
0111100000001111111 2264 147616001437525 111100000000111111 143616001437525 19.12 16.68 9.60
0111100000001111111 2264 147616001437525 111100000001111111 144616001437525 19.12 16.68 9.60
0111100000001111111 2264 147616001437525 111100000001111111 145616001437525 19.12 16.68 9.60
0111100000001111111 2264 147616001437525 111100000001111111 146616001437525 19.12 16.68 9.60
0111100000001111111 2264 147616001437525 111111111000000011 147016001437525 19.12 16.68 9.60
0111100000001111111 2264 147616001437525 111111000000011111 147116001437525 19.12 16.68 9.60
0111100000001111111 2264 147616001437525 111111000000111111 147216001437525 19.12 16.68 9.60
0111100000001111111 2264 147616001437525 111110000000111111 147316001437525 19.12 16.68 9.60
0111100000001111111 2264 147616001437525 111110000001111111 147416001437525 19.12 16.68 9.60
0111100000001111111 2264 147616001437525 111100000001111111 147516001437525 19.12 16.68 9.60
0111100000001111111 2264 147616001437525 111100000001111111 147716001437525 19.12 16.68 9.60
0111100000001111111 2264 147616001437525 111110000000111111 147606001437525 19.12 16.68 9.60
0111100000001111111 2264 147616001437525 111100000001111111 147626001437525 19.12 16.68 9.60
0111100000001111111 2264 147616001437525 111100000001111111 147636001437525 19.12 16.68 9.60
0111100000001111111 2264 147616001437525 111100000001111111 147646001437525 19.12 16.68 9.60
0111100000001111111 2264 147616001437525 111100000001111111 147656001437525 19.12 16.68 9.60
0111100000001111111 2264 147616001437525 111100000001111111 147666001437525 19.12 16.68 9.60
0111100000001111111 2264 147616001437525 111100000001111111 147676001437525 19.12 16.68 9.60
0111100000001111111 2264 147616001437525 111100000001111111 147610001437525 19.12 16.68 9.60
0111100000001111111 2264 147616001437525 111100000001111111 147611001437525 19.12 16.68 9.60
0111100000001111111 2264 147616001437525 111100000011111111 147612001437525 19.12 16.68 9.60
0111100000001111111 2264 147616001437525 111100000001111111 147613001437525 19.12 16.68 9.60
0111100000001111111 2264 147616001437525 111100000001111111 147614001437525 19.12 16.68 9.60
0111100000001111111 2264 147616001437525 111100000001111111 147615001437525 19.12 16.68 9.60
0111100000001111111 2264 147616001437525 111100000000111111 147617001437525 19.12 16.68 9.60
0111100000001111111 2264 147616001437525 111110000001111111 147616101437525 19.12 16.68 9.60
0111100000001111111 2264 147616001437525 111111000000011111 147616201437525 19.12 16.68 9.60
0111100000001111111 2264 147616001437525 111111100000001111 147616301437525 19.12 16.68 9.60
0111100000001111111 2264 147616001437525 111111110000000111 147616401437525 19.12 16.68 9.60
0111100000001111111 2264 147616001437525 111111111000000011 147616501437525 19.12 16.68 9.60
0111100000001111111 2264 147616001437525 111111111100000001 147616601437525 19.12 14.59 9.60
0111100000001111111 2264 147616001437525 111111111110000000 147616701437525 19.12 12.51 6.90
0111100000001111111 2264 147616001437525 111100000001111111 147616011437525 19.12 16.68 9.60
0111100000001111111 2264 147616001437525 111100000001111111 147616021437525 19.12 16.68 9.60
0111100000001111111 2264 147616001437525 111100000001111111 147616031437525 19.12 16.68 9.60
0111100000001111111 2264 147616001437525 111100000001111111 147616041437525 19.12 16.68 9.60
0111100000001111111 2264 147616001437525 111100000001111111 147616051437525 19.12 16.68 9.60
0111100000001111111 2264 147616001437525 111100000001111111 147616061437525 19.12 16.68 9.60
0111100000001111111 2264 147616001437525 111100000001111111 147616071437525 19.12 16.68 9.60
0111100000001111111 2264 147616001437525 111111000000011111 147616000437525 19.12 16.68 9.60
0111100000001111111 2264 147616001437525 111000000011111111 147616002437525 19.12 16.68 9.60
0111100000001111111 2264 147616001437525 111000000011111111 147616003437525 19.12 16.68 9.60
0111100000001111111 2264 147616001437525 111000000011111111 147616004437525 19.12 16.68 9.60
0111100000001111111 2264 147616001437525 110000000111111111 147616005437525 19.12 16.68 6.90
0111100000001111111 2264 147616001437525 110000000111111111 147616006437525 19.12 16.68 6.90
0111100000001111111 2264 147616001437525 110000000111111111 147616007437525 19.12 16.68 6.90
0111100000001111111 2264 147616001437525 111111111000000001 147616001037525 19.12 14.59 9.60
0111100000001111111 2264 147616001437525 111111000000011111 147616001137525 19.12 16.68 9.60
0111100000001111111 2264 147616001437525 111110000000111111 147616001237525 19.12 16.68 9.60
0111100000001111111 2264 147616001437525 111110000001111111 147616001337525 19.12 16.68 9.60
0111100000001111111 2264 147616001437525 111100000001111111 147616001537525 19.12 16.68 9.60
0111100000001111111 2264 147616001437525 111100000001111111 147616001637525 19.12 16.68 9.60
0111100000001111111 2264 147616001437525 111100000001111111 147616001737525 19.12 16.68 9.60
0111100000001111111 2264 147616001437525 111100000000000111 147616001407525 19.12 16.68 12.20
0111100000001111111 2264 147616001437525 111100000000011111 147616001417525 19.12 16.68 12.20
0111100000001111111 2264 147616001437525 111100000000111111 147616001427525 19.12 16.68 9.60
0111100000001111111 2264 147616001437525 111100000001111111 147616001447525 19.12 16.68 9.60
0111100000001111111 2264 147616001437525 111110000001111111 147616001457525 19.12 16.68 9.60
0111100000001111111 2264 147616001437525 111110000001111111 147616001467525 19.12 16.68 9.60
0111100000001111111 2264 147616001437525 111110000001111111 147616001477525 19.12 16.68 9.60
0111100000001111111 2264 147616001437525 111111111111000000 147616001430525 19.12 12.51 6.90
0111100000001111111 2264 147616001437525 111111110000000000 147616001431525 19.12 12.51 6.90
0111100000001111111 2264 147616001437525 111111100000000001 147616001432525 19.12 14.59 9.60
0111100000001111111 2264 147616001437525 111111000000000111 147616001433525 19.12 16.68 12.20
0111100000001111111 2264 147616001437525 111110000000011111 147616001434525 19.12 16.68 9.60
0111100000001111111 2264 147616001437525 111110000000111111 147616001435525 19.12 16.68 9.60
0111100000001111111 2264 147616001437525 111110000000111111 147616001436525 19.12 16.68 9.60
0111100000001111111 2264 147616001437525 111100000000000001 147616001437025 19.12 14.59 9.60
0111100000001111111 2264 147616001437525 111100000000001111 147616001437125 19.12 16.68 12.20
0111100000001111111 2264 147616001437525 111100000000011111 147616001437225 19.12 16.68 12.20
0111100000001111111 2264 147616001437525 111100000000111111 147616001437325 19.12 16.68 9.60
0111100000001111111 2264 147616001437525 111100000000111111 147616001437425 19.12 16.68 9.60
0111100000001111111 2264 147616001437525 111100000001111111 147616001437625 19.12 16.68 9.60
0111100000001111111 2264 147616001437525 111100000001111111 147616001437725 19.12 16.68 9.60
0111100000001111111 2264 147616001437525 111100000000011111 147616001437505 19.12 16.68 12.20
0111100000001111111 2264 147616001437525 111100000001111111 147616001437515 19.12 16.68 9.60
0111100000001111111 2264 147616001437525 111110000001111111 147616001437535 19.12 16.68 9.60
0111100000001111111 2264 147616001437525 111110000000111111 147616001437545 19.12 16.68 9.60
0111100000001111111 2264 147616001437525 111110000000111111 147616001437555 19.12 16.68 9.60
0111100000001111111 2264 147616001437525 111111000000111111 147616001437565 19.12 16.68 9.60
0111100000001111111 2264 147616001437525 111111000000011111 147616001437575 19.12 16.68 9.60
0111100000001111111 2264 147616001437525 111111111111100000 147616001437520 19.12 12.51 9.60
0111100000001111111 2264 147616001437525 111111110000000111 147616001437521 19.12 16.68 9.60
0111100000001111111 2264 147616001437525 111111000000011111 147616001437522 19.12 16.68 9.60
0111100000001111111 2264 147616001437525 111110000000111111 147616001437523 19.12 16.68 9.60
0111100000001111111 2264 147616001437525 111110000000111111 147616001437524 19.12 16.68 9.60
0111100000001111111 2264 147616001437525 111100000001111111 147616001437526 19.12 16.68 9.60
0111100000001111111 2264 147616001437525 111100000001111111 147616001437527 19.12 16.68 9.60
0111100000001111111 2714 055175055547404 111100000000001111 155175055547404 19.12 16.68 12.20
0111100000001111111 2714 055175055547404 111100000000000000 255175055547404 19.12 12.51 6.90
0111100000001111111 2714 055175055547404 111100000000000000 355175055547404 19.12 12.51 6.90
0111100000001111111 2714 055175055547404 111100000000000000 455175055547404 19.12 12.51 6.90
0111100000001111111 2714 055175055547404 111100000000000000 555175055547404 19.12 12.51 6.90
0111100000001111111 2714 055175055547404 111100000000000000 655175055547404 19.12 12.51 6.90
0111100000001111111 2714 055175055547404 111100000000000000 755175055547404 19.12 12.51 6.90
0111100000001111111 2714 055175055547404 110000000111111111 005175055547404 19.12 16.68 6.90
0111100000001111111 2714 055175055547404 110000000011111111 015175055547404 19.12 16.68 9.60
0111100000001111111 2714 055175055547404 111000000011111111 025175055547404 19.12 16.68 9.60
0111100000001111111 2714 055175055547404 111000000011111111 035175055547404 19.12 16.68 9.60
0111100000001111111 2714 055175055547404 111000000001111111 045175055547404 19.12 16.68 9.60
0111100000001111111 2714 055175055547404 111100000001111111 065175055547404 19.12 16.68 9.60
0111100000001111111 2714 055175055547404 111100000001111111 075175055547404 19.12 16.68 9.60
0111100000001111111 2714 055175055547404 111100000000000000 050175055547404 19.12 12.51 6.90
0111100000001111111 2714 055175055547404 111100000000000000 051175055547404 19.12 12.51 6.90
0111100000001111111 2714 055175055547404 111100000000001111 052175055547404 19.12 16.68 12.20
0111100000001111111 2714 055175055547404 111100000000111111 053175055547404 19.12 16.68 9.60
0111100000001111111 2714 055175055547404 111100000001111111 054175055547404 19.12 16.68 9.60
0111100000001111111 2714 055175055547404 111100000001111111 056175055547404 19.12 16.68 9.60
0111100000001111111 2714 055175055547404 111100000001111111 057175055547404 19.12 16.68 9.60
0111100000001111111 2714 055175055547404 111110000000111111 055075055547404 19.12 16.68 9.60
0111100000001111111 2714 055175055547404 111000000011111111 055275055547404 19.12 16.68 9.60
0111100000001111111 2714 055175055547404 111000000011111111 055375055547404 19.12 16.68 9.60
0111100000001111111 2714 055175055547404 111000000011111111 055475055547404 19.12 16.68 9.60
0111100000001111111 2714 055175055547404 110000000011111111 055575055547404 19.12 16.68 9.60
0111100000001111111 2714 055175055547404 110000000011111111 055675055547404 19.12 16.68 9.60
0111100000001111111 2714 055175055547404 110000000011111111 055775055547404 19.12 16.68 9.60
0111100000001111111 2714 055175055547404 111110000000011111 055105055547404 19.12 16.68 9.60
0111100000001111111 2714 055175055547404 111100000000111111 055115055547404 19.12 16.68 9.60
0111100000001111111 2714 055175055547404 111100000001111111 055125055547404 19.12 16.68 9.60
0111100000001111111 2714 055175055547404 111100000001111111 055135055547404 19.12 16.68 9.60
0111100000001111111 2714 055175055547404 111100000001111111 055145055547404 19.12 16.68 9.60
0111100000001111111 2714 055175055547404 111100000001111111 055155055547404 19.12 16.68 9.60
0111100000001111111 2714 055175055547404 111100000001111111 055165055547404 19.12 16.68 9.60
0111100000001111111 2714 055175055547404 111100000001111111 055170055547404 19.12 16.68 9.60
0111100000001111111 2714 055175055547404 111100000001111111 055171055547404 19.12 16.68 9.60
0111100000001111111 2714 055175055547404 111100000001111111 055172055547404 19.12 16.68 9.60
0111100000001111111 2714 055175055547404 111100000001111111 055173055547404 19.12 16.68 9.60
0111100000001111111 2714 055175055547404 111100000001111111 055174055547404 19.12 16.68 9.60
0111100000001111111 2714 055175055547404 111100000000111111 055176055547404 19.12 16.68 9.60
0111100000001111111 2714 055175055547404 111100000000000000 055177055547404 19.12 12.51 6.90
0111100000001111111 2714 055175055547404 111100000001111111 055175155547404 19.12 16.68 9.60
0111100000001111111 2714 055175055547404 111100000001111111 055175255547404 19.12 16.68 9.60
0111100000001111111 2714 055175055547404 111100000001111111 055175355547404 19.12 16.68 9.60
0111100000001111111 2714 055175055547404 111100000000111111 055175455547404 19.12 16.68 9.60
0111100000001111111 2714 055175055547404 111100000000111111 055175555547404 19.12 16.68 9.60
0111100000001111111 2714 055175055547404 111100000000111111 055175655547404 19.12 16.68 9.60
0111100000001111111 2714 055175055547404 111110000000011111 055175755547404 19.12 16.68 9.60
0111100000001111111 2714 055175055547404 111100000001111111 055175005547404 19.12 16.68 9.60
0111100000001111111 2714 055175055547404 111100000001111111 055175015547404 19.12 16.68 9.60
0111100000001111111 2714 055175055547404 111100000001111111 055175025547404 19.12 16.68 9.60
0111100000001111111 2714 055175055547404 111100000001111111 055175035547404 19.12 16.68 9.60
0111100000001111111 2714 055175055547404 111100000001111111 055175045547404 19.12 16.68 9.60
0111100000001111111 2714 055175055547404 111100000001111111 055175065547404 19.12 16.68 9.60
0111100000001111111 2714 055175055547404 111100000001111111 055175075547404 19.12 16.68 9.60
0111100000001111111 2714 055175055547404 111111111100000000 055175050547404 19.12 12.51 6.90
0111100000001111111 2714 055175055547404 111111100000001111 055175051547404 19.12 16.68 9.60
0111100000001111111 2714 055175055547404 111110000000111111 055175052547404 19.12 16.68 9.60
0111100000001111111 2714 055175055547404 111110000000111111 055175053547404 19.12 16.68 9.60
0111100000001111111 2714 055175055547404 111100000001111111 055175054547404 19.12 16.68 9.60
0111100000001111111 2714 055175055547404 111000000001111111 055175056547404 19.12 16.68 9.60
0111100000001111111 2714 055175055547404 111000000001111111 055175057547404 19.12 16.68 9.60
0111100000001111111 2714 055175055547404 111110000000011111 055175055047404 19.12 16.68 9.60
0111100000001111111 2714 055175055547404 111100000001111111 055175055147404 19.12 16.68 9.60
0111100000001111111 2714 055175055547404 111100000001111111 055175055247404 19.12 16.68 9.60
0111100000001111111 2714 055175055547404 111100000001111111 055175055347404 19.12 16.68 9.60
0111100000001111111 2714 055175055547404 111100000001111111 055175055447404 19.12 16.68 9.60
0111100000001111111 2714 055175055547404 111100000001111111 055175055647404 19.12 16.68 9.60
0111100000001111111 2714 055175055547404 111100000001111111 055175055747404 19.12 16.68 9.60
0111100000001111111 2714 055175055547404 111000000000000011 055175055507404 19.12 16.68 12.20
0111100000001111111 2714 055175055547404 111000000000011111 055175055517404 19.12 16.68 12.20
0111100000001111111 2714 055175055547404 111000000000111111 055175055527404 19.12 16.68 12.20
0111100000001111111 2714 055175055547404 111100000001111111 055175055537404 19.12 16.68 9.60
0111100000001111111 2714 055175055547404 111100000001111111 055175055557404 19.12 16.68 9.60
0111100000001111111 2714 055175055547404 111100000001111111 055175055567404 19.12 16.68 9.60
0111100000001111111 2714 055175055547404 111100000001111111 055175055577404 19.12 16.68 9.60
0111100000001111111 2714 055175055547404 111111111111111111 055175055540404 19.12 4.17 4.30
0111100000001111111 2714 055175055547404 111111000000000000 055175055541404 19.12 12.51 6.90
0111100000001111111 2714 055175055547404 111110000000000001 055175055542404 19.12 14.59 9.60
0111100000001111111 2714 055175055547404 111110000000000111 055175055543404 19.12 16.68 12.20
0111100000001111111 2714 055175055547404 111100000000011111 055175055544404 19.12 16.68 12.20
0111100000001111111 2714 055175055547404 111100000000111111 055175055545404 19.12 16.68 9.60
0111100000001111111 2714 055175055547404 111100000000111111 055175055546404 19.12 16.68 9.60
0111100000001111111 2714 055175055547404 111100000000000111 055175055547004 19.12 16.68 12.20
0111100000001111111 2714 055175055547404 111100000000011111 055175055547104 19.12 16.68 12.20
0111100000001111111 2714 055175055547404 111100000000111111 055175055547204 19.12 16.68 9.60
0111100000001111111 2714 055175055547404 111100000001111111 055175055547304 19.12 16.68 9.60
0111100000001111111 2714 055175055547404 111100000001111111 055175055547504 19.12 16.68 9.60
0111100000001111111 2714 055175055547404 111100000011111111 055175055547604 19.12 16.68 9.60
0111100000001111111 2714 055175055547404 111100000011111111 055175055547704 19.12 16.68 9.60
0111100000001111111 2714 055175055547404 111100000001111111 055175055547414 19.12 16.68 9.60
0111100000001111111 2714 055175055547404 111100000001111111 055175055547424 19.12 16.68 9.60
0111100000001111111 2714 055175055547404 111100000001111111 055175055547434 19.12 16.68 9.60
0111100000001111111 2714 055175055547404 111100000001111111 055175055547444 19.12 16.68 9.60
0111100000001111111 2714 055175055547404 111100000001111111 055175055547454 19.12 16.68 9.60
0111100000001111111 2714 055175055547404 111110000001111111 055175055547464 19.12 16.68 9.60
0111100000001111111 2714 055175055547404 111110000001111111 055175055547474 19.12 16.68 9.60
0111100000001111111 2714 055175055547404 111111111000000011 055175055547400 19.12 16.68 9.60
0111100000001111111 2714 055175055547404 111111000000011111 055175055547401 19.12 16.68 9.60
0111100000001111111 2714 055175055547404 111110000000111111 055175055547402 19.12 16.68 9.60
0111100000001111111 2714 055175055547404 111100000001111111 055175055547403 19.12 16.68 9.60
0111100000001111111 2714 055175055547404 111000000001111111 055175055547405 19.12 16.68 9.60
0111100000001111111 2714 055175055547404 111000000011111111 055175055547406 19.12 16.68 9.60
0111100000001111111 2714 055175055547404 111000000011111111 055175055547407 19.12 16.68 9.60
0111100000001111111 2991 145643066256764 111100000001111111 045643066256764 19.12 16.68 9.60
0111100000001111111 2991 145643066256764 111100000001111111 245643066256764 19.12 16.68 9.60
0111100000001111111 2991 145643066256764 111100000001111111 345643066256764 19.12 16.68 9.60
0111100000001111111 2991 145643066256764 111100000001111111 445643066256764 19.12 16.68 9.60
0111100000001111111 2991 145643066256764 111100000000111111 545643066256764 19.12 16.68 9.60
0111100000001111111 2991 145643066256764 111100000000111111 645643066256764 19.12 16.68 9.60
0111100000001111111 2991 145643066256764 111100000000111111 745643066256764 19.12 16.68 9.60
0111100000001111111 2991 145643066256764 111100000001111111 105643066256764 19.12 16.68 9.60
0111100000001111111 2991 145643066256764 111100000001111111 115643066256764 19.12 16.68 9.60
0111100000001111111 2991 145643066256764 111100000001111111 125643066256764 19.12 16.68 9.60
0111100000001111111 2991 145643066256764 111100000001111111 135643066256764 19.12 16.68 9.60
0111100000001111111 2991 145643066256764 111100000001111111 155643066256764 19.12 16.68 9.60
0111100000001111111 2991 145643066256764 111110000001111111 165643066256764 19.12 16.68 9.60
0111100000001111111 2991 145643066256764 111110000001111111 175643066256764 19.12 16.68 9.60
0111100000001111111 2991 145643066256764 111100000000111111 140643066256764 19.12 16.68 9.60
0111100000001111111 2991 145643066256764 111100000000111111 141643066256764 19.12 16.68 9.60
0111100000001111111 2991 145643066256764 111100000001111111 142643066256764 19.12 16.68 9.60
0111100000001111111 2991 145643066256764 111100000001111111 143643066256764 19.12 16.68 9.60
0111100000001111111 2991 145643066256764 111100000001111111 144643066256764 19.12 16.68 9.60
0111100000001111111 2991 145643066256764 111100000001111111 146643066256764 19.12 16.68 9.60
0111100000001111111 2991 145643066256764 111100000001111111 147643066256764 19.12 16.68 9.60
0111100000001111111 2991 145643066256764 111111100000011111 145043066256764 19.12 16.68 9.60
0111100000001111111 2991 145643066256764 111110000000111111 145143066256764 19.12 16.68 9.60
0111100000001111111 2991 145643066256764 111110000000111111 145243066256764 19.12 16.68 9.60
0111100000001111111 2991 145643066256764 111110000001111111 145343066256764 19.12 16.68 9.60
0111100000001111111 2991 145643066256764 111110000001111111 145443066256764 19.12 16.68 9.60
0111100000001111111 2991 145643066256764 111100000001111111 145543066256764 19.12 16.68 9.60
0111100000001111111 2991 145643066256764 111100000001111111 145743066256764 19.12 16.68 9.60
0111100000001111111 2991 145643066256764 111110000011111111 145603066256764 19.12 16.68 12.20
0111100000001111111 2991 145643066256764 111100000001111111 145613066256764 19.12 16.68 9.60
0111100000001111111 2991 145643066256764 111100000001111111 145623066256764 19.12 16.68 9.60
0111100000001111111 2991 145643066256764 111100000001111111 145633066256764 19.12 16.68 9.60
0111100000001111111 2991 145643066256764 111100000001111111 145653066256764 19.12 16.68 9.60
0111100000001111111 2991 145643066256764 111100000001111111 145663066256764 19.12 16.68 9.60
0111100000001111111 2991 145643066256764 111100000001111111 145673066256764 19.12 16.68 9.60
0111100000001111111 2991 145643066256764 111100000000111111 145640066256764 19.12 16.68 9.60
0111100000001111111 2991 145643066256764 111100000000111111 145641066256764 19.12 16.68 9.60
0111100000001111111 2991 145643066256764 111100000001111111 145642066256764 19.12 16.68 9.60
0111100000001111111 2991 145643066256764 111100000001111111 145644066256764 19.12 16.68 9.60
0111100000001111111 2991 145643066256764 111100000001111111 145645066256764 19.12 16.68 9.60
0111100000001111111 2991 145643066256764 111110000001111111 145646066256764 19.12 16.68 9.60
0111100000001111111 2991 145643066256764 111110000001111111 145647066256764 19.12 16.68 9.60
0111100000001111111 2991 145643066256764 111111100000001111 145643166256764 19.12 16.68 9.60
0111100000001111111 2991 145643066256764 111111111000000011 145643266256764 19.12 16.68 9.60
0111100000001111111 2991 145643066256764 111111111110000000 145643366256764 19.12 12.51 6.90
0111100000001111111 2991 145643066256764 111111111111100000 145643466256764 19.12 12.51 9.60
0111100000001111111 2991 145643066256764 111111111111111000 145643566256764 19.12 12.51 9.60
0111100000001111111 2991 145643066256764 111111111111111111 145643666256764 19.12 4.17 4.30
0111100000001111111 2991 145643066256764 111111111111111111 145643766256764 19.12 4.17 4.30
0111100000001111111 2991 145643066256764 111100000001111111 145643006256764 19.12 16.68 9.60
0111100000001111111 2991 145643066256764 111100000001111111 145643016256764 19.12 16.68 9.60
0111100000001111111 2991 145643066256764 111100000001111111 145643026256764 19.12 16.68 9.60
0111100000001111111 2991 145643066256764 111100000001111111 145643036256764 19.12 16.68 9.60
0111100000001111111 2991 145643066256764 111100000001111111 145643046256764 19.12 16.68 9.60
0111100000001111111 2991 145643066256764 111100000001111111 145643056256764 19.12 16.68 9.60
0111100000001111111 2991 145643066256764 111100000001111111 145643076256764 19.12 16.68 9.60
0111100000001111111 2991 145643066256764 111111111111111111 145643060256764 19.12 4.17 4.30
0111100000001111111 2991 145643066256764 111111111110000001 145643061256764 19.12 14.59 9.60
0111100000001111111 2991 145643066256764 111111110000001111 145643062256764 19.12 16.68 9.60
0111100000001111111 2991 145643066256764 111111000000011111 145643063256764 19.12 16.68 9.60
0111100000001111111 2991 145643066256764 111110000000111111 145643064256764 19.12 16.68 9.60
0111100000001111111 2991 145643066256764 111110000001111111 145643065256764 19.12 16.68 9.60
0111100000001111111 2991 145643066256764 111100000001111111 145643067256764 19.12 16.68 9.60
0111100000001111111 2991 145643066256764 111111111000000001 145643066056764 19.12 14.59 9.60
0111100000001111111 2991 145643066256764 111111000000111111 145643066156764 19.12 16.68 9.60
0111100000001111111 2991 145643066256764 111100000011111111 145643066356764 19.12 16.68 9.60
0111100000001111111 2991 145643066256764 111000000011111111 145643066456764 19.12 16.68 9.60
0111100000001111111 2991 145643066256764 111000000011111111 145643066556764 19.12 16.68 9.60
0111100000001111111 2991 145643066256764 111000000111111111 145643066656764 19.12 16.68 9.60
0111100000001111111 2991 145643066256764 111000000111111111 145643066756764 19.12 16.68 9.60
0111100000001111111 2991 145643066256764 111000000000011111 145643066206764 19.12 16.68 12.20
0111100000001111111 2991 145643066256764 111100000000111111 145643066216764 19.12 16.68 9.60
0111100000001111111 2991 145643066256764 111100000000111111 145643066226764 19.12 16.68 9.60
0111100000001111111 2991 145643066256764 111100000001111111 145643066236764 19.12 16.68 9.60
0111100000001111111 2991 145643066256764 111100000001111111 145643066246764 19.12 16.68 9.60
0111100000001111111 2991 145643066256764 111110000001111111 145643066266764 19.12 16.68 9.60
0111100000001111111 2991 145643066256764 111110000001111111 145643066276764 19.12 16.68 9.60
0111100000001111111 2991 145643066256764 111111111111111110 145643066250764 19.12 10.42 6.90
0111100000001111111 2991 145643066256764 111111111100000000 145643066251764 19.12 12.51 6.90
0111100000001111111 2991 145643066256764 111111110000000000 145643066252764 19.12 12.51 6.90
0111100000001111111 2991 145643066256764 111111000000000011 145643066253764 19.12 16.68 12.20
0111100000001111111 2991 145643066256764 111110000000001111 145643066254764 19.12 16.68 12.20
0111100000001111111 2991 145643066256764 111110000000111111 145643066255764 19.12 16.68 9.60
0111100000001111111 2991 145643066256764 111100000011111111 145643066257764 19.12 16.68 9.60
0111100000001111111 2991 145643066256764 111100000000001111 145643066256064 19.12 16.68 12.20
0111100000001111111 2991 145643066256764 111100000000011111 145643066256164 19.12 16.68 12.20
0111100000001111111 2991 145643066256764 111100000000011111 145643066256264 19.12 16.68 12.20
0111100000001111111 2991 145643066256764 111100000000111111 145643066256364 19.12 16.68 9.60
0111100000001111111 2991 145643066256764 111100000000111111 145643066256464 19.12 16.68 9.60
0111100000001111111 2991 145643066256764 111100000000111111 145643066256564 19.12 16.68 9.60
0111100000001111111 2991 145643066256764 111100000001111111 145643066256664 19.12 16.68 9.60
0111100000001111111 2991 145643066256764 110000000111111111 145643066256704 19.12 16.68 6.90
0111100000001111111 2991 145643066256764 111000000111111111 145643066256714 19.12 16.68 9.60
0111100000001111111 2991 145643066256764 111000000011111111 145643066256724 19.12 16.68 9.60
0111100000001111111 2991 145643066256764 111000000011111111 145643066256734 19.12 16.68 9.60
0111100000001111111 2991 145643066256764 111100000011111111 145643066256744 19.12 16.68 9.60
0111100000001111111 2991 145643066256764 111100000001111111 145643066256754 19.12 16.68 9.60
0111100000001111111 2991 145643066256764 111110000001111111 145643066256774 19.12 16.68 9.60
0111100000001111111 2991 145643066256764 111111111111110000 145643066256760 19.12 12.51 9.60
0111100000001111111 2991 145643066256764 111111110000000111 145643066256761 19.12 16.68 9.60
0111100000001111111 2991 145643066256764 111111000000011111 145643066256762 19.12 16.68 9.60
0111100000001111111 2991 145643066256764 111110000000111111 145643066256763 19.12 16.68 9.60
0111100000001111111 2991 145643066256764 111100000001111111 145643066256765 19.12 16.68 9.60
0111100000001111111 2991 145643066256764 111000000011111111 145643066256766 19.12 16.68 9.60
0111100000001111111 2991 145643066256764 111000000011111111 145643066256767 19.12 16.68 9.60
0111100000001111111 3457 056653005654754 111100000000111111 156653005654754 19.12 16.68 9.60
0111100000001111111 3457 056653005654754 111000000000111111 256653005654754 19.12 16.68 12.20
0111100000001111111 3457 056653005654754 111000000000111111 356653005654754 19.12 16.68 12.20
0111100000001111111 3457 056653005654754 111000000000111111 456653005654754 19.12 16.68 12.20
0111100000001111111 3457 056653005654754 111000000000111111 556653005654754 19.12 16.68 12.20
0111100000001111111 3457 056653005654754 111000000000011111 656653005654754 19.12 16.68 12.20
0111100000001111111 3457 056653005654754 111000000000011111 756653005654754 19.12 16.68 12.20
0111100000001111111 3457 056653005654754 111000000001111111 006653005654754 19.12 16.68 9.60
0111100000001111111 3457 056653005654754 111000000001111111 016653005654754 19.12 16.68 9.60
0111100000001111111 3457 056653005654754 111000000001111111 026653005654754 19.12 16.68 9.60
0111100000001111111 3457 056653005654754 111000000001111111 036653005654754 19.12 16.68 9.60
0111100000001111111 3457 056653005654754 111100000001111111 046653005654754 19.12 16.68 9.60
0111100000001111111 3457 056653005654754 111100000001111111 066653005654754 19.12 16.68 9.60
0111100000001111111 3457 056653005654754 111100000000111111 076653005654754 19.12 16.68 9.60
0111100000001111111 3457 056653005654754 111000000000011111 050653005654754 19.12 16.68 12.20
0111100000001111111 3457 056653005654754 111100000000111111 051653005654754 19.12 16.68 9.60
0111100000001111111 3457 056653005654754 111100000000111111 052653005654754 19.12 16.68 9.60
0111100000001111111 3457 056653005654754 111100000000111111 053653005654754 19.12 16.68 9.60
0111100000001111111 3457 056653005654754 111100000000111111 054653005654754 19.12 16.68 9.60
0111100000001111111 3457 056653005654754 111100000001111111 055653005654754 19.12 16.68 9.60
0111100000001111111 3457 056653005654754 111100000001111111 057653005654754 19.12 16.68 9.60
0111100000001111111 3457 056653005654754 111111100000000111 056053005654754 19.12 16.68 9.60
0111100000001111111 3457 056653005654754 111110000000011111 056153005654754 19.12 16.68 9.60
0111100000001111111 3457 056653005654754 111110000000111111 056253005654754 19.12 16.68 9.60
0111100000001111111 3457 056653005654754 111100000000111111 056353005654754 19.12 16.68 9.60
0111100000001111111 3457 056653005654754 111100000000111111 056453005654754 19.12 16.68 9.60
0111100000001111111 3457 056653005654754 111100000001111111 056553005654754 19.12 16.68 9.60
0111100000001111111 3457 056653005654754 111100000001111111 056753005654754 19.12 16.68 9.60
0111100000001111111 3457 056653005654754 111100000011111111 056603005654754 19.12 16.68 9.60
0111100000001111111 3457 056653005654754 111100000001111111 056613005654754 19.12 16.68 9.60
0111100000001111111 3457 056653005654754 111100000001111111 056623005654754 19.12 16.68 9.60
0111100000001111111 3457 056653005654754 111100000001111111 056633005654754 19.12 16.68 9.60
0111100000001111111 3457 056653005654754 111100000001111111 056643005654754 19.12 16.68 9.60
0111100000001111111 3457 056653005654754 111100000001111111 056663005654754 19.12 16.68 9.60
0111100000001111111 3457 056653005654754 111100000000111111 056673005654754 19.12 16.68 9.60
0111100000001111111 3457 056653005654754 111100000000011111 056650005654754 19.12 16.68 12.20
0111100000001111111 3457 056653005654754 111100000000111111 056651005654754 19.12 16.68 9.60
0111100000001111111 3457 056653005654754 111100000000111111 056652005654754 19.12 16.68 9.60
0111100000001111111 3457 056653005654754 111100000001111111 056654005654754 19.12 16.68 9.60
0111100000001111111 3457 056653005654754 111100000001111111 056655005654754 19.12 16.68 9.60
0111100000001111111 3457 056653005654754 111100000001111111 056656005654754 19.12 16.68 9.60
0111100000001111111 3457 056653005654754 111100000001111111 056657005654754 19.12 16.68 9.60
0111100000001111111 3457 056653005654754 111110000000011111 056653105654754 19.12 16.68 9.60
0111100000001111111 3457 056653005654754 111111000000000111 056653205654754 19.12 16.68 12.20
0111100000001111111 3457 056653005654754 111111110000000001 056653305654754 19.12 14.59 9.60
0111100000001111111 3457 056653005654754 111111111000000000 056653405654754 19.12 12.51 6.90
0111100000001111111 3457 056653005654754 111111111110000000 056653505654754 19.12 12.51 6.90
0111100000001111111 3457 056653005654754 111111111111000000 056653605654754 19.12 12.51 6.90
0111100000001111111 3457 056653005654754 111111111111100000 056653705654754 19.12 12.51 9.60
0111100000001111111 3457 056653005654754 111100000001111111 056653015654754 19.12 16.68 9.60
0111100000001111111 3457 056653005654754 111100000001111111 056653025654754 19.12 16.68 9.60
0111100000001111111 3457 056653005654754 111100000001111111 056653035654754 19.12 16.68 9.60
0111100000001111111 3457 056653005654754 111100000001111111 056653045654754 19.12 16.68 9.60
0111100000001111111 3457 056653005654754 111100000001111111 056653055654754 19.12 16.68 9.60
0111100000001111111 3457 056653005654754 111100000001111111 056653065654754 19.12 16.68 9.60
0111100000001111111 3457 056653005654754 111100000001111111 056653075654754 19.12 16.68 9.60
0111100000001111111 3457 056653005654754 111111111111100000 056653000654754 19.12 12.51 9.60
0111100000001111111 3457 056653005654754 111111110000000111 056653001654754 19.12 16.68 9.60
0111100000001111111 3457 056653005654754 111111000000011111 056653002654754 19.12 16.68 9.60
0111100000001111111 3457 056653005654754 111110000000111111 056653003654754 19.12 16.68 9.60
0111100000001111111 3457 056653005654754 111100000000111111 056653004654754 19.12 16.68 9.60
0111100000001111111 3457 056653005654754 111000000001111111 056653006654754 19.12 16.68 9.60
0111100000001111111 3457 056653005654754 111000000001111111 056653007654754 19.12 16.68 9.60
0111100000001111111 3457 056653005654754 111111111111100000 056653005054754 19.12 12.51 9.60
0111100000001111111 3457 056653005654754 111111110000000111 056653005154754 19.12 16.68 9.60
0111100000001111111 3457 056653005654754 111111000000001111 056653005254754 19.12 16.68 9.60
0111100000001111111 3457 056653005654754 111110000000011111 056653005354754 19.12 16.68 9.60
0111100000001111111 3457 056653005654754 111100000000111111 056653005454754 19.12 16.68 9.60
0111100000001111111 3457 056653005654754 111100000000111111 056653005554754 19.12 16.68 9.60
0111100000001111111 3457 056653005654754 111000000001111111 056653005754754 19.12 16.68 9.60
0111100000001111111 3457 056653005654754 111000000000000111 056653005604754 19.12 16.68 12.20
0111100000001111111 3457 056653005654754 111000000000011111 056653005614754 19.12 16.68 12.20
0111100000001111111 3457 056653005654754 111000000000111111 056653005624754 19.12 16.68 12.20
0111100000001111111 3457 056653005654754 111000000000111111 056653005634754 19.12 16.68 12.20
0111100000001111111 3457 056653005654754 111100000001111111 056653005644754 19.12 16.68 9.60
0111100000001111111 3457 056653005654754 111100000001111111 056653005664754 19.12 16.68 9.60
0111100000001111111 3457 056653005654754 111100000001111111 056653005674754 19.12 16.68 9.60
0111100000001111111 3457 056653005654754 111111110000000000 056653005650754 19.12 12.51 6.90
0111100000001111111 3457 056653005654754 111111000000000000 056653005651754 19.12 12.51 6.90
0111100000001111111 3457 056653005654754 111110000000000111 056653005652754 19.12 16.68 12.20
0111100000001111111 3457 056653005654754 111100000000011111 056653005653754 19.12 16.68 12.20
0111100000001111111 3457 056653005654754 111000000011111111 056653005655754 19.12 16.68 9.60
0111100000001111111 3457 056653005654754 111000000111111111 056653005656754 19.12 16.68 9.60
0111100000001111111 3457 056653005654754 111000000111111111 056653005657754 19.12 16.68 9.60
0111100000001111111 3457 056653005654754 111100000000000011 056653005654054 19.12 16.68 12.20
0111100000001111111 3457 056653005654754 111100000000001111 056653005654154 19.12 16.68 12.20
0111100000001111111 3457 056653005654754 111100000000011111 056653005654254 19.12 16.68 12.20
0111100000001111111 3457 056653005654754 111100000000011111 056653005654354 19.12 16.68 12.20
0111100000001111111 3457 056653005654754 111100000000111111 056653005654454 19.12 16.68 9.60
0111100000001111111 3457 056653005654754 111100000000111111 056653005654554 19.12 16.68 9.60
0111100000001111111 3457 056653005654754 111100000000111111 056653005654654 19.12 16.68 9.60
0111100000001111111 3457 056653005654754 111000000011111111 056653005654704 19.12 16.68 9.60
0111100000001111111 3457 056653005654754 111000000011111111 056653005654714 19.12 16.68 9.60
0111100000001111111 3457 056653005654754 111000000001111111 056653005654724 19.12 16.68 9.60
0111100000001111111 3457 056653005654754 111000000001111111 056653005654734 19.12 16.68 9.60
0111100000001111111 3457 056653005654754 111000000001111111 056653005654744 19.12 16.68 9.60
0111100000001111111 3457 056653005654754 111100000000111111 056653005654764 19.12 16.68 9.60
0111100000001111111 3457 056653005654754 111100000000111111 056653005654774 19.12 16.68 9.60
0111100000001111111 3457 056653005654754 111111111110000000 056653005654750 19.12 12.51 6.90
0111100000001111111 3457 056653005654754 111111100000001111 056653005654751 19.12 16.68 9.60
0111100000001111111 3457 056653005654754 111110000000011111 056653005654752 19.12 16.68 9.60
0111100000001111111 3457 056653005654754 111100000000111111 056653005654753 19.12 16.68 9.60
0111100000001111111 3457 056653005654754 111000000001111111 056653005654755 19.12 16.68 9.60
0111100000001111111 3457 056653005654754 111000000001111111 056653005654756 19.12 16.68 9.60
0111100000001111111 3457 056653005654754 111000000011111111 056653005654757 19.12 16.68 9.60
0111100000001111111 3527 755406247466546 111100000011111111 055406247466546 19.12 16.68 9.60
0111100000001111111 3527 755406247466546 111100000011111111 155406247466546 19.12 16.68 9.60
0111100000001111111 3527 755406247466546 111100000011111111 255406247466546 19.12 16.68 9.60
0111100000001111111 3527 755406247466546 111100000001111111 355406247466546 19.12 16.68 9.60
0111100000001111111 3527 755406247466546 111100000001111111 455406247466546 19.12 16.68 9.60
0111100000001111111 3527 755406247466546 111100000001111111 555406247466546 19.12 16.68 9.60
0111100000001111111 3527 755406247466546 111100000001111111 655406247466546 19.12 16.68 9.60
0111100000001111111 3527 755406247466546 111000000011111111 705406247466546 19.12 16.68 9.60
0111100000001111111 3527 755406247466546 111000000011111111 715406247466546 19.12 16.68 9.60
0111100000001111111 3527 755406247466546 111000000001111111 725406247466546 19.12 16.68 9.60
0111100000001111111 3527 755406247466546 111000000001111111 735406247466546 19.12 16.68 9.60
0111100000001111111 3527 755406247466546 111100000001111111 745406247466546 19.12 16.68 9.60
0111100000001111111 3527 755406247466546 111100000001111111 765406247466546 19.12 16.68 9.60
0111100000001111111 3527 755406247466546 111100000001111111 775406247466546 19.12 16.68 9.60
0111100000001111111 3527 755406247466546 111000000001111111 750406247466546 19.12 16.68 9.60
0111100000001111111 3527 755406247466546 111000000001111111 751406247466546 19.12 16.68 9.60
0111100000001111111 3527 755406247466546 111000000001111111 752406247466546 19.12 16.68 9.60
0111100000001111111 3527 755406247466546 111100000001111111 753406247466546 19.12 16.68 9.60
0111100000001111111 3527 755406247466546 111100000001111111 754406247466546 19.12 16.68 9.60
0111100000001111111 3527 755406247466546 111100000001111111 756406247466546 19.12 16.68 9.60
0111100000001111111 3527 755406247466546 111100000001111111 757406247466546 19.12 16.68 9.60
0111100000001111111 3527 755406247466546 111111000000111111 755006247466546 19.12 16.68 9.60
0111100000001111111 3527 755406247466546 111110000001111111 755106247466546 19.12 16.68 9.60
0111100000001111111 3527 755406247466546 111100000001111111 755206247466546 19.12 16.68 9.60
0111100000001111111 3527 755406247466546 111100000001111111 755306247466546 19.12 16.68 9.60
0111100000001111111 3527 755406247466546 111100000001111111 755506247466546 19.12 16.68 9.60
0111100000001111111 3527 755406247466546 111100000001111111 755606247466546 19.12 16.68 9.60
0111100000001111111 3527 755406247466546 111000000001111111 755706247466546 19.12 16.68 9.60
0111100000001111111 3527 755406247466546 111100000001111111 755416247466546 19.12 16.68 9.60
0111100000001111111 3527 755406247466546 111100000000111111 755426247466546 19.12 16.68 9.60
0111100000001111111 3527 755406247466546 111100000000111111 755436247466546 19.12 16.68 9.60
0111100000001111111 3527 755406247466546 111100000000111111 755446247466546 19.12 16.68 9.60
0111100000001111111 3527 755406247466546 111100000000111111 755456247466546 19.12 16.68 9.60
0111100000001111111 3527 755406247466546 111100000000111111 755466247466546 19.12 16.68 9.60
0111100000001111111 3527 755406247466546 111100000000111111 755476247466546 19.12 16.68 9.60
0111100000001111111 3527 755406247466546 111100000000011111 755400247466546 19.12 16.68 12.20
0111100000001111111 3527 755406247466546 111100000000111111 755401247466546 19.12 16.68 9.60
0111100000001111111 3527 755406247466546 111100000000111111 755402247466546 19.12 16.68 9.60
0111100000001111111 3527 755406247466546 111100000001111111 755403247466546 19.12 16.68 9.60
0111100000001111111 3527 755406247466546 111100000001111111 755404247466546 19.12 16.68 9.60
0111100000001111111 3527 755406247466546 111100000001111111 755405247466546 19.12 16.68 9.60
0111100000001111111 3527 755406247466546 111100000001111111 755407247466546 19.12 16.68 9.60
0111100000001111111 3527 755406247466546 111000000011111111 755406047466546 19.12 16.68 9.60
0111100000001111111 3527 755406247466546 111000000011111111 755406147466546 19.12 16.68 9.60
0111100000001111111 3527 755406247466546 111100000000111111 755406347466546 19.12 16.68 9.60
0111100000001111111 3527 755406247466546 111110000000011111 755406447466546 19.12 16.68 9.60
0111100000001111111 3527 755406247466546 111111000000011111 755406547466546 19.12 16.68 9.60
0111100000001111111 3527 755406247466546 111111000000001111 755406647466546 19.12 16.68 9.60
0111100000001111111 3527 755406247466546 111111100000000111 755406747466546 19.12 16.68 9.60
0111100000001111111 3527 755406247466546 111100000001111111 755406207466546 19.12 16.68 9.60
0111100000001111111 3527 755406247466546 111100000001111111 755406217466546 19.12 16.68 9.60
0111100000001111111 3527 755406247466546 111100000001111111 755406227466546 19.12 16.68 9.60
0111100000001111111 3527 755406247466546 111100000001111111 755406237466546 19.12 16.68 9.60
0111100000001111111 3527 755406247466546 111100000001111111 755406257466546 19.12 16.68 9.60
0111100000001111111 3527 755406247466546 111100000001111111 755406267466546 19.12 16.68 9.60
0111100000001111111 3527 755406247466546 111100000001111111 755406277466546 19.12 16.68 9.60
0111100000001111111 3527 755406247466546 111111111111111110 755406240466546 19.12 10.42 6.90
0111100000001111111 3527 755406247466546 111111111100000001 755406241466546 19.12 14.59 9.60
0111100000001111111 3527 755406247466546 111111100000001111 755406242466546 19.12 16.68 9.60
0111100000001111111 3527 755406247466546 111111000000011111 755406243466546 19.12 16.68 9.60
0111100000001111111 3527 755406247466546 111110000000111111 755406244466546 19.12 16.68 9.60
0111100000001111111 3527 755406247466546 111110000000111111 755406245466546 19.12 16.68 9.60
0111100000001111111 3527 755406247466546 111100000001111111 755406246466546 19.12 16.68 9.60
0111100000001111111 3527 755406247466546 111111111111000000 755406247066546 19.12 12.51 6.90
0111100000001111111 3527 755406247466546 111111100000001111 755406247166546 19.12 16.68 9.60
0111100000001111111 3527 755406247466546 111110000000111111 755406247266546 19.12 16.68 9.60
0111100000001111111 3527 755406247466546 111100000001111111 755406247366546 19.12 16.68 9.60
0111100000001111111 3527 755406247466546 111000000011111111 755406247566546 19.12 16.68 9.60
0111100000001111111 3527 755406247466546 111000000011111111 755406247666546 19.12 16.68 9.60
0111100000001111111 3527 755406247466546 111000000011111111 755406247766546 19.12 16.68 9.60
0111100000001111111 3527 755406247466546 111000000000001111 755406247406546 19.12 16.68 12.20
0111100000001111111 3527 755406247466546 111000000000111111 755406247416546 19.12 16.68 12.20
0111100000001111111 3527 755406247466546 111000000000111111 755406247426546 19.12 16.68 12.20
0111100000001111111 3527 755406247466546 111000000001111111 755406247436546 19.12 16.68 9.60
0111100000001111111 3527 755406247466546 111000000001111111 755406247446546 19.12 16.68 9.60
0111100000001111111 3527 755406247466546 111100000001111111 755406247456546 19.12 16.68 9.60
0111100000001111111 3527 755406247466546 111100000001111111 755406247476546 19.12 16.68 9.60
0111100000001111111 3527 755406247466546 111111111111111000 755406247460546 19.12 12.51 9.60
0111100000001111111 3527 755406247466546 111111111000000000 755406247461546 19.12 12.51 6.90
0111100000001111111 3527 755406247466546 111111100000000000 755406247462546 19.12 12.51 6.90
0111100000001111111 3527 755406247466546 111110000000000011 755406247463546 19.12 16.68 12.20
0111100000001111111 3527 755406247466546 111110000000001111 755406247464546 19.12 16.68 12.20
0111100000001111111 3527 755406247466546 111100000000111111 755406247465546 19.12 16.68 9.60
0111100000001111111 3527 755406247466546 111000000011111111 755406247467546 19.12 16.68 9.60
0111100000001111111 3527 755406247466546 111100000000001111 755406247466046 19.12 16.68 12.20
0111100000001111111 3527 755406247466546 111100000000011111 755406247466146 19.12 16.68 12.20
0111100000001111111 3527 755406247466546 111100000000111111 755406247466246 19.12 16.68 9.60
0111100000001111111 3527 755406247466546 111100000001111111 755406247466346 19.12 16.68 9.60
0111100000001111111 3527 755406247466546 111100000001111111 755406247466446 19.12 16.68 9.60
0111100000001111111 3527 755406247466546 111100000001111111 755406247466646 19.12 16.68 9.60
0111100000001111111 3527 755406247466546 111100000011111111 755406247466746 19.12 16.68 9.60
0111100000001111111 3527 755406247466546 110000000111111111 755406247466506 19.12 16.68 6.90
0111100000001111111 3527 755406247466546 111000000011111111 755406247466516 19.12 16.68 9.60
0111100000001111111 3527 755406247466546 111000000011111111 755406247466526 19.12 16.68 9.60
0111100000001111111 3527 755406247466546 111000000011111111 755406247466536 19.12 16.68 9.60
0111100000001111111 3527 755406247466546 111100000001111111 755406247466556 19.12 16.68 9.60
0111100000001111111 3527 755406247466546 111110000000111111 755406247466566 19.12 16.68 9.60
0111100000001111111 3527 755406247466546 111110000000111111 755406247466576 19.12 16.68 9.60
0111100000001111111 3527 755406247466546 111111111111111000 755406247466540 19.12 12.51 9.60
0111100000001111111 3527 755406247466546 111111111000000011 755406247466541 19.12 16.68 9.60
0111100000001111111 3527 755406247466546 111111100000011111 755406247466542 19.12 16.68 9.60
0111100000001111111 3527 755406247466546 111110000000111111 755406247466543 19.12 16.68 9.60
0111100000001111111 3527 755406247466546 111110000000111111 755406247466544 19.12 16.68 9.60
0111100000001111111 3527 755406247466546 111100000001111111 755406247466545 19.12 16.68 9.60
0111100000001111111 3527 755406247466546 111000000001111111 755406247466547 19.12 16.68 9.60
0111100000001111111 3531 016526207654756 111100000000111111 116526207654756 19.12 16.68 9.60
0111100000001111111 3531 016526207654756 111100000000111111 216526207654756 19.12 16.68 9.60
0111100000001111111 3531 016526207654756 111100000000011111 316526207654756 19.12 16.68 12.20
0111100000001111111 3531 016526207654756 111000000000011111 416526207654756 19.12 16.68 12.20
0111100000001111111 3531 016526207654756 111000000000011111 516526207654756 19.12 16.68 12.20
0111100000001111111 3531 016526207654756 111000000000011111 616526207654756 19.12 16.68 12.20
0111100000001111111 3531 016526207654756 111000000000011111 716526207654756 19.12 16.68 12.20
0111100000001111111 3531 016526207654756 111100000001111111 006526207654756 19.12 16.68 9.60
0111100000001111111 3531 016526207654756 111100000000111111 026526207654756 19.12 16.68 9.60
0111100000001111111 3531 016526207654756 111100000000111111 036526207654756 19.12 16.68 9.60
0111100000001111111 3531 016526207654756 111100000000111111 046526207654756 19.12 16.68 9.60
0111100000001111111 3531 016526207654756 111100000000111111 056526207654756 19.12 16.68 9.60
0111100000001111111 3531 016526207654756 111100000000111111 066526207654756 19.12 16.68 9.60
0111100000001111111 3531 016526207654756 111100000000111111 076526207654756 19.12 16.68 9.60
0111100000001111111 3531 016526207654756 111000000000011111 010526207654756 19.12 16.68 12.20
0111100000001111111 3531 016526207654756 111100000000011111 011526207654756 19.12 16.68 12.20
0111100000001111111 3531 016526207654756 111100000000111111 012526207654756 19.12 16.68 9.60
0111100000001111111 3531 016526207654756 111100000000111111 013526207654756 19.12 16.68 9.60
0111100000001111111 3531 016526207654756 111100000000111111 014526207654756 19.12 16.68 9.60
0111100000001111111 3531 016526207654756 111100000000111111 015526207654756 19.12 16.68 9.60
0111100000001111111 3531 016526207654756 111100000001111111 017526207654756 19.12 16.68 9.60
0111100000001111111 3531 016526207654756 111110000000111111 016026207654756 19.12 16.68 9.60
0111100000001111111 3531 016526207654756 111100000000111111 016126207654756 19.12 16.68 9.60
0111100000001111111 3531 016526207654756 111100000000111111 016226207654756 19.12 16.68 9.60
0111100000001111111 3531 016526207654756 111100000000111111 016326207654756 19.12 16.68 9.60
0111100000001111111 3531 016526207654756 111100000000111111 016426207654756 19.12 16.68 9.60
0111100000001111111 3531 016526207654756 111100000001111111 016626207654756 19.12 16.68 9.60
0111100000001111111 3531 016526207654756 111100000001111111 016726207654756 19.12 16.68 9.60
0111100000001111111 3531 016526207654756 111100000001111111 016506207654756 19.12 16.68 9.60
0111100000001111111 3531 016526207654756 111100000001111111 016516207654756 19.12 16.68 9.60
0111100000001111111 3531 016526207654756 111100000000111111 016536207654756 19.12 16.68 9.60
0111100000001111111 3531 016526207654756 111100000000111111 016546207654756 19.12 16.68 9.60
0111100000001111111 3531 016526207654756 111100000000111111 016556207654756 19.12 16.68 9.60
0111100000001111111 3531 016526207654756 111100000000111111 016566207654756 19.12 16.68 9.60
0111100000001111111 3531 016526207654756 111100000000111111 016576207654756 19.12 16.68 9.60
0111100000001111111 3531 016526207654756 111100000000001111 016520207654756 19.12 16.68 12.20
0111100000001111111 3531 016526207654756 111100000000011111 016521207654756 19.12 16.68 12.20
0111100000001111111 3531 016526207654756 111100000000111111 016522207654756 19.12 16.68 9.60
0111100000001111111 3531 016526207654756 111100000000111111 016523207654756 19.12 16.68 9.60
0111100000001111111 3531 016526207654756 111100000000111111 016524207654756 19.12 16.68 9.60
0111100000001111111 3531 016526207654756 111100000000111111 016525207654756 19.12 16.68 9.60
0111100000001111111 3531 016526207654756 111100000001111111 016527207654756 19.12 16.68 9.60
0111100000001111111 3531 016526207654756 110000000111111111 016526007654756 19.12 16.68 6.90
0111100000001111111 3531 016526207654756 111000000011111111 016526107654756 19.12 16.68 9.60
0111100000001111111 3531 016526207654756 111110000000011111 016526307654756 19.12 16.68 9.60
0111100000001111111 3531 016526207654756 111110000000001111 016526407654756 19.12 16.68 12.20
0111100000001111111 3531 016526207654756 111111000000001111 016526507654756 19.12 16.68 9.60
0111100000001111111 3531 016526207654756 111111100000000111 016526607654756 19.12 16.68 9.60
0111100000001111111 3531 016526207654756 111111110000000011 016526707654756 19.12 16.68 9.60
0111100000001111111 3531 016526207654756 111100000001111111 016526217654756 19.12 16.68 9.60
0111100000001111111 3531 016526207654756 111100000001111111 016526227654756 19.12 16.68 9.60
0111100000001111111 3531 016526207654756 111100000001111111 016526237654756 19.12 16.68 9.60
0111100000001111111 3531 016526207654756 111100000001111111 016526247654756 19.12 16.68 9.60
0111100000001111111 3531 016526207654756 111100000001111111 016526257654756 19.12 16.68 9.60
0111100000001111111 3531 016526207654756 111100000001111111 016526267654756 19.12 16.68 9.60
0111100000001111111 3531 016526207654756 111100000001111111 016526277654756 19.12 16.68 9.60
0111100000001111111 3531 016526207654756 111111111111111111 016526200654756 19.12 4.17 4.30
0111100000001111111 3531 016526207654756 111111111110000000 016526201654756 19.12 12.51 6.90
0111100000001111111 3531 016526207654756 111111110000000111 016526202654756 19.12 16.68 9.60
0111100000001111111 3531 016526207654756 111111000000001111 016526203654756 19.12 16.68 9.60
0111100000001111111 3531 016526207654756 111110000000011111 016526204654756 19.12 16.68 9.60
0111100000001111111 3531 016526207654756 111110000000111111 016526205654756 19.12 16.68 9.60
0111100000001111111 3531 016526207654756 111100000000111111 016526206654756 19.12 16.68 9.60
0111100000001111111 3531 016526207654756 111111111111111111 016526207054756 19.12 4.17 4.30
0111100000001111111 3531 016526207654756 111111111100000000 016526207154756 19.12 12.51 6.90
0111100000001111111 3531 016526207654756 111111100000000111 016526207254756 19.12 16.68 9.60
0111100000001111111 3531 016526207654756 111111000000011111 016526207354756 19.12 16.68 9.60
0111100000001111111 3531 016526207654756 111110000000011111 016526207454756 19.12 16.68 9.60
0111100000001111111 3531 016526207654756 111100000000111111 016526207554756 19.12 16.68 9.60
0111100000001111111 3531 016526207654756 111000000001111111 016526207754756 19.12 16.68 9.60
0111100000001111111 3531 016526207654756 111000000000001111 016526207604756 19.12 16.68 12.20
0111100000001111111 3531 016526207654756 111000000000011111 016526207614756 19.12 16.68 12.20
0111100000001111111 3531 016526207654756 111000000000111111 016526207624756 19.12 16.68 12.20
0111100000001111111 3531 016526207654756 111000000000111111 016526207634756 19.12 16.68 12.20
0111100000001111111 3531 016526207654756 111100000000111111 016526207644756 19.12 16.68 9.60
0111100000001111111 3531 016526207654756 111100000001111111 016526207664756 19.12 16.68 9.60
0111100000001111111 3531 016526207654756 111100000000111111 016526207674756 19.12 16.68 9.60
0111100000001111111 3531 016526207654756 111111111110000000 016526207650756 19.12 12.51 6.90
0111100000001111111 3531 016526207654756 111111100000000000 016526207651756 19.12 12.51 6.90
0111100000001111111 3531 016526207654756 111110000000000011 016526207652756 19.12 16.68 12.20
0111100000001111111 3531 016526207654756 111100000000011111 016526207653756 19.12 16.68 12.20
0111100000001111111 3531 016526207654756 111000000011111111 016526207655756 19.12 16.68 9.60
0111100000001111111 3531 016526207654756 111000000111111111 016526207656756 19.12 16.68 9.60
0111100000001111111 3531 016526207654756 111000000111111111 016526207657756 19.12 16.68 9.60
0111100000001111111 3531 016526207654756 111100000000000011 016526207654056 19.12 16.68 12.20
0111100000001111111 3531 016526207654756 111100000000000111 016526207654156 19.12 16.68 12.20
0111100000001111111 3531 016526207654756 111100000000001111 016526207654256 19.12 16.68 12.20
0111100000001111111 3531 016526207654756 111100000000011111 016526207654356 19.12 16.68 12.20
0111100000001111111 3531 016526207654756 111100000000011111 016526207654456 19.12 16.68 12.20
0111100000001111111 3531 016526207654756 111100000000111111 016526207654556 19.12 16.68 9.60
0111100000001111111 3531 016526207654756 111100000000111111 016526207654656 19.12 16.68 9.60
0111100000001111111 3531 016526207654756 110000000111111111 016526207654706 19.12 16.68 6.90
0111100000001111111 3531 016526207654756 110000000011111111 016526207654716 19.12 16.68 9.60
0111100000001111111 3531 016526207654756 110000000011111111 016526207654726 19.12 16.68 9.60
0111100000001111111 3531 016526207654756 111000000001111111 016526207654736 19.12 16.68 9.60
0111100000001111111 3531 016526207654756 111000000001111111 016526207654746 19.12 16.68 9.60
0111100000001111111 3531 016526207654756 111100000000111111 016526207654766 19.12 16.68 9.60
0111100000001111111 3531 016526207654756 111110000000111111 016526207654776 19.12 16.68 9.60
0111100000001111111 3531 016526207654756 111111111111111111 016526207654750 19.12 4.17 4.30
0111100000001111111 3531 016526207654756 111111111100000001 016526207654751 19.12 14.59 9.60
0111100000001111111 3531 016526207654756 111111100000000111 016526207654752 19.12 16.68 9.60
0111100000001111111 3531 016526207654756 111111000000011111 016526207654753 19.12 16.68 9.60
0111100000001111111 3531 016526207654756 111110000000011111 016526207654754 19.12 16.68 9.60
0111100000001111111 3531 016526207654756 111100000000111111 016526207654755 19.12 16.68 9.60
0111100000001111111 3531 016526207654756 111000000001111111 016526207654757 19.12 16.68 9.60
0111100000001111111 3713 070423253267607 111000000001111111 170423253267607 19.12 16.68 9.60
0111100000001111111 3713 070423253267607 111000000001111111 270423253267607 19.12 16.68 9.60
0111100000001111111 3713 070423253267607 111000000001111111 370423253267607 19.12 16.68 9.60
0111100000001111111 3713 070423253267607 111000000000011111 470423253267607 19.12 16.68 12.20
0111100000001111111 3713 070423253267607 111000000000000111 570423253267607 19.12 16.68 12.20
0111100000001111111 3713 070423253267607 111000000000000001 670423253267607 19.12 14.59 9.60
0111100000001111111 3713 070423253267607 111000000000000000 770423253267607 19.12 12.51 6.90
0111100000001111111 3713 070423253267607 110000000111111111 000423253267607 19.12 16.68 6.90
0111100000001111111 3713 070423253267607 110000000011111111 010423253267607 19.12 16.68 9.60
0111100000001111111 3713 070423253267607 111000000011111111 020423253267607 19.12 16.68 9.60
0111100000001111111 3713 070423253267607 111000000011111111 030423253267607 19.12 16.68 9.60
0111100000001111111 3713 070423253267607 111000000011111111 040423253267607 19.12 16.68 9.60
0111100000001111111 3713 070423253267607 111000000001111111 050423253267607 19.12 16.68 9.60
0111100000001111111 3713 070423253267607 111100000001111111 060423253267607 19.12 16.68 9.60
0111100000001111111 3713 070423253267607 111100000001111111 071423253267607 19.12 16.68 9.60
0111100000001111111 3713 070423253267607 111100000001111111 072423253267607 19.12 16.68 9.60
0111100000001111111 3713 070423253267607 111100000011111111 073423253267607 19.12 16.68 9.60
0111100000001111111 3713 070423253267607 111100000011111111 074423253267607 19.12 16.68 9.60
0111100000001111111 3713 070423253267607 111100000011111111 075423253267607 19.12 16.68 9.60
0111100000001111111 3713 070423253267607 111100000011111111 076423253267607 19.12 16.68 9.60
0111100000001111111 3713 070423253267607 111100000011111111 077423253267607 19.12 16.68 9.60
0111100000001111111 3713 070423253267607 111111100000001111 070023253267607 19.12 16.68 9.60
0111100000001111111 3713 070423253267607 111110000000111111 070123253267607 19.12 16.68 9.60
0111100000001111111 3713 070423253267607 111100000000111111 070223253267607 19.12 16.68 9.60
0111100000001111111 3713 070423253267607 111100000001111111 070323253267607 19.12 16.68 9.60
0111100000001111111 3713 070423253267607 111100000001111111 070523253267607 19.12 16.68 9.60
0111100000001111111 3713 070423253267607 111000000001111111 070623253267607 19.12 16.68 9.60
0111100000001111111 3713 070423253267607 111000000011111111 070723253267607 19.12 16.68 9.60
0111100000001111111 3713 070423253267607 111100000011111111 070403253267607 19.12 16.68 9.60
0111100000001111111 3713 070423253267607 111100000001111111 070413253267607 19.12 16.68 9.60
0111100000001111111 3713 070423253267607 111100000001111111 070433253267607 19.12 16.68 9.60
0111100000001111111 3713 070423253267607 111100000001111111 070443253267607 19.12 16.68 9.60
0111100000001111111 3713 070423253267607 111100000001111111 070453253267607 19.12 16.68 9.60
0111100000001111111 3713 070423253267607 111100000001111111 070463253267607 19.12 16.68 9.60
0111100000001111111 3713 070423253267607 111100000000111111 070473253267607 19.12 16.68 9.60
0111100000001111111 3713 070423253267607 111100000000111111 070420253267607 19.12 16.68 9.60
0111100000001111111 3713 070423253267607 111100000000111111 070421253267607 19.12 16.68 9.60
0111100000001111111 3713 070423253267607 111100000001111111 070422253267607 19.12 16.68 9.60
0111100000001111111 3713 070423253267607 111100000001111111 070424253267607 19.12 16.68 9.60
0111100000001111111 3713 070423253267607 111100000001111111 070425253267607 19.12 16.68 9.60
0111100000001111111 3713 070423253267607 111100000011111111 070426253267607 19.12 16.68 9.60
0111100000001111111 3713 070423253267607 111100000011111111 070427253267607 19.12 16.68 9.60
0111100000001111111 3713 070423253267607 111000000000111111 070423053267607 19.12 16.68 12.20
0111100000001111111 3713 070423253267607 111000000011111111 070423153267607 19.12 16.68 9.60
0111100000001111111 3713 070423253267607 111100000000111111 070423353267607 19.12 16.68 9.60
0111100000001111111 3713 070423253267607 111100000000111111 070423453267607 19.12 16.68 9.60
0111100000001111111 3713 070423253267607 111110000000011111 070423553267607 19.12 16.68 9.60
0111100000001111111 3713 070423253267607 111110000000011111 070423653267607 19.12 16.68 9.60
0111100000001111111 3713 070423253267607 111110000000001111 070423753267607 19.12 16.68 12.20
0111100000001111111 3713 070423253267607 111100000001111111 070423203267607 19.12 16.68 9.60
0111100000001111111 3713 070423253267607 111100000001111111 070423213267607 19.12 16.68 9.60
0111100000001111111 3713 070423253267607 111100000001111111 070423223267607 19.12 16.68 9.60
0111100000001111111 3713 070423253267607 111100000001111111 070423233267607 19.12 16.68 9.60
0111100000001111111 3713 070423253267607 111100000001111111 070423243267607 19.12 16.68 9.60
0111100000001111111 3713 070423253267607 111100000001111111 070423263267607 19.12 16.68 9.60
0111100000001111111 3713 070423253267607 111100000001111111 070423273267607 19.12 16.68 9.60
0111100000001111111 3713 070423253267607 111111110000000111 070423250267607 19.12 16.68 9.60
0111100000001111111 3713 070423253267607 111110000000111111 070423251267607 19.12 16.68 9.60
0111100000001111111 3713 070423253267607 111100000000111111 070423252267607 19.12 16.68 9.60
0111100000001111111 3713 070423253267607 111000000001111111 070423254267607 19.12 16.68 9.60
0111100000001111111 3713 070423253267607 111000000011111111 070423255267607 19.12 16.68 9.60
0111100000001111111 3713 070423253267607 111000000011111111 070423256267607 19.12 16.68 9.60
0111100000001111111 3713 070423253267607 111000000011111111 070423257267607 19.12 16.68 9.60
0111100000001111111 3713 070423253267607 111111000000000111 070423253067607 19.12 16.68 12.20
0111100000001111111 3713 070423253267607 111100000000111111 070423253167607 19.12 16.68 9.60
0111100000001111111 3713 070423253267607 111000000011111111 070423253367607 19.12 16.68 9.60
0111100000001111111 3713 070423253267607 111000000011111111 070423253467607 19.12 16.68 9.60
0111100000001111111 3713 070423253267607 111000000011111111 070423253567607 19.12 16.68 9.60
0111100000001111111 3713 070423253267607 111000000011111111 070423253667607 19.12 16.68 9.60
0111100000001111111 3713 070423253267607 111000000011111111 070423253767607 19.12 16.68 9.60
0111100000001111111 3713 070423253267607 111000000000001111 070423253207607 19.12 16.68 12.20
0111100000001111111 3713 070423253267607 111000000000111111 070423253217607 19.12 16.68 12.20
0111100000001111111 3713 070423253267607 111000000000111111 070423253227607 19.12 16.68 12.20
0111100000001111111 3713 070423253267607 111000000001111111 070423253237607 19.12 16.68 9.60
0111100000001111111 3713 070423253267607 111100000001111111 070423253247607 19.12 16.68 9.60
0111100000001111111 3713 070423253267607 111100000001111111 070423253257607 19.12 16.68 9.60
0111100000001111111 3713 070423253267607 111100000001111111 070423253277607 19.12 16.68 9.60
0111100000001111111 3713 070423253267607 111111111110000000 070423253260607 19.12 12.51 6.90
0111100000001111111 3713 070423253267607 111111100000000000 070423253261607 19.12 12.51 6.90
0111100000001111111 3713 070423253267607 111111000000000000 070423253262607 19.12 12.51 6.90
0111100000001111111 3713 070423253267607 111110000000000001 070423253263607 19.12 14.59 9.60
0111100000001111111 3713 070423253267607 111110000000000111 070423253264607 19.12 16.68 12.20
0111100000001111111 3713 070423253267607 111100000000011111 070423253265607 19.12 16.68 12.20
0111100000001111111 3713 070423253267607 111100000000111111 070423253266607 19.12 16.68 9.60
0111100000001111111 3713 070423253267607 111100000000001111 070423253267007 19.12 16.68 12.20
0111100000001111111 3713 070423253267607 111100000000011111 070423253267107 19.12 16.68 12.20
0111100000001111111 3713 070423253267607 111100000000111111 070423253267207 19.12 16.68 9.60
0111100000001111111 3713 070423253267607 111100000000111111 070423253267307 19.12 16.68 9.60
0111100000001111111 3713 070423253267607 111100000001111111 070423253267407 19.12 16.68 9.60
0111100000001111111 3713 070423253267607 111100000001111111 070423253267507 19.12 16.68 9.60
0111100000001111111 3713 070423253267607 111100000001111111 070423253267707 19.12 16.68 9.60
0111100000001111111 3713 070423253267607 111110000000111111 070423253267617 19.12 16.68 9.60
0111100000001111111 3713 070423253267607 111111000000011111 070423253267627 19.12 16.68 9.60
0111100000001111111 3713 070423253267607 111111000000001111 070423253267637 19.12 16.68 9.60
0111100000001111111 3713 070423253267607 111111100000000111 070423253267647 19.12 16.68 9.60
0111100000001111111 3713 070423253267607 111111110000000011 070423253267657 19.12 16.68 9.60
0111100000001111111 3713 070423253267607 111111111000000001 070423253267667 19.12 14.59 9.60
0111100000001111111 3713 070423253267607 111111111100000000 070423253267677 19.12 12.51 6.90
0111100000001111111 3713 070423253267607 111111111111000000 070423253267600 19.12 12.51 6.90
0111100000001111111 3713 070423253267607 111111110000000111 070423253267601 19.12 16.68 9.60
0111100000001111111 3713 070423253267607 111111000000011111 070423253267602 19.12 16.68 9.60
0111100000001111111 3713 070423253267607 111110000000111111 070423253267603 19.12 16.68 9.60
0111100000001111111 3713 070423253267607 111110000000111111 070423253267604 19.12 16.68 9.60
0111100000001111111 3713 070423253267607 111100000000111111 070423253267605 19.12 16.68 9.60
0111100000001111111 3713 070423253267607 111100000001111111 070423253267606 19.12 16.68 9.60
0111100000001111111 5698 427116667467727 111100000011111111 027116667467727 19.12 16.68 9.60
0111100000001111111 5698 427116667467727 111100000011111111 127116667467727 19.12 16.68 9.60
0111100000001111111 5698 427116667467727 111100000011111111 227116667467727 19.12 16.68 9.60
0111100000001111111 5698 427116667467727 111100000001111111 327116667467727 19.12 16.68 9.60
0111100000001111111 5698 427116667467727 111100000001111111 527116667467727 19.12 16.68 9.60
0111100000001111111 5698 427116667467727 111100000001111111 627116667467727 19.12 16.68 9.60
0111100000001111111 5698 427116667467727 111100000001111111 727116667467727 19.12 16.68 9.60
0111100000001111111 5698 427116667467727 111100000011111111 407116667467727 19.12 16.68 9.60
0111100000001111111 5698 427116667467727 111100000001111111 417116667467727 19.12 16.68 9.60
0111100000001111111 5698 427116667467727 111100000001111111 437116667467727 19.12 16.68 9.60
0111100000001111111 5698 427116667467727 111100000001111111 447116667467727 19.12 16.68 9.60
0111100000001111111 5698 427116667467727 111110000001111111 457116667467727 19.12 16.68 9.60
0111100000001111111 5698 427116667467727 111110000001111111 467116667467727 19.12 16.68 9.60
0111100000001111111 5698 427116667467727 111110000001111111 477116667467727 19.12 16.68 9.60
0111100000001111111 5698 427116667467727 111000000001111111 420116667467727 19.12 16.68 9.60
0111100000001111111 5698 427116667467727 111100000001111111 421116667467727 19.12 16.68 9.60
0111100000001111111 5698 427116667467727 111100000001111111 422116667467727 19.12 16.68 9.60
0111100000001111111 5698 427116667467727 111100000001111111 423116667467727 19.12 16.68 9.60
0111100000001111111 5698 427116667467727 111100000001111111 424116667467727 19.12 16.68 9.60
0111100000001111111 5698 427116667467727 111100000001111111 425116667467727 19.12 16.68 9.60
0111100000001111111 5698 427116667467727 111100000001111111 426116667467727 19.12 16.68 9.60
0111100000001111111 5698 427116667467727 111110000001111111 427016667467727 19.12 16.68 9.60
0111100000001111111 5698 427116667467727 111100000011111111 427216667467727 19.12 16.68 9.60
0111100000001111111 5698 427116667467727 111100000011111111 427316667467727 19.12 16.68 9.60
0111100000001111111 5698 427116667467727 111100000011111111 427416667467727 19.12 16.68 9.60
0111100000001111111 5698 427116667467727 111100000011111111 427516667467727 19.12 16.68 9.60
0111100000001111111 5698 427116667467727 111000000011111111 427616667467727 19.12 16.68 9.60
0111100000001111111 5698 427116667467727 111000000011111111 427716667467727 19.12 16.68 9.60
0111100000001111111 5698 427116667467727 111100000011111111 427106667467727 19.12 16.68 9.60
0111100000001111111 5698 427116667467727 111100000001111111 427126667467727 19.12 16.68 9.60
0111100000001111111 5698 427116667467727 111100000001111111 427136667467727 19.12 16.68 9.60
0111100000001111111 5698 427116667467727 111100000001111111 427146667467727 19.12 16.68 9.60
0111100000001111111 5698 427116667467727 111100000001111111 427156667467727 19.12 16.68 9.60
0111100000001111111 5698 427116667467727 111100000000111111 427166667467727 19.12 16.68 9.60
0111100000001111111 5698 427116667467727 111100000000111111 427176667467727 19.12 16.68 9.60
0111100000001111111 5698 427116667467727 111100000000111111 427110667467727 19.12 16.68 9.60
0111100000001111111 5698 427116667467727 111100000000111111 427111667467727 19.12 16.68 9.60
0111100000001111111 5698 427116667467727 111100000001111111 427112667467727 19.12 16.68 9.60
0111100000001111111 5698 427116667467727 111100000001111111 427113667467727 19.12 16.68 9.60
0111100000001111111 5698 427116667467727 111100000001111111 427114667467727 19.12 16.68 9.60
0111100000001111111 5698 427116667467727 111100000001111111 427115667467727 19.12 16.68 9.60
0111100000001111111 5698 427116667467727 111100000001111111 427117667467727 19.12 16.68 9.60
0111100000001111111 5698 427116667467727 110000000111111111 427116067467727 19.12 16.68 6.90
0111100000001111111 5698 427116667467727 110000001111111111 427116167467727 19.12 16.68 9.60
0111100000001111111 5698 427116667467727 111000000111111111 427116267467727 19.12 16.68 9.60
0111100000001111111 5698 427116667467727 111000000111111111 427116367467727 19.12 16.68 9.60
0111100000001111111 5698 427116667467727 111000000011111111 427116467467727 19.12 16.68 9.60
0111100000001111111 5698 427116667467727 111100000011111111 427116567467727 19.12 16.68 9.60
0111100000001111111 5698 427116667467727 111100000001111111 427116767467727 19.12 16.68 9.60
0111100000001111111 5698 427116667467727 111100000001111111 427116607467727 19.12 16.68 9.60
0111100000001111111 5698 427116667467727 111100000001111111 427116617467727 19.12 16.68 9.60
0111100000001111111 5698 427116667467727 111100000001111111 427116627467727 19.12 16.68 9.60
0111100000001111111 5698 427116667467727 111100000001111111 427116637467727 19.12 16.68 9.60
0111100000001111111 5698 427116667467727 111100000001111111 427116647467727 19.12 16.68 9.60
0111100000001111111 5698 427116667467727 111100000001111111 427116657467727 19.12 16.68 9.60
0111100000001111111 5698 427116667467727 111100000001111111 427116677467727 19.12 16.68 9.60
0111100000001111111 5698 427116667467727 111111111111111111 427116660467727 19.12 4.17 4.30
0111100000001111111 5698 427116667467727 111111111110000000 427116661467727 19.12 12.51 6.90
0111100000001111111 5698 427116667467727 111111110000000111 427116662467727 19.12 16.68 9.60
0111100000001111111 5698 427116667467727 111111100000011111 427116663467727 19.12 16.68 9.60
0111100000001111111 5698 427116667467727 111111000000111111 427116664467727 19.12 16.68 9.60
0111100000001111111 5698 427116667467727 111110000000111111 427116665467727 19.12 16.68 9.60
0111100000001111111 5698 427116667467727 111100000001111111 427116666467727 19.12 16.68 9.60
0111100000001111111 5698 427116667467727 111111111111100000 427116667067727 19.12 12.51 9.60
0111100000001111111 5698 427116667467727 111111110000000111 427116667167727 19.12 16.68 9.60
0111100000001111111 5698 427116667467727 111111000000111111 427116667267727 19.12 16.68 9.60
0111100000001111111 5698 427116667467727 111110000001111111 427116667367727 19.12 16.68 9.60
0111100000001111111 5698 427116667467727 111100000011111111 427116667567727 19.12 16.68 9.60
0111100000001111111 5698 427116667467727 111000000011111111 427116667667727 19.12 16.68 9.60
0111100000001111111 5698 427116667467727 111000000011111111 427116667767727 19.12 16.68 9.60
0111100000001111111 5698 427116667467727 111000000000011111 427116667407727 19.12 16.68 12.20
0111100000001111111 5698 427116667467727 111000000000111111 427116667417727 19.12 16.68 12.20
0111100000001111111 5698 427116667467727 111000000001111111 427116667427727 19.12 16.68 9.60
0111100000001111111 5698 427116667467727 111100000001111111 427116667437727 19.12 16.68 9.60
0111100000001111111 5698 427116667467727 111100000001111111 427116667447727 19.12 16.68 9.60
0111100000001111111 5698 427116667467727 111100000001111111 427116667457727 19.12 16.68 9.60
0111100000001111111 5698 427116667467727 111100000001111111 427116667477727 19.12 16.68 9.60
0111100000001111111 5698 427116667467727 111111111111111111 427116667460727 19.12 4.17 4.30
0111100000001111111 5698 427116667467727 111111111110000000 427116667461727 19.12 12.51 6.90
0111100000001111111 5698 427116667467727 111111110000000000 427116667462727 19.12 12.51 6.90
0111100000001111111 5698 427116667467727 111111100000000000 427116667463727 19.12 12.51 6.90
0111100000001111111 5698 427116667467727 111111000000000111 427116667464727 19.12 16.68 12.20
0111100000001111111 5698 427116667467727 111110000000011111 427116667465727 19.12 16.68 9.60
0111100000001111111 5698 427116667467727 111100000000111111 427116667466727 19.12 16.68 9.60
0111100000001111111 5698 427116667467727 111100000000001111 427116667467027 19.12 16.68 12.20
0111100000001111111 5698 427116667467727 111100000000011111 427116667467127 19.12 16.68 12.20
0111100000001111111 5698 427116667467727 111100000000111111 427116667467227 19.12 16.68 9.60
0111100000001111111 5698 427116667467727 111100000000111111 427116667467327 19.12 16.68 9.60
0111100000001111111 5698 427116667467727 111100000001111111 427116667467427 19.12 16.68 9.60
0111100000001111111 5698 427116667467727 111100000001111111 427116667467527 19.12 16.68 9.60
0111100000001111111 5698 427116667467727 111100000001111111 427116667467627 19.12 16.68 9.60
0111100000001111111 5698 427116667467727 111000000111111111 427116667467707 19.12 16.68 9.60
0111100000001111111 5698 427116667467727 111000000011111111 427116667467717 19.12 16.68 9.60
0111100000001111111 5698 427116667467727 111110000001111111 427116667467737 19.12 16.68 9.60
0111100000001111111 5698 427116667467727 111111000000111111 427116667467747 19.12 16.68 9.60
0111100000001111111 5698 427116667467727 111111000000011111 427116667467757 19.12 16.68 9.60
0111100000001111111 5698 427116667467727 111111100000001111 427116667467767 19.12 16.68 9.60
0111100000001111111 5698 427116667467727 111111110000001111 427116667467777 19.12 16.68 9.60
0111100000001111111 5698 427116667467727 111111111111111111 427116667467720 19.12 4.17 4.30
0111100000001111111 5698 427116667467727 111111111110000000 427116667467721 19.12 12.51 6.90
0111100000001111111 5698 427116667467727 111111110000000111 427116667467722 19.12 16.68 9.60
0111100000001111111 5698 427116667467727 111111100000011111 427116667467723 19.12 16.68 9.60
0111100000001111111 5698 427116667467727 111111000000111111 427116667467724 19.12 16.68 9.60
0111100000001111111 5698 427116667467727 111110000001111111 427116667467725 19.12 16.68 9.60
0111100000001111111 5698 427116667467727 111100000001111111 427116667467726 19.12 16.68 9.60
