ParentPhenotype line ParentGenotype MutantPhenotype MutantGenotype KC_col1 KC_col4 Conditional_Complexity
0111111111100000011 1307 077005327466555 111111111000000011 177005327466555 19.12 16.68 9.60
0111111111100000011 1307 077005327466555 111111111000000111 277005327466555 19.12 16.68 6.90
0111111111100000011 1307 077005327466555 111111111000000111 377005327466555 19.12 16.68 6.90
0111111111100000011 1307 077005327466555 111111111000000111 477005327466555 19.12 16.68 6.90
0111111111100000011 1307 077005327466555 111111111000000111 577005327466555 19.12 16.68 6.90
0111111111100000011 1307 077005327466555 111111110000000111 677005327466555 19.12 16.68 9.60
0111111111100000011 1307 077005327466555 111111110000000111 777005327466555 19.12 16.68 9.60
0111111111100000011 1307 077005327466555 111111000000011111 007005327466555 19.12 16.68 12.20
0111111111100000011 1307 077005327466555 111111100000011111 017005327466555 19.12 16.68 9.60
0111111111100000011 1307 077005327466555 111111100000001111 027005327466555 19.12 16.68 12.20
0111111111100000011 1307 077005327466555 111111110000001111 037005327466555 19.12 16.68 6.90
0111111111100000011 1307 077005327466555 111111110000000111 047005327466555 19.12 16.68 9.60
0111111111100000011 1307 077005327466555 111111111000000111 057005327466555 19.12 16.68 6.90
0111111111100000011 1307 077005327466555 111111111000000011 067005327466555 19.12 16.68 9.60
0111111111100000011 1307 077005327466555 111111110000000011 070005327466555 19.12 16.68 9.60
0111111111100000011 1307 077005327466555 111111111000000011 071005327466555 19.12 16.68 9.60
0111111111100000011 1307 077005327466555 111111111000000011 072005327466555 19.12 16.68 9.60
0111111111100000011 1307 077005327466555 111111111000000011 073005327466555 19.12 16.68 9.60
0111111111100000011 1307 077005327466555 111111111000000011 074005327466555 19.12 16.68 9.60
0111111111100000011 1307 077005327466555 111111111100000011 075005327466555 19.12 16.68 9.60
0111111111100000011 1307 077005327466555 111111111100000011 076005327466555 19.12 16.68 9.60
0111111111100000011 1307 077005327466555 111111110000001111 077105327466555 19.12 16.68 6.90
0111111111100000011 1307 077005327466555 111111100000011111 077205327466555 19.12 16.68 9.60
0111111111100000011 1307 077005327466555 111111100000011111 077305327466555 19.12 16.68 9.60
0111111111100000011 1307 077005327466555 111111100000011111 077405327466555 19.12 16.68 9.60
0111111111100000011 1307 077005327466555 111111000000011111 077505327466555 19.12 16.68 12.20
0111111111100000011 1307 077005327466555 111111000000011111 077605327466555 19.12 16.68 12.20
0111111111100000011 1307 077005327466555 111111000000011111 077705327466555 19.12 16.68 12.20
0111111111100000011 1307 077005327466555 111111111000000011 077015327466555 19.12 16.68 9.60
0111111111100000011 1307 077005327466555 111111111000000011 077025327466555 19.12 16.68 9.60
0111111111100000011 1307 077005327466555 111111111000000011 077035327466555 19.12 16.68 9.60
0111111111100000011 1307 077005327466555 111111111000000011 077045327466555 19.12 16.68 9.60
0111111111100000011 1307 077005327466555 111111111000000011 077055327466555 19.12 16.68 9.60
0111111111100000011 1307 077005327466555 111111111000000011 077065327466555 19.12 16.68 9.60
0111111111100000011 1307 077005327466555 111111111000000011 077075327466555 19.12 16.68 9.60
0111111111100000011 1307 077005327466555 111111111100000000 077000327466555 19.12 12.51 6.90
0111111111100000011 1307 077005327466555 111111111100000001 077001327466555 19.12 14.59 9.60
0111111111100000011 1307 077005327466555 111111111100000001 077002327466555 19.12 14.59 9.60
0111111111100000011 1307 077005327466555 111111111100000001 077003327466555 19.12 14.59 9.60
0111111111100000011 1307 077005327466555 111111111100000001 077004327466555 19.12 14.59 9.60
0111111111100000011 1307 077005327466555 111111111100000011 077006327466555 19.12 16.68 9.60
0111111111100000011 1307 077005327466555 111111111100000011 077007327466555 19.12 16.68 9.60
0111111111100000011 1307 077005327466555 111111100000011111 077005027466555 19.12 16.68 9.60
0111111111100000011 1307 077005327466555 111111110000001111 077005127466555 19.12 16.68 6.90
0111111111100000011 1307 077005327466555 111111111000000111 077005227466555 19.12 16.68 6.90
0111111111100000011 1307 077005327466555 111111111110000000 077005427466555 19.12 12.51 6.90
0111111111100000011 1307 077005327466555 111111111111000000 077005527466555 19.12 12.51 6.90
0111111111100000011 1307 077005327466555 111111111111100000 077005627466555 19.12 12.51 6.90
0111111111100000011 1307 077005327466555 111111111111110000 077005727466555 19.12 12.51 9.60
0111111111100000011 1307 077005327466555 111111111100000011 077005307466555 19.12 16.68 9.60
0111111111100000011 1307 077005327466555 111111111100000011 077005317466555 19.12 16.68 9.60
0111111111100000011 1307 077005327466555 111111111100000011 077005337466555 19.12 16.68 9.60
0111111111100000011 1307 077005327466555 111111111100000011 077005347466555 19.12 16.68 9.60
0111111111100000011 1307 077005327466555 111111111100000011 077005357466555 19.12 16.68 9.60
0111111111100000011 1307 077005327466555 111111111100000011 077005367466555 19.12 16.68 9.60
0111111111100000011 1307 077005327466555 111111111100000011 077005377466555 19.12 16.68 9.60
0111111111100000011 1307 077005327466555 111111111111111111 077005320466555 19.12 4.17 4.30
0111111111100000011 1307 077005327466555 111111111111111111 077005321466555 19.12 4.17 4.30
0111111111100000011 1307 077005327466555 111111111111111111 077005322466555 19.12 4.17 4.30
0111111111100000011 1307 077005327466555 111111111111111111 077005323466555 19.12 4.17 4.30
0111111111100000011 1307 077005327466555 111111111111111000 077005324466555 19.12 12.51 9.60
0111111111100000011 1307 077005327466555 111111111111000000 077005325466555 19.12 12.51 6.90
0111111111100000011 1307 077005327466555 111111111110000000 077005326466555 19.12 12.51 6.90
0111111111100000011 1307 077005327466555 111111111111111111 077005327066555 19.12 4.17 4.30
0111111111100000011 1307 077005327466555 111111111111111110 077005327166555 19.12 10.42 6.90
0111111111100000011 1307 077005327466555 111111111111100000 077005327266555 19.12 12.51 6.90
0111111111100000011 1307 077005327466555 111111111110000000 077005327366555 19.12 12.51 6.90
0111111111100000011 1307 077005327466555 111111111000000011 077005327566555 19.12 16.68 9.60
0111111111100000011 1307 077005327466555 111111110000000111 077005327666555 19.12 16.68 9.60
0111111111100000011 1307 077005327466555 111111110000001111 077005327766555 19.12 16.68 6.90
0111111111100000011 1307 077005327466555 111111000000000111 077005327406555 19.12 16.68 12.20
0111111111100000011 1307 077005327466555 111111000000001111 077005327416555 19.12 16.68 12.20
0111111111100000011 1307 077005327466555 111111100000001111 077005327426555 19.12 16.68 12.20
0111111111100000011 1307 077005327466555 111111100000001111 077005327436555 19.12 16.68 12.20
0111111111100000011 1307 077005327466555 111111110000000111 077005327446555 19.12 16.68 9.60
0111111111100000011 1307 077005327466555 111111111000000111 077005327456555 19.12 16.68 6.90
0111111111100000011 1307 077005327466555 111111111110000000 077005327476555 19.12 12.51 6.90
0111111111100000011 1307 077005327466555 111111111111111111 077005327460555 19.12 4.17 4.30
0111111111100000011 1307 077005327466555 111111111111111111 077005327461555 19.12 4.17 4.30
0111111111100000011 1307 077005327466555 111111111111111100 077005327462555 19.12 12.51 9.60
0111111111100000011 1307 077005327466555 111111111111100000 077005327463555 19.12 12.51 6.90
0111111111100000011 1307 077005327466555 111111111111000000 077005327464555 19.12 12.51 6.90
0111111111100000011 1307 077005327466555 111111111110000000 077005327465555 19.12 12.51 6.90
0111111111100000011 1307 077005327466555 111111111000000111 077005327467555 19.12 16.68 6.90
0111111111100000011 1307 077005327466555 111111111100000000 077005327466055 19.12 12.51 6.90
0111111111100000011 1307 077005327466555 111111111100000000 077005327466155 19.12 12.51 6.90
0111111111100000011 1307 077005327466555 111111111100000000 077005327466255 19.12 12.51 6.90
0111111111100000011 1307 077005327466555 111111111100000001 077005327466355 19.12 14.59 9.60
0111111111100000011 1307 077005327466555 111111111100000001 077005327466455 19.12 14.59 9.60
0111111111100000011 1307 077005327466555 111111111100000011 077005327466655 19.12 16.68 9.60
0111111111100000011 1307 077005327466555 111111111100000011 077005327466755 19.12 16.68 9.60
0111111111100000011 1307 077005327466555 111111000000011111 077005327466505 19.12 16.68 12.20
0111111111100000011 1307 077005327466555 111111100000011111 077005327466515 19.12 16.68 9.60
0111111111100000011 1307 077005327466555 111111110000001111 077005327466525 19.12 16.68 6.90
0111111111100000011 1307 077005327466555 111111110000000111 077005327466535 19.12 16.68 9.60
0111111111100000011 1307 077005327466555 111111111000000011 077005327466545 19.12 16.68 9.60
0111111111100000011 1307 077005327466555 111111111100000001 077005327466565 19.12 14.59 9.60
0111111111100000011 1307 077005327466555 111111111110000000 077005327466575 19.12 12.51 6.90
0111111111100000011 1307 077005327466555 111111111111111111 077005327466550 19.12 4.17 4.30
0111111111100000011 1307 077005327466555 111111111111111111 077005327466551 19.12 4.17 4.30
0111111111100000011 1307 077005327466555 111111111111111111 077005327466552 19.12 4.17 4.30
0111111111100000011 1307 077005327466555 111111111111110000 077005327466553 19.12 12.51 9.60
0111111111100000011 1307 077005327466555 111111111110000000 077005327466554 19.12 12.51 6.90
0111111111100000011 1307 077005327466555 111111111000000111 077005327466556 19.12 16.68 6.90
0111111111100000011 1307 077005327466555 111111110000001111 077005327466557 19.12 16.68 6.90
0111111111100000011 3538 437707142577752 111111111111000000 037707142577752 19.12 12.51 6.90
0111111111100000011 3538 437707142577752 111111111110000001 137707142577752 19.12 14.59 9.60
0111111111100000011 3538 437707142577752 111111111110000011 237707142577752 19.12 16.68 9.60
0111111111100000011 3538 437707142577752 111111111110000011 337707142577752 19.12 16.68 9.60
0111111111100000011 3538 437707142577752 111111111100000111 537707142577752 19.12 16.68 9.60
0111111111100000011 3538 437707142577752 111111111100000111 637707142577752 19.12 16.68 9.60
0111111111100000011 3538 437707142577752 111111111100000111 737707142577752 19.12 16.68 9.60
0111111111100000011 3538 437707142577752 111111111000000111 407707142577752 19.12 16.68 6.90
0111111111100000011 3538 437707142577752 111111111100000111 417707142577752 19.12 16.68 9.60
0111111111100000011 3538 437707142577752 111111111100000111 427707142577752 19.12 16.68 9.60
0111111111100000011 3538 437707142577752 111111111110000011 447707142577752 19.12 16.68 9.60
0111111111100000011 3538 437707142577752 111111111110000011 457707142577752 19.12 16.68 9.60
0111111111100000011 3538 437707142577752 111111111110000011 467707142577752 19.12 16.68 9.60
0111111111100000011 3538 437707142577752 111111111110000001 477707142577752 19.12 14.59 9.60
0111111111100000011 3538 437707142577752 111111110000000111 430707142577752 19.12 16.68 9.60
0111111111100000011 3538 437707142577752 111111110000001111 431707142577752 19.12 16.68 6.90
0111111111100000011 3538 437707142577752 111111111000000111 432707142577752 19.12 16.68 6.90
0111111111100000011 3538 437707142577752 111111111000000111 433707142577752 19.12 16.68 6.90
0111111111100000011 3538 437707142577752 111111111100000111 434707142577752 19.12 16.68 9.60
0111111111100000011 3538 437707142577752 111111111100000111 435707142577752 19.12 16.68 9.60
0111111111100000011 3538 437707142577752 111111111100000111 436707142577752 19.12 16.68 9.60
0111111111100000011 3538 437707142577752 111111111111111111 437007142577752 19.12 4.17 4.30
0111111111100000011 3538 437707142577752 111111111111110000 437107142577752 19.12 12.51 9.60
0111111111100000011 3538 437707142577752 111111111111000000 437207142577752 19.12 12.51 6.90
0111111111100000011 3538 437707142577752 111111111110000001 437307142577752 19.12 14.59 9.60
0111111111100000011 3538 437707142577752 111111111110000011 437407142577752 19.12 16.68 9.60
0111111111100000011 3538 437707142577752 111111111110000011 437507142577752 19.12 16.68 9.60
0111111111100000011 3538 437707142577752 111111111100000011 437607142577752 19.12 16.68 9.60
0111111111100000011 3538 437707142577752 111111111100000111 437717142577752 19.12 16.68 9.60
0111111111100000011 3538 437707142577752 111111111100000111 437727142577752 19.12 16.68 9.60
0111111111100000011 3538 437707142577752 111111111100000111 437737142577752 19.12 16.68 9.60
0111111111100000011 3538 437707142577752 111111111100000111 437747142577752 19.12 16.68 9.60
0111111111100000011 3538 437707142577752 111111111100000011 437757142577752 19.12 16.68 9.60
0111111111100000011 3538 437707142577752 111111111100000011 437767142577752 19.12 16.68 9.60
0111111111100000011 3538 437707142577752 111111111100000011 437777142577752 19.12 16.68 9.60
0111111111100000011 3538 437707142577752 111111111100000011 437700142577752 19.12 16.68 9.60
0111111111100000011 3538 437707142577752 111111111100000111 437701142577752 19.12 16.68 9.60
0111111111100000011 3538 437707142577752 111111111100000111 437702142577752 19.12 16.68 9.60
0111111111100000011 3538 437707142577752 111111111100000111 437703142577752 19.12 16.68 9.60
0111111111100000011 3538 437707142577752 111111111100000111 437704142577752 19.12 16.68 9.60
0111111111100000011 3538 437707142577752 111111111100000111 437705142577752 19.12 16.68 9.60
0111111111100000011 3538 437707142577752 111111111100000111 437706142577752 19.12 16.68 9.60
0111111111100000011 3538 437707142577752 111111110000000011 437707042577752 19.12 16.68 9.60
0111111111100000011 3538 437707142577752 111111111111110000 437707242577752 19.12 12.51 9.60
0111111111100000011 3538 437707142577752 111111111111111111 437707342577752 19.12 4.17 4.30
0111111111100000011 3538 437707142577752 111111111111111111 437707442577752 19.12 4.17 4.30
0111111111100000011 3538 437707142577752 111111111111111111 437707542577752 19.12 4.17 4.30
0111111111100000011 3538 437707142577752 111111111111111111 437707642577752 19.12 4.17 4.30
0111111111100000011 3538 437707142577752 111111111111111111 437707742577752 19.12 4.17 4.30
0111111111100000011 3538 437707142577752 111111111100000011 437707102577752 19.12 16.68 9.60
0111111111100000011 3538 437707142577752 111111111100000011 437707112577752 19.12 16.68 9.60
0111111111100000011 3538 437707142577752 111111111100000011 437707122577752 19.12 16.68 9.60
0111111111100000011 3538 437707142577752 111111111100000011 437707132577752 19.12 16.68 9.60
0111111111100000011 3538 437707142577752 111111111100000011 437707152577752 19.12 16.68 9.60
0111111111100000011 3538 437707142577752 111111111100000011 437707162577752 19.12 16.68 9.60
0111111111100000011 3538 437707142577752 111111111100000011 437707172577752 19.12 16.68 9.60
0111111111100000011 3538 437707142577752 111111111111111111 437707140577752 19.12 4.17 4.30
0111111111100000011 3538 437707142577752 111111111111111000 437707141577752 19.12 12.51 9.60
0111111111100000011 3538 437707142577752 111111110000011111 437707143577752 19.12 16.68 9.60
0111111111100000011 3538 437707142577752 111111100000111111 437707144577752 19.12 16.68 12.20
0111111111100000011 3538 437707142577752 111111000001111111 437707145577752 19.12 16.68 12.20
0111111111100000011 3538 437707142577752 111110000001111111 437707146577752 19.12 16.68 6.90
0111111111100000011 3538 437707142577752 111110000011111111 437707147577752 19.12 16.68 12.20
0111111111100000011 3538 437707142577752 111111111111111111 437707142077752 19.12 4.17 4.30
0111111111100000011 3538 437707142577752 111111111111111111 437707142177752 19.12 4.17 4.30
0111111111100000011 3538 437707142577752 111111111111111111 437707142277752 19.12 4.17 4.30
0111111111100000011 3538 437707142577752 111111111111110000 437707142377752 19.12 12.51 9.60
0111111111100000011 3538 437707142577752 111111111111000001 437707142477752 19.12 14.59 9.60
0111111111100000011 3538 437707142577752 111111111000001111 437707142677752 19.12 16.68 9.60
0111111111100000011 3538 437707142577752 111111110000011111 437707142777752 19.12 16.68 9.60
0111111111100000011 3538 437707142577752 111111000000001111 437707142507752 19.12 16.68 12.20
0111111111100000011 3538 437707142577752 111111000000011111 437707142517752 19.12 16.68 12.20
0111111111100000011 3538 437707142577752 111111100000011111 437707142527752 19.12 16.68 9.60
0111111111100000011 3538 437707142577752 111111100000011111 437707142537752 19.12 16.68 9.60
0111111111100000011 3538 437707142577752 111111110000001111 437707142547752 19.12 16.68 6.90
0111111111100000011 3538 437707142577752 111111111000001111 437707142557752 19.12 16.68 9.60
0111111111100000011 3538 437707142577752 111111111000000111 437707142567752 19.12 16.68 6.90
0111111111100000011 3538 437707142577752 111111111111111111 437707142570752 19.12 4.17 4.30
0111111111100000011 3538 437707142577752 111111111111111111 437707142571752 19.12 4.17 4.30
0111111111100000011 3538 437707142577752 111111111111111111 437707142572752 19.12 4.17 4.30
0111111111100000011 3538 437707142577752 111111111111111111 437707142573752 19.12 4.17 4.30
0111111111100000011 3538 437707142577752 111111111111111000 437707142574752 19.12 12.51 9.60
0111111111100000011 3538 437707142577752 111111111111100000 437707142575752 19.12 12.51 6.90
0111111111100000011 3538 437707142577752 111111111110000001 437707142576752 19.12 14.59 9.60
0111111111100000011 3538 437707142577752 111111111100000000 437707142577052 19.12 12.51 6.90
0111111111100000011 3538 437707142577752 111111111100000000 437707142577152 19.12 12.51 6.90
0111111111100000011 3538 437707142577752 111111111100000001 437707142577252 19.12 14.59 9.60
0111111111100000011 3538 437707142577752 111111111100000011 437707142577352 19.12 16.68 9.60
0111111111100000011 3538 437707142577752 111111111100000011 437707142577452 19.12 16.68 9.60
0111111111100000011 3538 437707142577752 111111111100000011 437707142577552 19.12 16.68 9.60
0111111111100000011 3538 437707142577752 111111111100000011 437707142577652 19.12 16.68 9.60
0111111111100000011 3538 437707142577752 111100000011111111 437707142577702 19.12 16.68 9.60
0111111111100000011 3538 437707142577752 111110000001111111 437707142577712 19.12 16.68 6.90
0111111111100000011 3538 437707142577752 111111000000111111 437707142577722 19.12 16.68 9.60
0111111111100000011 3538 437707142577752 111111110000011111 437707142577732 19.12 16.68 9.60
0111111111100000011 3538 437707142577752 111111111000001111 437707142577742 19.12 16.68 9.60
0111111111100000011 3538 437707142577752 111111111111000001 437707142577762 19.12 14.59 9.60
0111111111100000011 3538 437707142577752 111111111111100000 437707142577772 19.12 12.51 6.90
0111111111100000011 3538 437707142577752 111111111111111111 437707142577750 19.12 4.17 4.30
0111111111100000011 3538 437707142577752 111111111111111000 437707142577751 19.12 12.51 9.60
0111111111100000011 3538 437707142577752 111111110000011111 437707142577753 19.12 16.68 9.60
0111111111100000011 3538 437707142577752 111111100000111111 437707142577754 19.12 16.68 12.20
0111111111100000011 3538 437707142577752 111111000001111111 437707142577755 19.12 16.68 12.20
0111111111100000011 3538 437707142577752 111110000001111111 437707142577756 19.12 16.68 6.90
0111111111100000011 3538 437707142577752 111110000011111111 437707142577757 19.12 16.68 12.20
0111111111100000011 5465 562014055247672 111111111111000001 062014055247672 19.12 14.59 9.60
0111111111100000011 5465 562014055247672 111111111110000001 162014055247672 19.12 14.59 9.60
0111111111100000011 5465 562014055247672 111111111110000011 262014055247672 19.12 16.68 9.60
0111111111100000011 5465 562014055247672 111111111100000011 362014055247672 19.12 16.68 9.60
0111111111100000011 5465 562014055247672 111111111100000011 462014055247672 19.12 16.68 9.60
0111111111100000011 5465 562014055247672 111111111100000011 662014055247672 19.12 16.68 9.60
0111111111100000011 5465 562014055247672 111111111100000011 762014055247672 19.12 16.68 9.60
0111111111100000011 5465 562014055247672 111111000000011111 502014055247672 19.12 16.68 12.20
0111111111100000011 5465 562014055247672 111111100000011111 512014055247672 19.12 16.68 9.60
0111111111100000011 5465 562014055247672 111111110000001111 522014055247672 19.12 16.68 6.90
0111111111100000011 5465 562014055247672 111111110000000111 532014055247672 19.12 16.68 9.60
0111111111100000011 5465 562014055247672 111111111000000111 542014055247672 19.12 16.68 6.90
0111111111100000011 5465 562014055247672 111111111000000011 552014055247672 19.12 16.68 9.60
0111111111100000011 5465 562014055247672 111111111110000001 572014055247672 19.12 14.59 9.60
0111111111100000011 5465 562014055247672 111111111000000000 560014055247672 19.12 12.51 6.90
0111111111100000011 5465 562014055247672 111111111100000011 561014055247672 19.12 16.68 9.60
0111111111100000011 5465 562014055247672 111111111100000011 563014055247672 19.12 16.68 9.60
0111111111100000011 5465 562014055247672 111111111100000011 564014055247672 19.12 16.68 9.60
0111111111100000011 5465 562014055247672 111111111110000011 565014055247672 19.12 16.68 9.60
0111111111100000011 5465 562014055247672 111111111110000011 566014055247672 19.12 16.68 9.60
0111111111100000011 5465 562014055247672 111111111110000001 567014055247672 19.12 14.59 9.60
0111111111100000011 5465 562014055247672 111111110000001111 562114055247672 19.12 16.68 6.90
0111111111100000011 5465 562014055247672 111111100000001111 562214055247672 19.12 16.68 12.20
0111111111100000011 5465 562014055247672 111111100000011111 562314055247672 19.12 16.68 9.60
0111111111100000011 5465 562014055247672 111111000000011111 562414055247672 19.12 16.68 12.20
0111111111100000011 5465 562014055247672 111111000000011111 562514055247672 19.12 16.68 12.20
0111111111100000011 5465 562014055247672 111111000000011111 562614055247672 19.12 16.68 12.20
0111111111100000011 5465 562014055247672 111111000000011111 562714055247672 19.12 16.68 12.20
0111111111100000011 5465 562014055247672 111111111100000011 562004055247672 19.12 16.68 9.60
0111111111100000011 5465 562014055247672 111111111100000011 562024055247672 19.12 16.68 9.60
0111111111100000011 5465 562014055247672 111111111100000011 562034055247672 19.12 16.68 9.60
0111111111100000011 5465 562014055247672 111111111100000011 562044055247672 19.12 16.68 9.60
0111111111100000011 5465 562014055247672 111111111100000001 562054055247672 19.12 14.59 9.60
0111111111100000011 5465 562014055247672 111111111100000001 562064055247672 19.12 14.59 9.60
0111111111100000011 5465 562014055247672 111111111100000001 562074055247672 19.12 14.59 9.60
0111111111100000011 5465 562014055247672 111111111000000001 562010055247672 19.12 14.59 9.60
0111111111100000011 5465 562014055247672 111111111000000011 562011055247672 19.12 16.68 9.60
0111111111100000011 5465 562014055247672 111111111000000011 562012055247672 19.12 16.68 9.60
0111111111100000011 5465 562014055247672 111111111100000011 562013055247672 19.12 16.68 9.60
0111111111100000011 5465 562014055247672 111111111100000001 562015055247672 19.12 14.59 9.60
0111111111100000011 5465 562014055247672 111111111110000001 562016055247672 19.12 14.59 9.60
0111111111100000011 5465 562014055247672 111111111111000000 562017055247672 19.12 12.51 6.90
0111111111100000011 5465 562014055247672 111111111111100000 562014155247672 19.12 12.51 6.90
0111111111100000011 5465 562014055247672 111111111111111100 562014255247672 19.12 12.51 9.60
0111111111100000011 5465 562014055247672 111111111111111111 562014355247672 19.12 4.17 4.30
0111111111100000011 5465 562014055247672 111111111111111111 562014455247672 19.12 4.17 4.30
0111111111100000011 5465 562014055247672 111111111111111111 562014555247672 19.12 4.17 4.30
0111111111100000011 5465 562014055247672 111111111111111111 562014655247672 19.12 4.17 4.30
0111111111100000011 5465 562014055247672 111111111111111111 562014755247672 19.12 4.17 4.30
0111111111100000011 5465 562014055247672 111111111100000011 562014005247672 19.12 16.68 9.60
0111111111100000011 5465 562014055247672 111111111100000011 562014015247672 19.12 16.68 9.60
0111111111100000011 5465 562014055247672 111111111100000011 562014025247672 19.12 16.68 9.60
0111111111100000011 5465 562014055247672 111111111100000011 562014035247672 19.12 16.68 9.60
0111111111100000011 5465 562014055247672 111111111100000011 562014045247672 19.12 16.68 9.60
0111111111100000011 5465 562014055247672 111111111100000011 562014065247672 19.12 16.68 9.60
0111111111100000011 5465 562014055247672 111111111100000011 562014075247672 19.12 16.68 9.60
0111111111100000011 5465 562014055247672 111111111111111111 562014050247672 19.12 4.17 4.30
0111111111100000011 5465 562014055247672 111111111111111111 562014051247672 19.12 4.17 4.30
0111111111100000011 5465 562014055247672 111111111111111110 562014052247672 19.12 10.42 6.90
0111111111100000011 5465 562014055247672 111111111111100000 562014053247672 19.12 12.51 6.90
0111111111100000011 5465 562014055247672 111111111110000001 562014054247672 19.12 14.59 9.60
0111111111100000011 5465 562014055247672 111111111000000111 562014056247672 19.12 16.68 6.90
0111111111100000011 5465 562014055247672 111111110000000111 562014057247672 19.12 16.68 9.60
0111111111100000011 5465 562014055247672 111111111111111111 562014055047672 19.12 4.17 4.30
0111111111100000011 5465 562014055247672 111111111111000000 562014055147672 19.12 12.51 6.90
0111111111100000011 5465 562014055247672 111111111000000111 562014055347672 19.12 16.68 6.90
0111111111100000011 5465 562014055247672 111111110000000111 562014055447672 19.12 16.68 9.60
0111111111100000011 5465 562014055247672 111111110000000111 562014055547672 19.12 16.68 9.60
0111111111100000011 5465 562014055247672 111111110000000111 562014055647672 19.12 16.68 9.60
0111111111100000011 5465 562014055247672 111111110000000111 562014055747672 19.12 16.68 9.60
0111111111100000011 5465 562014055247672 111111100000000011 562014055207672 19.12 16.68 12.20
0111111111100000011 5465 562014055247672 111111110000000111 562014055217672 19.12 16.68 9.60
0111111111100000011 5465 562014055247672 111111110000000111 562014055227672 19.12 16.68 9.60
0111111111100000011 5465 562014055247672 111111111000000011 562014055237672 19.12 16.68 9.60
0111111111100000011 5465 562014055247672 111111111110000001 562014055257672 19.12 14.59 9.60
0111111111100000011 5465 562014055247672 111111111111000000 562014055267672 19.12 12.51 6.90
0111111111100000011 5465 562014055247672 111111111111100000 562014055277672 19.12 12.51 6.90
0111111111100000011 5465 562014055247672 111111111111111111 562014055240672 19.12 4.17 4.30
0111111111100000011 5465 562014055247672 111111111111111111 562014055241672 19.12 4.17 4.30
0111111111100000011 5465 562014055247672 111111111111111111 562014055242672 19.12 4.17 4.30
0111111111100000011 5465 562014055247672 111111111111111000 562014055243672 19.12 12.51 9.60
0111111111100000011 5465 562014055247672 111111111111100000 562014055244672 19.12 12.51 6.90
0111111111100000011 5465 562014055247672 111111111111000000 562014055245672 19.12 12.51 6.90
0111111111100000011 5465 562014055247672 111111111110000001 562014055246672 19.12 14.59 9.60
0111111111100000011 5465 562014055247672 111111111100000000 562014055247072 19.12 12.51 6.90
0111111111100000011 5465 562014055247672 111111111100000000 562014055247172 19.12 12.51 6.90
0111111111100000011 5465 562014055247672 111111111100000001 562014055247272 19.12 14.59 9.60
0111111111100000011 5465 562014055247672 111111111100000001 562014055247372 19.12 14.59 9.60
0111111111100000011 5465 562014055247672 111111111100000001 562014055247472 19.12 14.59 9.60
0111111111100000011 5465 562014055247672 111111111100000011 562014055247572 19.12 16.68 9.60
0111111111100000011 5465 562014055247672 111111111100000011 562014055247772 19.12 16.68 9.60
0111111111100000011 5465 562014055247672 111111111000000000 562014055247602 19.12 12.51 6.90
0111111111100000011 5465 562014055247672 111111110000000000 562014055247612 19.12 12.51 6.90
0111111111100000011 5465 562014055247672 111111110000000011 562014055247622 19.12 16.68 9.60
0111111111100000011 5465 562014055247672 111111110000000111 562014055247632 19.12 16.68 9.60
0111111111100000011 5465 562014055247672 111111111000000111 562014055247642 19.12 16.68 6.90
0111111111100000011 5465 562014055247672 111111111000000111 562014055247652 19.12 16.68 6.90
0111111111100000011 5465 562014055247672 111111111100000011 562014055247662 19.12 16.68 9.60
0111111111100000011 5465 562014055247672 111111111111111111 562014055247670 19.12 4.17 4.30
0111111111100000011 5465 562014055247672 111111111111100000 562014055247671 19.12 12.51 6.90
0111111111100000011 5465 562014055247672 111111110000000111 562014055247673 19.12 16.68 9.60
0111111111100000011 5465 562014055247672 111111100000001111 562014055247674 19.12 16.68 12.20
0111111111100000011 5465 562014055247672 111111000000011111 562014055247675 19.12 16.68 12.20
0111111111100000011 5465 562014055247672 111111000000111111 562014055247676 19.12 16.68 9.60
0111111111100000011 5465 562014055247672 111110000000111111 562014055247677 19.12 16.68 9.60
0111111111100000011 9283 164426435767652 111111111100000011 064426435767652 19.12 16.68 9.60
0111111111100000011 9283 164426435767652 111111111000000011 264426435767652 19.12 16.68 9.60
0111111111100000011 9283 164426435767652 111111111000000011 364426435767652 19.12 16.68 9.60
0111111111100000011 9283 164426435767652 111111111000000111 464426435767652 19.12 16.68 6.90
0111111111100000011 9283 164426435767652 111111110000000111 564426435767652 19.12 16.68 9.60
0111111111100000011 9283 164426435767652 111111110000000111 664426435767652 19.12 16.68 9.60
0111111111100000011 9283 164426435767652 111111110000000111 764426435767652 19.12 16.68 9.60
0111111111100000011 9283 164426435767652 111111110000000111 104426435767652 19.12 16.68 9.60
0111111111100000011 9283 164426435767652 111111110000000111 114426435767652 19.12 16.68 9.60
0111111111100000011 9283 164426435767652 111111111000000111 124426435767652 19.12 16.68 6.90
0111111111100000011 9283 164426435767652 111111111000000111 134426435767652 19.12 16.68 6.90
0111111111100000011 9283 164426435767652 111111111000000111 144426435767652 19.12 16.68 6.90
0111111111100000011 9283 164426435767652 111111111000000011 154426435767652 19.12 16.68 9.60
0111111111100000011 9283 164426435767652 111111111100000011 174426435767652 19.12 16.68 9.60
0111111111100000011 9283 164426435767652 111111110000000111 160426435767652 19.12 16.68 9.60
0111111111100000011 9283 164426435767652 111111111000000011 161426435767652 19.12 16.68 9.60
0111111111100000011 9283 164426435767652 111111111000000011 162426435767652 19.12 16.68 9.60
0111111111100000011 9283 164426435767652 111111111000000011 163426435767652 19.12 16.68 9.60
0111111111100000011 9283 164426435767652 111111111100000011 165426435767652 19.12 16.68 9.60
0111111111100000011 9283 164426435767652 111111111100000011 166426435767652 19.12 16.68 9.60
0111111111100000011 9283 164426435767652 111111111100000011 167426435767652 19.12 16.68 9.60
0111111111100000011 9283 164426435767652 111111111111111000 164026435767652 19.12 12.51 9.60
0111111111100000011 9283 164426435767652 111111111111000000 164126435767652 19.12 12.51 6.90
0111111111100000011 9283 164426435767652 111111111100000001 164226435767652 19.12 14.59 9.60
0111111111100000011 9283 164426435767652 111111111100000011 164326435767652 19.12 16.68 9.60
0111111111100000011 9283 164426435767652 111111111000000011 164526435767652 19.12 16.68 9.60
0111111111100000011 9283 164426435767652 111111111000000111 164626435767652 19.12 16.68 6.90
0111111111100000011 9283 164426435767652 111111111000000111 164726435767652 19.12 16.68 6.90
0111111111100000011 9283 164426435767652 111111111100000111 164406435767652 19.12 16.68 9.60
0111111111100000011 9283 164426435767652 111111111100000011 164416435767652 19.12 16.68 9.60
0111111111100000011 9283 164426435767652 111111111000000011 164436435767652 19.12 16.68 9.60
0111111111100000011 9283 164426435767652 111111111000000011 164446435767652 19.12 16.68 9.60
0111111111100000011 9283 164426435767652 111111111000000011 164456435767652 19.12 16.68 9.60
0111111111100000011 9283 164426435767652 111111111000000011 164466435767652 19.12 16.68 9.60
0111111111100000011 9283 164426435767652 111111111000000011 164476435767652 19.12 16.68 9.60
0111111111100000011 9283 164426435767652 111111111100000001 164420435767652 19.12 14.59 9.60
0111111111100000011 9283 164426435767652 111111111100000001 164421435767652 19.12 14.59 9.60
0111111111100000011 9283 164426435767652 111111111000000011 164422435767652 19.12 16.68 9.60
0111111111100000011 9283 164426435767652 111111111000000011 164423435767652 19.12 16.68 9.60
0111111111100000011 9283 164426435767652 111111111000000011 164424435767652 19.12 16.68 9.60
0111111111100000011 9283 164426435767652 111111111100000011 164425435767652 19.12 16.68 9.60
0111111111100000011 9283 164426435767652 111111111100000011 164427435767652 19.12 16.68 9.60
0111111111100000011 9283 164426435767652 111110000011111111 164426035767652 19.12 16.68 12.20
0111111111100000011 9283 164426435767652 111111000001111111 164426135767652 19.12 16.68 12.20
0111111111100000011 9283 164426435767652 111111100000011111 164426235767652 19.12 16.68 9.60
0111111111100000011 9283 164426435767652 111111110000001111 164426335767652 19.12 16.68 6.90
0111111111100000011 9283 164426435767652 111111111110000001 164426535767652 19.12 14.59 9.60
0111111111100000011 9283 164426435767652 111111111111000000 164426635767652 19.12 12.51 6.90
0111111111100000011 9283 164426435767652 111111111111110000 164426735767652 19.12 12.51 9.60
0111111111100000011 9283 164426435767652 111111111100000011 164426405767652 19.12 16.68 9.60
0111111111100000011 9283 164426435767652 111111111100000011 164426415767652 19.12 16.68 9.60
0111111111100000011 9283 164426435767652 111111111100000011 164426425767652 19.12 16.68 9.60
0111111111100000011 9283 164426435767652 111111111100000011 164426445767652 19.12 16.68 9.60
0111111111100000011 9283 164426435767652 111111111100000011 164426455767652 19.12 16.68 9.60
0111111111100000011 9283 164426435767652 111111111100000011 164426465767652 19.12 16.68 9.60
0111111111100000011 9283 164426435767652 111111111100000011 164426475767652 19.12 16.68 9.60
0111111111100000011 9283 164426435767652 111111111111111111 164426430767652 19.12 4.17 4.30
0111111111100000011 9283 164426435767652 111111111111111111 164426431767652 19.12 4.17 4.30
0111111111100000011 9283 164426435767652 111111111111111110 164426432767652 19.12 10.42 6.90
0111111111100000011 9283 164426435767652 111111111111100000 164426433767652 19.12 12.51 6.90
0111111111100000011 9283 164426435767652 111111111110000001 164426434767652 19.12 14.59 9.60
0111111111100000011 9283 164426435767652 111111110000000111 164426436767652 19.12 16.68 9.60
0111111111100000011 9283 164426435767652 111111110000001111 164426437767652 19.12 16.68 6.90
0111111111100000011 9283 164426435767652 111111111111111111 164426435067652 19.12 4.17 4.30
0111111111100000011 9283 164426435767652 111111111111111111 164426435167652 19.12 4.17 4.30
0111111111100000011 9283 164426435767652 111111111111111111 164426435267652 19.12 4.17 4.30
0111111111100000011 9283 164426435767652 111111111111111110 164426435367652 19.12 10.42 6.90
0111111111100000011 9283 164426435767652 111111111111110000 164426435467652 19.12 12.51 9.60
0111111111100000011 9283 164426435767652 111111111111000000 164426435567652 19.12 12.51 6.90
0111111111100000011 9283 164426435767652 111111111110000001 164426435667652 19.12 14.59 9.60
0111111111100000011 9283 164426435767652 111111000000000111 164426435707652 19.12 16.68 12.20
0111111111100000011 9283 164426435767652 111111000000001111 164426435717652 19.12 16.68 12.20
0111111111100000011 9283 164426435767652 111111100000001111 164426435727652 19.12 16.68 12.20
0111111111100000011 9283 164426435767652 111111100000001111 164426435737652 19.12 16.68 12.20
0111111111100000011 9283 164426435767652 111111110000000111 164426435747652 19.12 16.68 9.60
0111111111100000011 9283 164426435767652 111111111000000111 164426435757652 19.12 16.68 6.90
0111111111100000011 9283 164426435767652 111111111100000001 164426435777652 19.12 14.59 9.60
0111111111100000011 9283 164426435767652 111111111111111111 164426435760652 19.12 4.17 4.30
0111111111100000011 9283 164426435767652 111111111111111111 164426435761652 19.12 4.17 4.30
0111111111100000011 9283 164426435767652 111111111111111111 164426435762652 19.12 4.17 4.30
0111111111100000011 9283 164426435767652 111111111111111110 164426435763652 19.12 10.42 6.90
0111111111100000011 9283 164426435767652 111111111111110000 164426435764652 19.12 12.51 9.60
0111111111100000011 9283 164426435767652 111111111111000000 164426435765652 19.12 12.51 6.90
0111111111100000011 9283 164426435767652 111111111110000000 164426435766652 19.12 12.51 6.90
0111111111100000011 9283 164426435767652 111111111000000000 164426435767052 19.12 12.51 6.90
0111111111100000011 9283 164426435767652 111111111000000001 164426435767152 19.12 14.59 9.60
0111111111100000011 9283 164426435767652 111111111100000001 164426435767252 19.12 14.59 9.60
0111111111100000011 9283 164426435767652 111111111100000001 164426435767352 19.12 14.59 9.60
0111111111100000011 9283 164426435767652 111111111100000011 164426435767452 19.12 16.68 9.60
0111111111100000011 9283 164426435767652 111111111100000011 164426435767552 19.12 16.68 9.60
0111111111100000011 9283 164426435767652 111111111100000011 164426435767752 19.12 16.68 9.60
0111111111100000011 9283 164426435767652 111100000011111111 164426435767602 19.12 16.68 9.60
0111111111100000011 9283 164426435767652 111110000001111111 164426435767612 19.12 16.68 6.90
0111111111100000011 9283 164426435767652 111111000000111111 164426435767622 19.12 16.68 9.60
0111111111100000011 9283 164426435767652 111111100000001111 164426435767632 19.12 16.68 12.20
0111111111100000011 9283 164426435767652 111111110000000111 164426435767642 19.12 16.68 9.60
0111111111100000011 9283 164426435767652 111111111110000001 164426435767662 19.12 14.59 9.60
0111111111100000011 9283 164426435767652 111111111111000000 164426435767672 19.12 12.51 6.90
0111111111100000011 9283 164426435767652 111111111111111111 164426435767650 19.12 4.17 4.30
0111111111100000011 9283 164426435767652 111111111111100000 164426435767651 19.12 12.51 6.90
0111111111100000011 9283 164426435767652 111111110000001111 164426435767653 19.12 16.68 6.90
0111111111100000011 9283 164426435767652 111111000000011111 164426435767654 19.12 16.68 12.20
0111111111100000011 9283 164426435767652 111111000000111111 164426435767655 19.12 16.68 9.60
0111111111100000011 9283 164426435767652 111110000001111111 164426435767656 19.12 16.68 6.90
0111111111100000011 9283 164426435767652 111110000001111111 164426435767657 19.12 16.68 6.90
0111111111100000011 10640 155175071555765 111111111100000001 055175071555765 19.12 14.59 9.60
0111111111100000011 10640 155175071555765 111111111100000001 255175071555765 19.12 14.59 9.60
0111111111100000011 10640 155175071555765 111111111000000001 355175071555765 19.12 14.59 9.60
0111111111100000011 10640 155175071555765 111111111000000001 455175071555765 19.12 14.59 9.60
0111111111100000011 10640 155175071555765 111111111000000001 555175071555765 19.12 14.59 9.60
0111111111100000011 10640 155175071555765 111111111000000001 655175071555765 19.12 14.59 9.60
0111111111100000011 10640 155175071555765 111111111000000001 755175071555765 19.12 14.59 9.60
0111111111100000011 10640 155175071555765 111111000000011111 105175071555765 19.12 16.68 12.20
0111111111100000011 10640 155175071555765 111111100000001111 115175071555765 19.12 16.68 12.20
0111111111100000011 10640 155175071555765 111111110000000111 125175071555765 19.12 16.68 9.60
0111111111100000011 10640 155175071555765 111111111000000111 135175071555765 19.12 16.68 6.90
0111111111100000011 10640 155175071555765 111111111000000011 145175071555765 19.12 16.68 9.60
0111111111100000011 10640 155175071555765 111111111110000001 165175071555765 19.12 14.59 9.60
0111111111100000011 10640 155175071555765 111111111110000000 175175071555765 19.12 12.51 6.90
0111111111100000011 10640 155175071555765 111111111000000001 150175071555765 19.12 14.59 9.60
0111111111100000011 10640 155175071555765 111111111000000001 151175071555765 19.12 14.59 9.60
0111111111100000011 10640 155175071555765 111111111100000001 152175071555765 19.12 14.59 9.60
0111111111100000011 10640 155175071555765 111111111100000001 153175071555765 19.12 14.59 9.60
0111111111100000011 10640 155175071555765 111111111100000001 154175071555765 19.12 14.59 9.60
0111111111100000011 10640 155175071555765 111111111100000011 156175071555765 19.12 16.68 9.60
0111111111100000011 10640 155175071555765 111111111100000011 157175071555765 19.12 16.68 9.60
0111111111100000011 10640 155175071555765 111111111111110000 155075071555765 19.12 12.51 9.60
0111111111100000011 10640 155175071555765 111111111000000111 155275071555765 19.12 16.68 6.90
0111111111100000011 10640 155175071555765 111111110000000111 155375071555765 19.12 16.68 9.60
0111111111100000011 10640 155175071555765 111111100000001111 155475071555765 19.12 16.68 12.20
0111111111100000011 10640 155175071555765 111111100000001111 155575071555765 19.12 16.68 12.20
0111111111100000011 10640 155175071555765 111111100000001111 155675071555765 19.12 16.68 12.20
0111111111100000011 10640 155175071555765 111111100000001111 155775071555765 19.12 16.68 12.20
0111111111100000011 10640 155175071555765 111111111110000001 155105071555765 19.12 14.59 9.60
0111111111100000011 10640 155175071555765 111111111100000011 155115071555765 19.12 16.68 9.60
0111111111100000011 10640 155175071555765 111111111100000011 155125071555765 19.12 16.68 9.60
0111111111100000011 10640 155175071555765 111111111100000011 155135071555765 19.12 16.68 9.60
0111111111100000011 10640 155175071555765 111111111100000011 155145071555765 19.12 16.68 9.60
0111111111100000011 10640 155175071555765 111111111100000011 155155071555765 19.12 16.68 9.60
0111111111100000011 10640 155175071555765 111111111100000011 155165071555765 19.12 16.68 9.60
0111111111100000011 10640 155175071555765 111111111000000000 155170071555765 19.12 12.51 6.90
0111111111100000011 10640 155175071555765 111111111000000001 155171071555765 19.12 14.59 9.60
0111111111100000011 10640 155175071555765 111111111000000001 155172071555765 19.12 14.59 9.60
0111111111100000011 10640 155175071555765 111111111100000001 155173071555765 19.12 14.59 9.60
0111111111100000011 10640 155175071555765 111111111100000001 155174071555765 19.12 14.59 9.60
0111111111100000011 10640 155175071555765 111111111100000001 155176071555765 19.12 14.59 9.60
0111111111100000011 10640 155175071555765 111111111110000001 155177071555765 19.12 14.59 9.60
0111111111100000011 10640 155175071555765 111111111111100000 155175171555765 19.12 12.51 6.90
0111111111100000011 10640 155175071555765 111111111111111110 155175271555765 19.12 10.42 6.90
0111111111100000011 10640 155175071555765 111111111111111111 155175371555765 19.12 4.17 4.30
0111111111100000011 10640 155175071555765 111111111111111111 155175471555765 19.12 4.17 4.30
0111111111100000011 10640 155175071555765 111111111111111111 155175571555765 19.12 4.17 4.30
0111111111100000011 10640 155175071555765 111111111111111111 155175671555765 19.12 4.17 4.30
0111111111100000011 10640 155175071555765 111111111111111111 155175771555765 19.12 4.17 4.30
0111111111100000011 10640 155175071555765 111111111100000011 155175001555765 19.12 16.68 9.60
0111111111100000011 10640 155175071555765 111111111100000011 155175011555765 19.12 16.68 9.60
0111111111100000011 10640 155175071555765 111111111100000011 155175021555765 19.12 16.68 9.60
0111111111100000011 10640 155175071555765 111111111100000011 155175031555765 19.12 16.68 9.60
0111111111100000011 10640 155175071555765 111111111100000011 155175041555765 19.12 16.68 9.60
0111111111100000011 10640 155175071555765 111111111100000011 155175051555765 19.12 16.68 9.60
0111111111100000011 10640 155175071555765 111111111100000011 155175061555765 19.12 16.68 9.60
0111111111100000011 10640 155175071555765 111111111111111110 155175070555765 19.12 10.42 6.90
0111111111100000011 10640 155175071555765 111111100000001111 155175072555765 19.12 16.68 12.20
0111111111100000011 10640 155175071555765 111111000000011111 155175073555765 19.12 16.68 12.20
0111111111100000011 10640 155175071555765 111110000000111111 155175074555765 19.12 16.68 9.60
0111111111100000011 10640 155175071555765 111110000000111111 155175075555765 19.12 16.68 9.60
0111111111100000011 10640 155175071555765 111100000001111111 155175076555765 19.12 16.68 9.60
0111111111100000011 10640 155175071555765 111100000001111111 155175077555765 19.12 16.68 9.60
0111111111100000011 10640 155175071555765 111111111111111111 155175071055765 19.12 4.17 4.30
0111111111100000011 10640 155175071555765 111111111111111111 155175071155765 19.12 4.17 4.30
0111111111100000011 10640 155175071555765 111111111111110000 155175071255765 19.12 12.51 9.60
0111111111100000011 10640 155175071555765 111111111111000000 155175071355765 19.12 12.51 6.90
0111111111100000011 10640 155175071555765 111111111110000001 155175071455765 19.12 14.59 9.60
0111111111100000011 10640 155175071555765 111111111000000011 155175071655765 19.12 16.68 9.60
0111111111100000011 10640 155175071555765 111111111000000111 155175071755765 19.12 16.68 6.90
0111111111100000011 10640 155175071555765 111111100000000001 155175071505765 19.12 14.59 12.20
0111111111100000011 10640 155175071555765 111111100000000011 155175071515765 19.12 16.68 12.20
0111111111100000011 10640 155175071555765 111111110000000111 155175071525765 19.12 16.68 9.60
0111111111100000011 10640 155175071555765 111111110000000111 155175071535765 19.12 16.68 9.60
0111111111100000011 10640 155175071555765 111111111000000011 155175071545765 19.12 16.68 9.60
0111111111100000011 10640 155175071555765 111111111110000001 155175071565765 19.12 14.59 9.60
0111111111100000011 10640 155175071555765 111111111111000000 155175071575765 19.12 12.51 6.90
0111111111100000011 10640 155175071555765 111111111111111111 155175071550765 19.12 4.17 4.30
0111111111100000011 10640 155175071555765 111111111111111111 155175071551765 19.12 4.17 4.30
0111111111100000011 10640 155175071555765 111111111111111000 155175071552765 19.12 12.51 9.60
0111111111100000011 10640 155175071555765 111111111111000000 155175071553765 19.12 12.51 6.90
0111111111100000011 10640 155175071555765 111111111110000000 155175071554765 19.12 12.51 6.90
0111111111100000011 10640 155175071555765 111111111000000111 155175071556765 19.12 16.68 6.90
0111111111100000011 10640 155175071555765 111111111000001111 155175071557765 19.12 16.68 9.60
0111111111100000011 10640 155175071555765 111111111100000000 155175071555065 19.12 12.51 6.90
0111111111100000011 10640 155175071555765 111111111100000000 155175071555165 19.12 12.51 6.90
0111111111100000011 10640 155175071555765 111111111100000000 155175071555265 19.12 12.51 6.90
0111111111100000011 10640 155175071555765 111111111100000000 155175071555365 19.12 12.51 6.90
0111111111100000011 10640 155175071555765 111111111100000001 155175071555465 19.12 14.59 9.60
0111111111100000011 10640 155175071555765 111111111100000001 155175071555565 19.12 14.59 9.60
0111111111100000011 10640 155175071555765 111111111100000001 155175071555665 19.12 14.59 9.60
0111111111100000011 10640 155175071555765 111111100000000111 155175071555705 19.12 16.68 12.20
0111111111100000011 10640 155175071555765 111111100000001111 155175071555715 19.12 16.68 12.20
0111111111100000011 10640 155175071555765 111111110000000111 155175071555725 19.12 16.68 9.60
0111111111100000011 10640 155175071555765 111111110000000111 155175071555735 19.12 16.68 9.60
0111111111100000011 10640 155175071555765 111111111000000111 155175071555745 19.12 16.68 6.90
0111111111100000011 10640 155175071555765 111111111000000011 155175071555755 19.12 16.68 9.60
0111111111100000011 10640 155175071555765 111111111100000001 155175071555775 19.12 14.59 9.60
0111111111100000011 10640 155175071555765 111111111111111111 155175071555760 19.12 4.17 4.30
0111111111100000011 10640 155175071555765 111111111111111111 155175071555761 19.12 4.17 4.30
0111111111100000011 10640 155175071555765 111111111111111111 155175071555762 19.12 4.17 4.30
0111111111100000011 10640 155175071555765 111111111111110000 155175071555763 19.12 12.51 9.60
0111111111100000011 10640 155175071555765 111111111110000000 155175071555764 19.12 12.51 6.90
0111111111100000011 10640 155175071555765 111111111000000111 155175071555766 19.12 16.68 6.90
0111111111100000011 10640 155175071555765 111111110000000111 155175071555767 19.12 16.68 9.60
0111111111100000011 21669 203543037402412 110000000000000000 003543037402412 19.12 12.51 9.60
0111111111100000011 21669 203543037402412 110000000000000000 103543037402412 19.12 12.51 9.60
0111111111100000011 21669 203543037402412 111111111111111111 303543037402412 19.12 4.17 4.30
0111111111100000011 21669 203543037402412 111111111111111111 403543037402412 19.12 4.17 4.30
0111111111100000011 21669 203543037402412 111111111111111111 503543037402412 19.12 4.17 4.30
0111111111100000011 21669 203543037402412 111111111111111111 603543037402412 19.12 4.17 4.30
0111111111100000011 21669 203543037402412 111111111111111111 703543037402412 19.12 4.17 4.30
0111111111100000011 21669 203543037402412 111000000000000000 213543037402412 19.12 12.51 9.60
0111111111100000011 21669 203543037402412 111000000000000000 223543037402412 19.12 12.51 9.60
0111111111100000011 21669 203543037402412 111000000000000000 233543037402412 19.12 12.51 9.60
0111111111100000011 21669 203543037402412 111000000000000000 243543037402412 19.12 12.51 9.60
0111111111100000011 21669 203543037402412 111000000000000000 253543037402412 19.12 12.51 9.60
0111111111100000011 21669 203543037402412 111100000000000000 263543037402412 19.12 12.51 9.60
0111111111100000011 21669 203543037402412 111100000000000000 273543037402412 19.12 12.51 9.60
0111111111100000011 21669 203543037402412 111111111111111111 200543037402412 19.12 4.17 4.30
0111111111100000011 21669 203543037402412 111111111111111111 201543037402412 19.12 4.17 4.30
0111111111100000011 21669 203543037402412 111111111111111111 202543037402412 19.12 4.17 4.30
0111111111100000011 21669 203543037402412 110000000000000000 204543037402412 19.12 12.51 9.60
0111111111100000011 21669 203543037402412 110000000000000000 205543037402412 19.12 12.51 9.60
0111111111100000011 21669 203543037402412 110000000000000000 206543037402412 19.12 12.51 9.60
0111111111100000011 21669 203543037402412 110000000000000000 207543037402412 19.12 12.51 9.60
0111111111100000011 21669 203543037402412 111000000000000000 203043037402412 19.12 12.51 9.60
0111111111100000011 21669 203543037402412 111000000000000000 203143037402412 19.12 12.51 9.60
0111111111100000011 21669 203543037402412 111000000000000000 203243037402412 19.12 12.51 9.60
0111111111100000011 21669 203543037402412 111000000000000000 203343037402412 19.12 12.51 9.60
0111111111100000011 21669 203543037402412 111000000000000000 203443037402412 19.12 12.51 9.60
0111111111100000011 21669 203543037402412 111111111111111111 203643037402412 19.12 4.17 4.30
0111111111100000011 21669 203543037402412 111111111111111111 203743037402412 19.12 4.17 4.30
0111111111100000011 21669 203543037402412 111000000000000000 203503037402412 19.12 12.51 9.60
0111111111100000011 21669 203543037402412 111000000000000000 203513037402412 19.12 12.51 9.60
0111111111100000011 21669 203543037402412 111100000000000000 203523037402412 19.12 12.51 9.60
0111111111100000011 21669 203543037402412 111111000000000001 203533037402412 19.12 14.59 12.20
0111111111100000011 21669 203543037402412 111111111111111111 203553037402412 19.12 4.17 4.30
0111111111100000011 21669 203543037402412 111111111111111111 203563037402412 19.12 4.17 4.30
0111111111100000011 21669 203543037402412 111111111111111111 203573037402412 19.12 4.17 4.30
0111111111100000011 21669 203543037402412 110000000000000000 203540037402412 19.12 12.51 9.60
0111111111100000011 21669 203543037402412 110000000000000000 203541037402412 19.12 12.51 9.60
0111111111100000011 21669 203543037402412 110000000000000000 203542037402412 19.12 12.51 9.60
0111111111100000011 21669 203543037402412 111111111111111111 203544037402412 19.12 4.17 4.30
0111111111100000011 21669 203543037402412 111111111111111111 203545037402412 19.12 4.17 4.30
0111111111100000011 21669 203543037402412 111111111111111111 203546037402412 19.12 4.17 4.30
0111111111100000011 21669 203543037402412 111111111111111111 203547037402412 19.12 4.17 4.30
0111111111100000011 21669 203543037402412 111000000000000000 203543137402412 19.12 12.51 9.60
0111111111100000011 21669 203543037402412 111100000000000000 203543237402412 19.12 12.51 9.60
0111111111100000011 21669 203543037402412 111110000000000000 203543337402412 19.12 12.51 9.60
0111111111100000011 21669 203543037402412 111110000000000000 203543437402412 19.12 12.51 9.60
0111111111100000011 21669 203543037402412 111111000000000000 203543537402412 19.12 12.51 9.60
0111111111100000011 21669 203543037402412 111111100000000000 203543637402412 19.12 12.51 9.60
0111111111100000011 21669 203543037402412 111111100000000000 203543737402412 19.12 12.51 9.60
0111111111100000011 21669 203543037402412 111111111100000011 203543007402412 19.12 16.68 9.60
0111111111100000011 21669 203543037402412 111111111100000011 203543017402412 19.12 16.68 9.60
0111111111100000011 21669 203543037402412 111111111100000011 203543027402412 19.12 16.68 9.60
0111111111100000011 21669 203543037402412 111111111100000011 203543047402412 19.12 16.68 9.60
0111111111100000011 21669 203543037402412 111111111100000011 203543057402412 19.12 16.68 9.60
0111111111100000011 21669 203543037402412 111111111100000011 203543067402412 19.12 16.68 9.60
0111111111100000011 21669 203543037402412 111111111100000011 203543077402412 19.12 16.68 9.60
0111111111100000011 21669 203543037402412 111111100000000000 203543030402412 19.12 12.51 9.60
0111111111100000011 21669 203543037402412 111110000000000000 203543031402412 19.12 12.51 9.60
0111111111100000011 21669 203543037402412 111100000000000000 203543032402412 19.12 12.51 9.60
0111111111100000011 21669 203543037402412 111000000000000000 203543033402412 19.12 12.51 9.60
0111111111100000011 21669 203543037402412 111000000000000000 203543034402412 19.12 12.51 9.60
0111111111100000011 21669 203543037402412 111000000000000000 203543035402412 19.12 12.51 9.60
0111111111100000011 21669 203543037402412 111000000000000000 203543036402412 19.12 12.51 9.60
0111111111100000011 21669 203543037402412 111111000000000000 203543037002412 19.12 12.51 9.60
0111111111100000011 21669 203543037402412 111100000000000000 203543037102412 19.12 12.51 9.60
0111111111100000011 21669 203543037402412 111000000000000000 203543037202412 19.12 12.51 9.60
0111111111100000011 21669 203543037402412 111000000000000000 203543037302412 19.12 12.51 9.60
0111111111100000011 21669 203543037402412 111111111111111111 203543037502412 19.12 4.17 4.30
0111111111100000011 21669 203543037402412 111111111111111111 203543037602412 19.12 4.17 4.30
0111111111100000011 21669 203543037402412 111111111111111111 203543037702412 19.12 4.17 4.30
0111111111100000011 21669 203543037402412 111110000000001111 203543037412412 19.12 16.68 12.20
0111111111100000011 21669 203543037402412 111000000000001111 203543037422412 19.12 16.68 9.60
0111111111100000011 21669 203543037402412 111000000000011111 203543037432412 19.12 16.68 9.60
0111111111100000011 21669 203543037402412 111000000000011111 203543037442412 19.12 16.68 9.60
0111111111100000011 21669 203543037402412 111000000000011111 203543037452412 19.12 16.68 9.60
0111111111100000011 21669 203543037402412 111000000000011111 203543037462412 19.12 16.68 9.60
0111111111100000011 21669 203543037402412 111000000000011111 203543037472412 19.12 16.68 9.60
0111111111100000011 21669 203543037402412 111111111111111111 203543037400412 19.12 4.17 4.30
0111111111100000011 21669 203543037402412 111111111111111111 203543037401412 19.12 4.17 4.30
0111111111100000011 21669 203543037402412 110000000000000000 203543037403412 19.12 12.51 9.60
0111111111100000011 21669 203543037402412 110000000000000001 203543037404412 19.12 14.59 12.20
0111111111100000011 21669 203543037402412 110000000000000011 203543037405412 19.12 16.68 14.80
0111111111100000011 21669 203543037402412 110000000000000111 203543037406412 19.12 16.68 9.60
0111111111100000011 21669 203543037402412 100000000000000111 203543037407412 19.12 14.59 12.20
0111111111100000011 21669 203543037402412 111111111000000000 203543037402012 19.12 12.51 6.90
0111111111100000011 21669 203543037402412 111111111100000000 203543037402112 19.12 12.51 6.90
0111111111100000011 21669 203543037402412 111111111100000000 203543037402212 19.12 12.51 6.90
0111111111100000011 21669 203543037402412 111111111100000000 203543037402312 19.12 12.51 6.90
0111111111100000011 21669 203543037402412 111111111100000111 203543037402512 19.12 16.68 9.60
0111111111100000011 21669 203543037402412 111111111110011111 203543037402612 19.12 16.68 12.20
0111111111100000011 21669 203543037402412 111111111111111111 203543037402712 19.12 4.17 4.30
0111111111100000011 21669 203543037402412 111111111111111111 203543037402402 19.12 4.17 4.30
0111111111100000011 21669 203543037402412 111000000000000000 203543037402422 19.12 12.51 9.60
0111111111100000011 21669 203543037402412 111000000000000000 203543037402432 19.12 12.51 9.60
0111111111100000011 21669 203543037402412 111000000000000000 203543037402442 19.12 12.51 9.60
0111111111100000011 21669 203543037402412 111100000000000000 203543037402452 19.12 12.51 9.60
0111111111100000011 21669 203543037402412 111100000000000000 203543037402462 19.12 12.51 9.60
0111111111100000011 21669 203543037402412 111110000000000000 203543037402472 19.12 12.51 9.60
0111111111100000011 21669 203543037402412 111100000000000000 203543037402410 19.12 12.51 9.60
0111111111100000011 21669 203543037402412 111000000000000000 203543037402411 19.12 12.51 9.60
0111111111100000011 21669 203543037402412 111111111111111111 203543037402413 19.12 4.17 4.30
0111111111100000011 21669 203543037402412 111111111111111111 203543037402414 19.12 4.17 4.30
0111111111100000011 21669 203543037402412 111111111111111111 203543037402415 19.12 4.17 4.30
0111111111100000011 21669 203543037402412 111111111111111111 203543037402416 19.12 4.17 4.30
0111111111100000011 21669 203543037402412 111111111111111111 203543037402417 19.12 4.17 4.30
0111111111100000011 24158 716302115466661 111111111111000000 016302115466661 19.12 12.51 6.90
0111111111100000011 24158 716302115466661 111111111110000000 116302115466661 19.12 12.51 6.90
0111111111100000011 24158 716302115466661 111111111110000001 216302115466661 19.12 14.59 9.60
0111111111100000011 24158 716302115466661 111111111110000001 316302115466661 19.12 14.59 9.60
0111111111100000011 24158 716302115466661 111111111100000001 416302115466661 19.12 14.59 9.60
0111111111100000011 24158 716302115466661 111111111100000001 516302115466661 19.12 14.59 9.60
0111111111100000011 24158 716302115466661 111111111100000001 616302115466661 19.12 14.59 9.60
0111111111100000011 24158 716302115466661 111111111000000011 706302115466661 19.12 16.68 9.60
0111111111100000011 24158 716302115466661 111111111100000001 726302115466661 19.12 14.59 9.60
0111111111100000011 24158 716302115466661 111111111100000001 736302115466661 19.12 14.59 9.60
0111111111100000011 24158 716302115466661 111111111110000001 746302115466661 19.12 14.59 9.60
0111111111100000011 24158 716302115466661 111111111110000000 756302115466661 19.12 12.51 6.90
0111111111100000011 24158 716302115466661 111111111110000000 766302115466661 19.12 12.51 6.90
0111111111100000011 24158 716302115466661 111111111111000000 776302115466661 19.12 12.51 6.90
0111111111100000011 24158 716302115466661 111111000000001111 710302115466661 19.12 16.68 12.20
0111111111100000011 24158 716302115466661 111111110000000111 711302115466661 19.12 16.68 9.60
0111111111100000011 24158 716302115466661 111111110000000011 712302115466661 19.12 16.68 9.60
0111111111100000011 24158 716302115466661 111111111000000011 713302115466661 19.12 16.68 9.60
0111111111100000011 24158 716302115466661 111111111000000011 714302115466661 19.12 16.68 9.60
0111111111100000011 24158 716302115466661 111111111000000011 715302115466661 19.12 16.68 9.60
0111111111100000011 24158 716302115466661 111111111100000001 717302115466661 19.12 14.59 9.60
0111111111100000011 24158 716302115466661 111111111111000000 716002115466661 19.12 12.51 6.90
0111111111100000011 24158 716302115466661 111111111100000001 716102115466661 19.12 14.59 9.60
0111111111100000011 24158 716302115466661 111111111100000001 716202115466661 19.12 14.59 9.60
0111111111100000011 24158 716302115466661 111111111100000011 716402115466661 19.12 16.68 9.60
0111111111100000011 24158 716302115466661 111111111000000011 716502115466661 19.12 16.68 9.60
0111111111100000011 24158 716302115466661 111111111000000011 716602115466661 19.12 16.68 9.60
0111111111100000011 24158 716302115466661 111111111000000011 716702115466661 19.12 16.68 9.60
0111111111100000011 24158 716302115466661 111111111100000001 716312115466661 19.12 14.59 9.60
0111111111100000011 24158 716302115466661 111111111000000001 716322115466661 19.12 14.59 9.60
0111111111100000011 24158 716302115466661 111111111000000001 716332115466661 19.12 14.59 9.60
0111111111100000011 24158 716302115466661 111111111000000000 716342115466661 19.12 12.51 6.90
0111111111100000011 24158 716302115466661 111111111000000000 716352115466661 19.12 12.51 6.90
0111111111100000011 24158 716302115466661 111111111000000000 716362115466661 19.12 12.51 6.90
0111111111100000011 24158 716302115466661 111111111000000000 716372115466661 19.12 12.51 6.90
0111111111100000011 24158 716302115466661 111111111100000001 716300115466661 19.12 14.59 9.60
0111111111100000011 24158 716302115466661 111111111100000001 716301115466661 19.12 14.59 9.60
0111111111100000011 24158 716302115466661 111111111100000011 716303115466661 19.12 16.68 9.60
0111111111100000011 24158 716302115466661 111111111100000011 716304115466661 19.12 16.68 9.60
0111111111100000011 24158 716302115466661 111111111100000011 716305115466661 19.12 16.68 9.60
0111111111100000011 24158 716302115466661 111111111100000011 716306115466661 19.12 16.68 9.60
0111111111100000011 24158 716302115466661 111111111100000011 716307115466661 19.12 16.68 9.60
0111111111100000011 24158 716302115466661 111111000000111111 716302015466661 19.12 16.68 9.60
0111111111100000011 24158 716302115466661 111111111111110000 716302215466661 19.12 12.51 9.60
0111111111100000011 24158 716302115466661 111111111111111111 716302315466661 19.12 4.17 4.30
0111111111100000011 24158 716302115466661 111111111111111111 716302415466661 19.12 4.17 4.30
0111111111100000011 24158 716302115466661 111111111111111111 716302515466661 19.12 4.17 4.30
0111111111100000011 24158 716302115466661 111111111111111111 716302615466661 19.12 4.17 4.30
0111111111100000011 24158 716302115466661 111111111111111111 716302715466661 19.12 4.17 4.30
0111111111100000011 24158 716302115466661 111111111100000011 716302105466661 19.12 16.68 9.60
0111111111100000011 24158 716302115466661 111111111100000011 716302125466661 19.12 16.68 9.60
0111111111100000011 24158 716302115466661 111111111100000011 716302135466661 19.12 16.68 9.60
0111111111100000011 24158 716302115466661 111111111100000011 716302145466661 19.12 16.68 9.60
0111111111100000011 24158 716302115466661 111111111100000011 716302155466661 19.12 16.68 9.60
0111111111100000011 24158 716302115466661 111111111100000011 716302165466661 19.12 16.68 9.60
0111111111100000011 24158 716302115466661 111111111100000011 716302175466661 19.12 16.68 9.60
0111111111100000011 24158 716302115466661 111111111111111111 716302110466661 19.12 4.17 4.30
0111111111100000011 24158 716302115466661 111111111111111111 716302111466661 19.12 4.17 4.30
0111111111100000011 24158 716302115466661 111111111111111110 716302112466661 19.12 10.42 6.90
0111111111100000011 24158 716302115466661 111111111111100000 716302113466661 19.12 12.51 6.90
0111111111100000011 24158 716302115466661 111111111110000000 716302114466661 19.12 12.51 6.90
0111111111100000011 24158 716302115466661 111111111000000111 716302116466661 19.12 16.68 6.90
0111111111100000011 24158 716302115466661 111111110000000111 716302117466661 19.12 16.68 9.60
0111111111100000011 24158 716302115466661 111111111111111111 716302115066661 19.12 4.17 4.30
0111111111100000011 24158 716302115466661 111111111111111111 716302115166661 19.12 4.17 4.30
0111111111100000011 24158 716302115466661 111111111111111000 716302115266661 19.12 12.51 9.60
0111111111100000011 24158 716302115466661 111111111111000000 716302115366661 19.12 12.51 6.90
0111111111100000011 24158 716302115466661 111111110000000111 716302115566661 19.12 16.68 9.60
0111111111100000011 24158 716302115466661 111111100000001111 716302115666661 19.12 16.68 12.20
0111111111100000011 24158 716302115466661 111111100000011111 716302115766661 19.12 16.68 9.60
0111111111100000011 24158 716302115466661 111111000000000011 716302115406661 19.12 16.68 12.20
0111111111100000011 24158 716302115466661 111111100000000111 716302115416661 19.12 16.68 12.20
0111111111100000011 24158 716302115466661 111111100000000111 716302115426661 19.12 16.68 12.20
0111111111100000011 24158 716302115466661 111111110000000111 716302115436661 19.12 16.68 9.60
0111111111100000011 24158 716302115466661 111111110000000111 716302115446661 19.12 16.68 9.60
0111111111100000011 24158 716302115466661 111111111000000011 716302115456661 19.12 16.68 9.60
0111111111100000011 24158 716302115466661 111111111100000001 716302115476661 19.12 14.59 9.60
0111111111100000011 24158 716302115466661 111111111111111111 716302115460661 19.12 4.17 4.30
0111111111100000011 24158 716302115466661 111111111111111111 716302115461661 19.12 4.17 4.30
0111111111100000011 24158 716302115466661 111111111111111111 716302115462661 19.12 4.17 4.30
0111111111100000011 24158 716302115466661 111111111111111100 716302115463661 19.12 12.51 9.60
0111111111100000011 24158 716302115466661 111111111111100000 716302115464661 19.12 12.51 6.90
0111111111100000011 24158 716302115466661 111111111110000000 716302115465661 19.12 12.51 6.90
0111111111100000011 24158 716302115466661 111111111000000111 716302115467661 19.12 16.68 6.90
0111111111100000011 24158 716302115466661 111111111100000000 716302115466061 19.12 12.51 6.90
0111111111100000011 24158 716302115466661 111111111100000000 716302115466161 19.12 12.51 6.90
0111111111100000011 24158 716302115466661 111111111100000000 716302115466261 19.12 12.51 6.90
0111111111100000011 24158 716302115466661 111111111100000001 716302115466361 19.12 14.59 9.60
0111111111100000011 24158 716302115466661 111111111100000001 716302115466461 19.12 14.59 9.60
0111111111100000011 24158 716302115466661 111111111100000001 716302115466561 19.12 14.59 9.60
0111111111100000011 24158 716302115466661 111111111100000011 716302115466761 19.12 16.68 9.60
0111111111100000011 24158 716302115466661 111100000011111111 716302115466601 19.12 16.68 9.60
0111111111100000011 24158 716302115466661 111100000001111111 716302115466611 19.12 16.68 9.60
0111111111100000011 24158 716302115466661 111110000000111111 716302115466621 19.12 16.68 9.60
0111111111100000011 24158 716302115466661 111111000000011111 716302115466631 19.12 16.68 12.20
0111111111100000011 24158 716302115466661 111111100000001111 716302115466641 19.12 16.68 12.20
0111111111100000011 24158 716302115466661 111111111000000111 716302115466651 19.12 16.68 6.90
0111111111100000011 24158 716302115466661 111111111110000000 716302115466671 19.12 12.51 6.90
0111111111100000011 24158 716302115466661 111111111111111110 716302115466660 19.12 10.42 6.90
0111111111100000011 24158 716302115466661 111111100000001111 716302115466662 19.12 16.68 12.20
0111111111100000011 24158 716302115466661 111111000000011111 716302115466663 19.12 16.68 12.20
0111111111100000011 24158 716302115466661 111110000000111111 716302115466664 19.12 16.68 9.60
0111111111100000011 24158 716302115466661 111100000001111111 716302115466665 19.12 16.68 9.60
0111111111100000011 24158 716302115466661 111100000001111111 716302115466666 19.12 16.68 9.60
0111111111100000011 24158 716302115466661 111100000001111111 716302115466667 19.12 16.68 9.60
0111111111100000011 26487 114563061766620 111111111110000001 014563061766620 19.12 14.59 9.60
0111111111100000011 26487 114563061766620 111111111000000011 214563061766620 19.12 16.68 9.60
0111111111100000011 26487 114563061766620 111111111000000011 314563061766620 19.12 16.68 9.60
0111111111100000011 26487 114563061766620 111111111000000011 414563061766620 19.12 16.68 9.60
0111111111100000011 26487 114563061766620 111111111000000001 514563061766620 19.12 14.59 9.60
0111111111100000011 26487 114563061766620 111111110000000000 614563061766620 19.12 12.51 6.90
0111111111100000011 26487 114563061766620 111111110000000000 714563061766620 19.12 12.51 6.90
0111111111100000011 26487 114563061766620 111111111000000111 104563061766620 19.12 16.68 6.90
0111111111100000011 26487 114563061766620 111111111110000001 124563061766620 19.12 14.59 9.60
0111111111100000011 26487 114563061766620 111111111111000000 134563061766620 19.12 12.51 6.90
0111111111100000011 26487 114563061766620 111111111111100000 144563061766620 19.12 12.51 6.90
0111111111100000011 26487 114563061766620 111111111111110000 154563061766620 19.12 12.51 9.60
0111111111100000011 26487 114563061766620 111111111111111000 164563061766620 19.12 12.51 9.60
0111111111100000011 26487 114563061766620 111111111111111100 174563061766620 19.12 12.51 9.60
0111111111100000011 26487 114563061766620 111111110000000000 110563061766620 19.12 12.51 6.90
0111111111100000011 26487 114563061766620 111111111000000011 111563061766620 19.12 16.68 9.60
0111111111100000011 26487 114563061766620 111111111000000011 112563061766620 19.12 16.68 9.60
0111111111100000011 26487 114563061766620 111111111000000011 113563061766620 19.12 16.68 9.60
0111111111100000011 26487 114563061766620 111111111100000011 115563061766620 19.12 16.68 9.60
0111111111100000011 26487 114563061766620 111111111100000011 116563061766620 19.12 16.68 9.60
0111111111100000011 26487 114563061766620 111111111100000011 117563061766620 19.12 16.68 9.60
0111111111100000011 26487 114563061766620 111111111111111111 114063061766620 19.12 4.17 4.30
0111111111100000011 26487 114563061766620 111111111111110000 114163061766620 19.12 12.51 9.60
0111111111100000011 26487 114563061766620 111111111111000000 114263061766620 19.12 12.51 6.90
0111111111100000011 26487 114563061766620 111111111110000001 114363061766620 19.12 14.59 9.60
0111111111100000011 26487 114563061766620 111111111100000001 114463061766620 19.12 14.59 9.60
0111111111100000011 26487 114563061766620 111111111000000011 114663061766620 19.12 16.68 9.60
0111111111100000011 26487 114563061766620 111111111000000011 114763061766620 19.12 16.68 9.60
0111111111100000011 26487 114563061766620 111111111110000000 114503061766620 19.12 12.51 6.90
0111111111100000011 26487 114563061766620 111111111100000001 114513061766620 19.12 14.59 9.60
0111111111100000011 26487 114563061766620 111111111100000011 114523061766620 19.12 16.68 9.60
0111111111100000011 26487 114563061766620 111111111100000011 114533061766620 19.12 16.68 9.60
0111111111100000011 26487 114563061766620 111111111100000011 114543061766620 19.12 16.68 9.60
0111111111100000011 26487 114563061766620 111111111100000011 114553061766620 19.12 16.68 9.60
0111111111100000011 26487 114563061766620 111111111100000011 114573061766620 19.12 16.68 9.60
0111111111100000011 26487 114563061766620 111111111000000011 114560061766620 19.12 16.68 9.60
0111111111100000011 26487 114563061766620 111111111000000011 114561061766620 19.12 16.68 9.60
0111111111100000011 26487 114563061766620 111111111000000011 114562061766620 19.12 16.68 9.60
0111111111100000011 26487 114563061766620 111111111100000001 114564061766620 19.12 14.59 9.60
0111111111100000011 26487 114563061766620 111111111110000001 114565061766620 19.12 14.59 9.60
0111111111100000011 26487 114563061766620 111111111110000000 114566061766620 19.12 12.51 6.90
0111111111100000011 26487 114563061766620 111111111111000000 114567061766620 19.12 12.51 6.90
0111111111100000011 26487 114563061766620 111111111111111000 114563161766620 19.12 12.51 9.60
0111111111100000011 26487 114563061766620 111111111111111111 114563261766620 19.12 4.17 4.30
0111111111100000011 26487 114563061766620 111111111111111111 114563361766620 19.12 4.17 4.30
0111111111100000011 26487 114563061766620 111111111111111111 114563461766620 19.12 4.17 4.30
0111111111100000011 26487 114563061766620 111111111111111111 114563561766620 19.12 4.17 4.30
0111111111100000011 26487 114563061766620 111111111111111111 114563661766620 19.12 4.17 4.30
0111111111100000011 26487 114563061766620 111111111111111111 114563761766620 19.12 4.17 4.30
0111111111100000011 26487 114563061766620 111111111100000011 114563001766620 19.12 16.68 9.60
0111111111100000011 26487 114563061766620 111111111100000011 114563011766620 19.12 16.68 9.60
0111111111100000011 26487 114563061766620 111111111100000011 114563021766620 19.12 16.68 9.60
0111111111100000011 26487 114563061766620 111111111100000011 114563031766620 19.12 16.68 9.60
0111111111100000011 26487 114563061766620 111111111100000011 114563041766620 19.12 16.68 9.60
0111111111100000011 26487 114563061766620 111111111100000011 114563051766620 19.12 16.68 9.60
0111111111100000011 26487 114563061766620 111111111100000011 114563071766620 19.12 16.68 9.60
0111111111100000011 26487 114563061766620 111111111111111110 114563060766620 19.12 10.42 6.90
0111111111100000011 26487 114563061766620 111111100000001111 114563062766620 19.12 16.68 12.20
0111111111100000011 26487 114563061766620 111111000000011111 114563063766620 19.12 16.68 12.20
0111111111100000011 26487 114563061766620 111110000000111111 114563064766620 19.12 16.68 9.60
0111111111100000011 26487 114563061766620 111110000001111111 114563065766620 19.12 16.68 6.90
0111111111100000011 26487 114563061766620 111100000001111111 114563066766620 19.12 16.68 9.60
0111111111100000011 26487 114563061766620 111100000001111111 114563067766620 19.12 16.68 9.60
0111111111100000011 26487 114563061766620 111111111111111111 114563061066620 19.12 4.17 4.30
0111111111100000011 26487 114563061766620 111111111111111111 114563061166620 19.12 4.17 4.30
0111111111100000011 26487 114563061766620 111111111111111111 114563061266620 19.12 4.17 4.30
0111111111100000011 26487 114563061766620 111111111111111100 114563061366620 19.12 12.51 9.60
0111111111100000011 26487 114563061766620 111111111111110000 114563061466620 19.12 12.51 9.60
0111111111100000011 26487 114563061766620 111111111111000000 114563061566620 19.12 12.51 6.90
0111111111100000011 26487 114563061766620 111111111110000001 114563061666620 19.12 14.59 9.60
0111111111100000011 26487 114563061766620 111111000000000011 114563061706620 19.12 16.68 12.20
0111111111100000011 26487 114563061766620 111111100000000111 114563061716620 19.12 16.68 12.20
0111111111100000011 26487 114563061766620 111111100000000111 114563061726620 19.12 16.68 12.20
0111111111100000011 26487 114563061766620 111111110000000111 114563061736620 19.12 16.68 9.60
0111111111100000011 26487 114563061766620 111111110000000111 114563061746620 19.12 16.68 9.60
0111111111100000011 26487 114563061766620 111111111000000011 114563061756620 19.12 16.68 9.60
0111111111100000011 26487 114563061766620 111111111110000001 114563061776620 19.12 14.59 9.60
0111111111100000011 26487 114563061766620 111111111111111111 114563061760620 19.12 4.17 4.30
0111111111100000011 26487 114563061766620 111111111111111111 114563061761620 19.12 4.17 4.30
0111111111100000011 26487 114563061766620 111111111111111111 114563061762620 19.12 4.17 4.30
0111111111100000011 26487 114563061766620 111111111111111000 114563061763620 19.12 12.51 9.60
0111111111100000011 26487 114563061766620 111111111111100000 114563061764620 19.12 12.51 6.90
0111111111100000011 26487 114563061766620 111111111110000000 114563061765620 19.12 12.51 6.90
0111111111100000011 26487 114563061766620 111111111000000111 114563061767620 19.12 16.68 6.90
0111111111100000011 26487 114563061766620 111111111100000000 114563061766020 19.12 12.51 6.90
0111111111100000011 26487 114563061766620 111111111100000000 114563061766120 19.12 12.51 6.90
0111111111100000011 26487 114563061766620 111111111100000001 114563061766220 19.12 14.59 9.60
0111111111100000011 26487 114563061766620 111111111100000001 114563061766320 19.12 14.59 9.60
0111111111100000011 26487 114563061766620 111111111100000001 114563061766420 19.12 14.59 9.60
0111111111100000011 26487 114563061766620 111111111100000011 114563061766520 19.12 16.68 9.60
0111111111100000011 26487 114563061766620 111111111100000011 114563061766720 19.12 16.68 9.60
0111111111100000011 26487 114563061766620 111111000000000111 114563061766600 19.12 16.68 12.20
0111111111100000011 26487 114563061766620 111111110000000111 114563061766610 19.12 16.68 9.60
0111111111100000011 26487 114563061766620 111111111111000000 114563061766630 19.12 12.51 6.90
0111111111100000011 26487 114563061766620 111111111111110000 114563061766640 19.12 12.51 9.60
0111111111100000011 26487 114563061766620 111111111111111100 114563061766650 19.12 12.51 9.60
0111111111100000011 26487 114563061766620 111111111111111111 114563061766660 19.12 4.17 4.30
0111111111100000011 26487 114563061766620 111111111111111111 114563061766670 19.12 4.17 4.30
0111111111100000011 26487 114563061766620 111111000000011111 114563061766621 19.12 16.68 12.20
0111111111100000011 26487 114563061766620 111110000001111111 114563061766622 19.12 16.68 6.90
0111111111100000011 26487 114563061766620 111100000001111111 114563061766623 19.12 16.68 9.60
0111111111100000011 26487 114563061766620 111000000011111111 114563061766624 19.12 16.68 9.60
0111111111100000011 26487 114563061766620 111000000011111111 114563061766625 19.12 16.68 9.60
0111111111100000011 26487 114563061766620 111000000011111111 114563061766626 19.12 16.68 9.60
0111111111100000011 26487 114563061766620 111000000111111111 114563061766627 19.12 16.68 9.60
0111111111100000011 28731 743655223667720 111111111111110000 043655223667720 19.12 12.51 9.60
0111111111100000011 28731 743655223667720 111111111111100000 143655223667720 19.12 12.51 6.90
0111111111100000011 28731 743655223667720 111111111111000000 243655223667720 19.12 12.51 6.90
0111111111100000011 28731 743655223667720 111111111110000000 343655223667720 19.12 12.51 6.90
0111111111100000011 28731 743655223667720 111111111110000001 443655223667720 19.12 14.59 9.60
0111111111100000011 28731 743655223667720 111111111100000001 543655223667720 19.12 14.59 9.60
0111111111100000011 28731 743655223667720 111111111100000001 643655223667720 19.12 14.59 9.60
0111111111100000011 28731 743655223667720 111111110000000111 703655223667720 19.12 16.68 9.60
0111111111100000011 28731 743655223667720 111111110000000111 713655223667720 19.12 16.68 9.60
0111111111100000011 28731 743655223667720 111111111000000011 723655223667720 19.12 16.68 9.60
0111111111100000011 28731 743655223667720 111111111000000011 733655223667720 19.12 16.68 9.60
0111111111100000011 28731 743655223667720 111111111100000001 753655223667720 19.12 14.59 9.60
0111111111100000011 28731 743655223667720 111111111100000001 763655223667720 19.12 14.59 9.60
0111111111100000011 28731 743655223667720 111111111110000001 773655223667720 19.12 14.59 9.60
0111111111100000011 28731 743655223667720 111111100000000000 740655223667720 19.12 12.51 9.60
0111111111100000011 28731 743655223667720 111111110000000111 741655223667720 19.12 16.68 9.60
0111111111100000011 28731 743655223667720 111111111000000011 742655223667720 19.12 16.68 9.60
0111111111100000011 28731 743655223667720 111111111100000001 744655223667720 19.12 14.59 9.60
0111111111100000011 28731 743655223667720 111111111110000001 745655223667720 19.12 14.59 9.60
0111111111100000011 28731 743655223667720 111111111110000001 746655223667720 19.12 14.59 9.60
0111111111100000011 28731 743655223667720 111111111110000000 747655223667720 19.12 12.51 6.90
0111111111100000011 28731 743655223667720 111111111111111111 743055223667720 19.12 4.17 4.30
0111111111100000011 28731 743655223667720 111111111111110000 743155223667720 19.12 12.51 9.60
0111111111100000011 28731 743655223667720 111111111111000000 743255223667720 19.12 12.51 6.90
0111111111100000011 28731 743655223667720 111111111110000000 743355223667720 19.12 12.51 6.90
0111111111100000011 28731 743655223667720 111111111100000001 743455223667720 19.12 14.59 9.60
0111111111100000011 28731 743655223667720 111111111100000001 743555223667720 19.12 14.59 9.60
0111111111100000011 28731 743655223667720 111111111000000011 743755223667720 19.12 16.68 9.60
0111111111100000011 28731 743655223667720 111111111100000011 743605223667720 19.12 16.68 9.60
0111111111100000011 28731 743655223667720 111111111100000011 743615223667720 19.12 16.68 9.60
0111111111100000011 28731 743655223667720 111111111100000011 743625223667720 19.12 16.68 9.60
0111111111100000011 28731 743655223667720 111111111100000011 743635223667720 19.12 16.68 9.60
0111111111100000011 28731 743655223667720 111111111100000011 743645223667720 19.12 16.68 9.60
0111111111100000011 28731 743655223667720 111111111100000011 743665223667720 19.12 16.68 9.60
0111111111100000011 28731 743655223667720 111111111100000001 743675223667720 19.12 14.59 9.60
0111111111100000011 28731 743655223667720 111111111000000001 743650223667720 19.12 14.59 9.60
0111111111100000011 28731 743655223667720 111111111000000001 743651223667720 19.12 14.59 9.60
0111111111100000011 28731 743655223667720 111111111000000011 743652223667720 19.12 16.68 9.60
0111111111100000011 28731 743655223667720 111111111000000011 743653223667720 19.12 16.68 9.60
0111111111100000011 28731 743655223667720 111111111000000011 743654223667720 19.12 16.68 9.60
0111111111100000011 28731 743655223667720 111111111100000011 743656223667720 19.12 16.68 9.60
0111111111100000011 28731 743655223667720 111111111100000001 743657223667720 19.12 14.59 9.60
0111111111100000011 28731 743655223667720 111111110000000000 743655023667720 19.12 12.51 6.90
0111111111100000011 28731 743655223667720 111111110000000111 743655123667720 19.12 16.68 9.60
0111111111100000011 28731 743655223667720 111111111111000000 743655323667720 19.12 12.51 6.90
0111111111100000011 28731 743655223667720 111111111111110000 743655423667720 19.12 12.51 9.60
0111111111100000011 28731 743655223667720 111111111111111100 743655523667720 19.12 12.51 9.60
0111111111100000011 28731 743655223667720 111111111111111111 743655623667720 19.12 4.17 4.30
0111111111100000011 28731 743655223667720 111111111111111111 743655723667720 19.12 4.17 4.30
0111111111100000011 28731 743655223667720 111111111100000011 743655203667720 19.12 16.68 9.60
0111111111100000011 28731 743655223667720 111111111100000011 743655213667720 19.12 16.68 9.60
0111111111100000011 28731 743655223667720 111111111100000011 743655233667720 19.12 16.68 9.60
0111111111100000011 28731 743655223667720 111111111100000011 743655243667720 19.12 16.68 9.60
0111111111100000011 28731 743655223667720 111111111100000011 743655253667720 19.12 16.68 9.60
0111111111100000011 28731 743655223667720 111111111100000011 743655263667720 19.12 16.68 9.60
0111111111100000011 28731 743655223667720 111111111100000011 743655273667720 19.12 16.68 9.60
0111111111100000011 28731 743655223667720 111111111111111111 743655220667720 19.12 4.17 4.30
0111111111100000011 28731 743655223667720 111111111111111100 743655221667720 19.12 12.51 9.60
0111111111100000011 28731 743655223667720 111111111111000000 743655222667720 19.12 12.51 6.90
0111111111100000011 28731 743655223667720 111111110000000111 743655224667720 19.12 16.68 9.60
0111111111100000011 28731 743655223667720 111111100000001111 743655225667720 19.12 16.68 12.20
0111111111100000011 28731 743655223667720 111111100000001111 743655226667720 19.12 16.68 12.20
0111111111100000011 28731 743655223667720 111111000000011111 743655227667720 19.12 16.68 12.20
0111111111100000011 28731 743655223667720 111111111111111111 743655223067720 19.12 4.17 4.30
0111111111100000011 28731 743655223667720 111111111111111111 743655223167720 19.12 4.17 4.30
0111111111100000011 28731 743655223667720 111111111111111111 743655223267720 19.12 4.17 4.30
0111111111100000011 28731 743655223667720 111111111111111100 743655223367720 19.12 12.51 9.60
0111111111100000011 28731 743655223667720 111111111111100000 743655223467720 19.12 12.51 6.90
0111111111100000011 28731 743655223667720 111111111110000000 743655223567720 19.12 12.51 6.90
0111111111100000011 28731 743655223667720 111111111000000111 743655223767720 19.12 16.68 6.90
0111111111100000011 28731 743655223667720 111111000000000011 743655223607720 19.12 16.68 12.20
0111111111100000011 28731 743655223667720 111111100000000111 743655223617720 19.12 16.68 12.20
0111111111100000011 28731 743655223667720 111111100000000111 743655223627720 19.12 16.68 12.20
0111111111100000011 28731 743655223667720 111111110000000111 743655223637720 19.12 16.68 9.60
0111111111100000011 28731 743655223667720 111111110000000111 743655223647720 19.12 16.68 9.60
0111111111100000011 28731 743655223667720 111111111000000011 743655223657720 19.12 16.68 9.60
0111111111100000011 28731 743655223667720 111111111100000001 743655223677720 19.12 14.59 9.60
0111111111100000011 28731 743655223667720 111111111111111111 743655223660720 19.12 4.17 4.30
0111111111100000011 28731 743655223667720 111111111111111111 743655223661720 19.12 4.17 4.30
0111111111100000011 28731 743655223667720 111111111111111111 743655223662720 19.12 4.17 4.30
0111111111100000011 28731 743655223667720 111111111111111111 743655223663720 19.12 4.17 4.30
0111111111100000011 28731 743655223667720 111111111111111000 743655223664720 19.12 12.51 9.60
0111111111100000011 28731 743655223667720 111111111111100000 743655223665720 19.12 12.51 6.90
0111111111100000011 28731 743655223667720 111111111110000000 743655223666720 19.12 12.51 6.90
0111111111100000011 28731 743655223667720 111111111100000000 743655223667020 19.12 12.51 6.90
0111111111100000011 28731 743655223667720 111111111100000000 743655223667120 19.12 12.51 6.90
0111111111100000011 28731 743655223667720 111111111100000000 743655223667220 19.12 12.51 6.90
0111111111100000011 28731 743655223667720 111111111100000001 743655223667320 19.12 14.59 9.60
0111111111100000011 28731 743655223667720 111111111100000001 743655223667420 19.12 14.59 9.60
0111111111100000011 28731 743655223667720 111111111100000001 743655223667520 19.12 14.59 9.60
0111111111100000011 28731 743655223667720 111111111100000001 743655223667620 19.12 14.59 9.60
0111111111100000011 28731 743655223667720 111111000000000011 743655223667700 19.12 16.68 12.20
0111111111100000011 28731 743655223667720 111111100000001111 743655223667710 19.12 16.68 12.20
0111111111100000011 28731 743655223667720 111111111111000000 743655223667730 19.12 12.51 6.90
0111111111100000011 28731 743655223667720 111111111111111000 743655223667740 19.12 12.51 9.60
0111111111100000011 28731 743655223667720 111111111111111110 743655223667750 19.12 10.42 6.90
0111111111100000011 28731 743655223667720 111111111111111111 743655223667760 19.12 4.17 4.30
0111111111100000011 28731 743655223667720 111111111111111111 743655223667770 19.12 4.17 4.30
0111111111100000011 28731 743655223667720 111111000000011111 743655223667721 19.12 16.68 12.20
0111111111100000011 28731 743655223667720 111110000000111111 743655223667722 19.12 16.68 9.60
0111111111100000011 28731 743655223667720 111100000001111111 743655223667723 19.12 16.68 9.60
0111111111100000011 28731 743655223667720 111000000001111111 743655223667724 19.12 16.68 9.60
0111111111100000011 28731 743655223667720 111000000011111111 743655223667725 19.12 16.68 9.60
0111111111100000011 28731 743655223667720 111000000011111111 743655223667726 19.12 16.68 9.60
0111111111100000011 28731 743655223667720 110000000011111111 743655223667727 19.12 16.68 9.60
0111111111100000011 39236 237422044137651 111111111100000001 037422044137651 19.12 14.59 9.60
0111111111100000011 39236 237422044137651 111111111100000011 137422044137651 19.12 16.68 9.60
0111111111100000011 39236 237422044137651 111111111000000011 337422044137651 19.12 16.68 9.60
0111111111100000011 39236 237422044137651 111111111000000011 437422044137651 19.12 16.68 9.60
0111111111100000011 39236 237422044137651 111111111000000011 537422044137651 19.12 16.68 9.60
0111111111100000011 39236 237422044137651 111111111000000011 637422044137651 19.12 16.68 9.60
0111111111100000011 39236 237422044137651 111111111000000011 737422044137651 19.12 16.68 9.60
0111111111100000011 39236 237422044137651 111111111000000011 207422044137651 19.12 16.68 9.60
0111111111100000011 39236 237422044137651 111111111000000011 217422044137651 19.12 16.68 9.60
0111111111100000011 39236 237422044137651 111111111000000011 227422044137651 19.12 16.68 9.60
0111111111100000011 39236 237422044137651 111111111100000011 247422044137651 19.12 16.68 9.60
0111111111100000011 39236 237422044137651 111111111100000001 257422044137651 19.12 14.59 9.60
0111111111100000011 39236 237422044137651 111111111100000001 267422044137651 19.12 14.59 9.60
0111111111100000011 39236 237422044137651 111111111110000001 277422044137651 19.12 14.59 9.60
0111111111100000011 39236 237422044137651 111111110000000011 230422044137651 19.12 16.68 9.60
0111111111100000011 39236 237422044137651 111111111000000011 231422044137651 19.12 16.68 9.60
0111111111100000011 39236 237422044137651 111111111000000011 232422044137651 19.12 16.68 9.60
0111111111100000011 39236 237422044137651 111111111000000011 233422044137651 19.12 16.68 9.60
0111111111100000011 39236 237422044137651 111111111000000011 234422044137651 19.12 16.68 9.60
0111111111100000011 39236 237422044137651 111111111000000011 235422044137651 19.12 16.68 9.60
0111111111100000011 39236 237422044137651 111111111100000011 236422044137651 19.12 16.68 9.60
0111111111100000011 39236 237422044137651 111111111111100000 237022044137651 19.12 12.51 6.90
0111111111100000011 39236 237422044137651 111111111110000001 237122044137651 19.12 14.59 9.60
0111111111100000011 39236 237422044137651 111111111100000001 237222044137651 19.12 14.59 9.60
0111111111100000011 39236 237422044137651 111111111100000011 237322044137651 19.12 16.68 9.60
0111111111100000011 39236 237422044137651 111111111000000011 237522044137651 19.12 16.68 9.60
0111111111100000011 39236 237422044137651 111111111000000011 237622044137651 19.12 16.68 9.60
0111111111100000011 39236 237422044137651 111111111000000011 237722044137651 19.12 16.68 9.60
0111111111100000011 39236 237422044137651 111111111100000011 237402044137651 19.12 16.68 9.60
0111111111100000011 39236 237422044137651 111111111100000011 237412044137651 19.12 16.68 9.60
0111111111100000011 39236 237422044137651 111111111100000011 237432044137651 19.12 16.68 9.60
0111111111100000011 39236 237422044137651 111111111100000011 237442044137651 19.12 16.68 9.60
0111111111100000011 39236 237422044137651 111111111100000011 237452044137651 19.12 16.68 9.60
0111111111100000011 39236 237422044137651 111111111100000001 237462044137651 19.12 14.59 9.60
0111111111100000011 39236 237422044137651 111111111000000001 237472044137651 19.12 14.59 9.60
0111111111100000011 39236 237422044137651 111111111100000001 237420044137651 19.12 14.59 9.60
0111111111100000011 39236 237422044137651 111111111100000011 237421044137651 19.12 16.68 9.60
0111111111100000011 39236 237422044137651 111111111100000011 237423044137651 19.12 16.68 9.60
0111111111100000011 39236 237422044137651 111111111100000011 237424044137651 19.12 16.68 9.60
0111111111100000011 39236 237422044137651 111111111100000011 237425044137651 19.12 16.68 9.60
0111111111100000011 39236 237422044137651 111111111100000011 237426044137651 19.12 16.68 9.60
0111111111100000011 39236 237422044137651 111111111100000001 237427044137651 19.12 14.59 9.60
0111111111100000011 39236 237422044137651 111111111111111000 237422144137651 19.12 12.51 9.60
0111111111100000011 39236 237422044137651 111111111111111111 237422244137651 19.12 4.17 4.30
0111111111100000011 39236 237422044137651 111111111111111111 237422344137651 19.12 4.17 4.30
0111111111100000011 39236 237422044137651 111111111111111111 237422444137651 19.12 4.17 4.30
0111111111100000011 39236 237422044137651 111111111111111111 237422544137651 19.12 4.17 4.30
0111111111100000011 39236 237422044137651 111111111111111111 237422644137651 19.12 4.17 4.30
0111111111100000011 39236 237422044137651 111111111111111111 237422744137651 19.12 4.17 4.30
0111111111100000011 39236 237422044137651 111111111100000011 237422004137651 19.12 16.68 9.60
0111111111100000011 39236 237422044137651 111111111100000011 237422014137651 19.12 16.68 9.60
0111111111100000011 39236 237422044137651 111111111100000011 237422024137651 19.12 16.68 9.60
0111111111100000011 39236 237422044137651 111111111100000011 237422034137651 19.12 16.68 9.60
0111111111100000011 39236 237422044137651 111111111100000011 237422054137651 19.12 16.68 9.60
0111111111100000011 39236 237422044137651 111111111100000011 237422064137651 19.12 16.68 9.60
0111111111100000011 39236 237422044137651 111111111100000011 237422074137651 19.12 16.68 9.60
0111111111100000011 39236 237422044137651 111111111111111111 237422040137651 19.12 4.17 4.30
0111111111100000011 39236 237422044137651 111111111111111111 237422041137651 19.12 4.17 4.30
0111111111100000011 39236 237422044137651 111111111111110000 237422042137651 19.12 12.51 9.60
0111111111100000011 39236 237422044137651 111111111110000000 237422043137651 19.12 12.51 6.90
0111111111100000011 39236 237422044137651 111111111000000111 237422045137651 19.12 16.68 6.90
0111111111100000011 39236 237422044137651 111111110000001111 237422046137651 19.12 16.68 6.90
0111111111100000011 39236 237422044137651 111111100000001111 237422047137651 19.12 16.68 12.20
0111111111100000011 39236 237422044137651 111111111111111100 237422044037651 19.12 12.51 9.60
0111111111100000011 39236 237422044137651 111111100000001111 237422044237651 19.12 16.68 12.20
0111111111100000011 39236 237422044137651 111111000000011111 237422044337651 19.12 16.68 12.20
0111111111100000011 39236 237422044137651 111111000000111111 237422044437651 19.12 16.68 9.60
0111111111100000011 39236 237422044137651 111110000001111111 237422044537651 19.12 16.68 6.90
0111111111100000011 39236 237422044137651 111110000001111111 237422044637651 19.12 16.68 6.90
0111111111100000011 39236 237422044137651 111100000001111111 237422044737651 19.12 16.68 9.60
0111111111100000011 39236 237422044137651 111111100000000011 237422044107651 19.12 16.68 12.20
0111111111100000011 39236 237422044137651 111111110000000111 237422044117651 19.12 16.68 9.60
0111111111100000011 39236 237422044137651 111111111000000011 237422044127651 19.12 16.68 9.60
0111111111100000011 39236 237422044137651 111111111110000001 237422044147651 19.12 14.59 9.60
0111111111100000011 39236 237422044137651 111111111111000000 237422044157651 19.12 12.51 6.90
0111111111100000011 39236 237422044137651 111111111111100000 237422044167651 19.12 12.51 6.90
0111111111100000011 39236 237422044137651 111111111111110000 237422044177651 19.12 12.51 9.60
0111111111100000011 39236 237422044137651 111111111111111111 237422044130651 19.12 4.17 4.30
0111111111100000011 39236 237422044137651 111111111111111111 237422044131651 19.12 4.17 4.30
0111111111100000011 39236 237422044137651 111111111111111111 237422044132651 19.12 4.17 4.30
0111111111100000011 39236 237422044137651 111111111111111100 237422044133651 19.12 12.51 9.60
0111111111100000011 39236 237422044137651 111111111111100000 237422044134651 19.12 12.51 6.90
0111111111100000011 39236 237422044137651 111111111111000000 237422044135651 19.12 12.51 6.90
0111111111100000011 39236 237422044137651 111111111110000000 237422044136651 19.12 12.51 6.90
0111111111100000011 39236 237422044137651 111111111100000000 237422044137051 19.12 12.51 6.90
0111111111100000011 39236 237422044137651 111111111100000000 237422044137151 19.12 12.51 6.90
0111111111100000011 39236 237422044137651 111111111100000001 237422044137251 19.12 14.59 9.60
0111111111100000011 39236 237422044137651 111111111100000001 237422044137351 19.12 14.59 9.60
0111111111100000011 39236 237422044137651 111111111100000001 237422044137451 19.12 14.59 9.60
0111111111100000011 39236 237422044137651 111111111100000011 237422044137551 19.12 16.68 9.60
0111111111100000011 39236 237422044137651 111111111100000011 237422044137751 19.12 16.68 9.60
0111111111100000011 39236 237422044137651 111110000001111111 237422044137601 19.12 16.68 6.90
0111111111100000011 39236 237422044137651 111111000000111111 237422044137611 19.12 16.68 9.60
0111111111100000011 39236 237422044137651 111111100000011111 237422044137621 19.12 16.68 9.60
0111111111100000011 39236 237422044137651 111111110000001111 237422044137631 19.12 16.68 6.90
0111111111100000011 39236 237422044137651 111111111000000111 237422044137641 19.12 16.68 6.90
0111111111100000011 39236 237422044137651 111111111110000001 237422044137661 19.12 14.59 9.60
0111111111100000011 39236 237422044137651 111111111111000000 237422044137671 19.12 12.51 6.90
0111111111100000011 39236 237422044137651 111111111111111100 237422044137650 19.12 12.51 9.60
0111111111100000011 39236 237422044137651 111111100000001111 237422044137652 19.12 16.68 12.20
0111111111100000011 39236 237422044137651 111111000000011111 237422044137653 19.12 16.68 12.20
0111111111100000011 39236 237422044137651 111110000000111111 237422044137654 19.12 16.68 9.60
0111111111100000011 39236 237422044137651 111110000000111111 237422044137655 19.12 16.68 9.60
0111111111100000011 39236 237422044137651 111100000001111111 237422044137656 19.12 16.68 9.60
0111111111100000011 39236 237422044137651 111100000001111111 237422044137657 19.12 16.68 9.60
