ParentPhenotyope MutantPhenotype proportion KC_col1 KC_col4 Conditional_Complexity
 1100111001100000 0000000000000000 0.3460625 20.00 4.00 25.00
 1100111001100000 1000000000000000 0.10455416666666667 20.00 10.00 30.00
 1100111001100000 1100000000000000 0.0051958333333333336 20.00 12.00 30.00
 1100111001100000 1100110000000000 0.18680833333333333 20.00 18.00 32.50
 1100111001100000 0100011111100010 0.0 20.00 24.00 42.50
 1100111001100000 0010111001110100 0.0 20.00 24.00 40.00
 1100111001100000 1000100000000000 0.0052625 20.00 16.00 32.50
 1100111001100000 1100010000000000 0.0 20.00 16.00 35.00
 1100111001100000 1110101011100000 0.0 20.00 20.00 40.00
 1100111001100000 1110000000000000 0.0468875 20.00 12.00 32.50
 1100111001100000 1100111001100000 0.24819583333333334 20.00 20.00 30.00
 1100111001100000 0110111011000000 0.0 20.00 22.00 40.00
 1100111001100000 1100100000000000 0.0 20.00 16.00 32.50
 1100111001100000 1110010000000000 0.0 20.00 18.00 35.00
 1100111001100000 1111111111111111 0.010645833333333334 20.00 4.00 27.50
 1100111001100000 0100110000000000 0.0 20.00 20.00 32.50
 1100111001100000 1000100010000000 0.0463875 20.00 16.00 32.50
 1100111001100000 0100110001000000 0.0 20.00 22.00 32.50
 1100111001100000 1000110000000000 0.0 20.00 18.00 35.00
 1100111001100000 0100111000000000 0.0 20.00 20.00 32.50
 1100111001100000 1000110010000000 0.0 20.00 20.00 35.00
 1100111001100000 0100111001000000 0.0 20.00 20.00 32.50
 1100111001100000 0110111111110110 0.0 20.00 24.00 42.50
 0110111011000000 0000000000000000 0.3455875 22.00 4.00 27.50
 0110111011000000 1000000000000000 0.10422916666666666 22.00 10.00 32.50
 0110111011000000 1100000000000000 0.0051875 22.00 12.00 32.50
 0110111011000000 1100110000000000 0.1864375 22.00 18.00 37.50
 0110111011000000 0100011111100010 0.0 22.00 24.00 45.00
 0110111011000000 0010111001110100 0.0 22.00 24.00 45.00
 0110111011000000 1000100000000000 0.0054958333333333335 22.00 16.00 35.00
 0110111011000000 1100010000000000 0.0 22.00 16.00 37.50
 0110111011000000 1110101011100000 0.0 22.00 20.00 42.50
 0110111011000000 1110000000000000 0.047329166666666665 22.00 12.00 35.00
 0110111011000000 1100111001100000 0.0 22.00 20.00 40.00
 0110111011000000 0110111011000000 0.24892083333333334 22.00 22.00 32.50
 0110111011000000 1100100000000000 0.0 22.00 16.00 37.50
 0110111011000000 1110010000000000 0.0 22.00 18.00 40.00
 0110111011000000 1111111111111111 0.010891666666666666 22.00 4.00 30.00
 0110111011000000 0100110000000000 0.0 22.00 20.00 37.50
 0110111011000000 1000100010000000 0.045920833333333334 22.00 16.00 35.00
 0110111011000000 0100110001000000 0.0 22.00 22.00 37.50
 0110111011000000 1000110000000000 0.0 22.00 18.00 37.50
 0110111011000000 0100111000000000 0.0 22.00 20.00 40.00
 0110111011000000 1000110010000000 0.0 22.00 20.00 40.00
 0110111011000000 0100111001000000 0.0 22.00 20.00 40.00
 0110111011000000 0110111111110110 0.0 22.00 24.00 45.00
 1100100000000000 0000000000000000 0.33627083333333335 16.00 4.00 20.00
 1100100000000000 1000000000000000 0.10504583333333334 16.00 10.00 27.50
 1100100000000000 1100000000000000 0.092775 16.00 12.00 30.00
 1100100000000000 1100110000000000 0.012445833333333333 16.00 18.00 32.50
 1100100000000000 0100011111100010 0.0038875 16.00 24.00 40.00
 1100100000000000 0010111001110100 0.0038625 16.00 24.00 42.50
 1100100000000000 1000100000000000 0.09298333333333333 16.00 16.00 30.00
 1100100000000000 1100010000000000 0.0 16.00 16.00 32.50
 1100100000000000 1110101011100000 0.007841666666666667 16.00 20.00 37.50
 1100100000000000 1110000000000000 0.0 16.00 12.00 30.00
 1100100000000000 1100111001100000 0.0 16.00 20.00 37.50
 1100100000000000 0110111011000000 0.0 16.00 22.00 37.50
 1100100000000000 1100100000000000 0.2952958333333333 16.00 16.00 25.00
 1100100000000000 1110010000000000 0.020316666666666667 16.00 18.00 27.50
 1100100000000000 1111111111111111 0.0 16.00 4.00 25.00
 1100100000000000 0100110000000000 0.0012291666666666666 16.00 20.00 32.50
 1100100000000000 1000100010000000 0.0 16.00 16.00 30.00
 1100100000000000 0100110001000000 0.0 16.00 22.00 35.00
 1100100000000000 1000110000000000 0.0 16.00 18.00 32.50
 1100100000000000 0100111000000000 0.0 16.00 20.00 32.50
 1100100000000000 1000110010000000 0.020566666666666667 16.00 20.00 32.50
 1100100000000000 0100111001000000 0.0 16.00 20.00 32.50
 1100100000000000 0110111111110110 0.007479166666666667 16.00 24.00 40.00
 1110010000000000 0000000000000000 0.32255416666666664 18.00 4.00 22.50
 1110010000000000 1000000000000000 0.11312916666666667 18.00 10.00 27.50
 1110010000000000 1100000000000000 0.0 18.00 12.00 30.00
 1110010000000000 1100110000000000 0.003191666666666667 18.00 18.00 32.50
 1110010000000000 0100011111100010 0.0 18.00 24.00 40.00
 1110010000000000 0010111001110100 0.0 18.00 24.00 42.50
 1110010000000000 1000100000000000 0.005383333333333334 18.00 16.00 30.00
 1110010000000000 1100010000000000 0.0921125 18.00 16.00 30.00
 1110010000000000 1110101011100000 0.0 18.00 20.00 37.50
 1110010000000000 1110000000000000 0.0921125 18.00 12.00 30.00
 1110010000000000 1100111001100000 0.0 18.00 20.00 37.50
 1110010000000000 0110111011000000 0.0 18.00 22.00 37.50
 1110010000000000 1100100000000000 0.0921125 18.00 16.00 25.00
 1110010000000000 1110010000000000 0.247875 18.00 18.00 27.50
 1110010000000000 1111111111111111 0.0 18.00 4.00 27.50
 1110010000000000 0100110000000000 0.0 18.00 20.00 32.50
 1110010000000000 1000100010000000 0.0 18.00 16.00 30.00
 1110010000000000 0100110001000000 0.0 18.00 22.00 35.00
 1110010000000000 1000110000000000 0.0 18.00 18.00 32.50
 1110010000000000 0100111000000000 0.0 18.00 20.00 32.50
 1110010000000000 1000110010000000 0.0 18.00 20.00 30.00
 1110010000000000 0100111001000000 0.020970833333333334 18.00 20.00 32.50
 1110010000000000 0110111111110110 0.010558333333333333 18.00 24.00 42.50
 1111111111111111 0000000000000000 0.5367083333333333 4.00 4.00 15.00
 1111111111111111 1000000000000000 0.0 4.00 10.00 15.00
 1111111111111111 1100000000000000 0.0 4.00 12.00 15.00
 1111111111111111 1100110000000000 0.2733833333333333 4.00 18.00 25.00
 1111111111111111 0100011111100010 0.03474583333333333 4.00 24.00 35.00
 1111111111111111 0010111001110100 0.035166666666666666 4.00 24.00 35.00
 1111111111111111 1000100000000000 0.0 4.00 16.00 22.50
 1111111111111111 1100010000000000 0.0 4.00 16.00 22.50
 1111111111111111 1110101011100000 0.0 4.00 20.00 25.00
 1111111111111111 1110000000000000 0.0 4.00 12.00 15.00
 1111111111111111 1100111001100000 0.0104375 4.00 20.00 27.50
 1111111111111111 0110111011000000 0.010395833333333333 4.00 22.00 27.50
 1111111111111111 1100100000000000 0.0 4.00 16.00 22.50
 1111111111111111 1110010000000000 0.0 4.00 18.00 22.50
 1111111111111111 1111111111111111 0.0991625 4.00 4.00 5.00
 1111111111111111 0100110000000000 0.0 4.00 20.00 27.50
 1111111111111111 1000100010000000 0.0 4.00 16.00 22.50
 1111111111111111 0100110001000000 0.0 4.00 22.00 27.50
 1111111111111111 1000110000000000 0.0 4.00 18.00 25.00
 1111111111111111 0100111000000000 0.0 4.00 20.00 27.50
 1111111111111111 1000110010000000 0.0 4.00 20.00 27.50
 1111111111111111 0100111001000000 0.0 4.00 20.00 30.00
 1111111111111111 0110111111110110 0.0 4.00 24.00 27.50
 0100110000000000 0000000000000000 0.33573333333333333 20.00 4.00 25.00
 0100110000000000 1000000000000000 0.1050625 20.00 10.00 30.00
 0100110000000000 1100000000000000 0.09320416666666667 20.00 12.00 32.50
 0100110000000000 1100110000000000 0.012608333333333333 20.00 18.00 30.00
 0100110000000000 0100011111100010 0.0038458333333333335 20.00 24.00 45.00
 0100110000000000 0010111001110100 0.0038166666666666666 20.00 24.00 42.50
 0100110000000000 1000100000000000 0.09331666666666667 20.00 16.00 32.50
 0100110000000000 1100010000000000 0.0 20.00 16.00 32.50
 0100110000000000 1110101011100000 0.007925 20.00 20.00 42.50
 0100110000000000 1110000000000000 0.0 20.00 12.00 32.50
 0100110000000000 1100111001100000 0.0 20.00 20.00 37.50
 0100110000000000 0110111011000000 0.0 20.00 22.00 42.50
 0100110000000000 1100100000000000 0.0012041666666666668 20.00 16.00 32.50
 0100110000000000 1110010000000000 0.0 20.00 18.00 35.00
 0100110000000000 1111111111111111 0.0 20.00 4.00 30.00
 0100110000000000 0100110000000000 0.2937125 20.00 20.00 30.00
 0100110000000000 1000100010000000 0.0 20.00 16.00 32.50
 0100110000000000 0100110001000000 0.020958333333333332 20.00 22.00 35.00
 0100110000000000 1000110000000000 0.0 20.00 18.00 35.00
 0100110000000000 0100111000000000 0.020783333333333334 20.00 20.00 35.00
 0100110000000000 1000110010000000 0.0 20.00 20.00 37.50
 0100110000000000 0100111001000000 0.0 20.00 20.00 37.50
 0100110000000000 0110111111110110 0.007829166666666667 20.00 24.00 45.00
 1000100010000000 0000000000000000 0.29359583333333333 16.00 4.00 20.00
 1000100010000000 1000000000000000 0.10504166666666667 16.00 10.00 25.00
 1000100010000000 1100000000000000 0.00765 16.00 12.00 30.00
 1000100010000000 1100110000000000 0.0048916666666666666 16.00 18.00 32.50
 1000100010000000 0100011111100010 0.0076625 16.00 24.00 40.00
 1000100010000000 0010111001110100 0.0076625 16.00 24.00 42.50
 1000100010000000 1000100000000000 0.17835 16.00 16.00 25.00
 1000100010000000 1100010000000000 0.0 16.00 16.00 30.00
 1000100010000000 1110101011100000 0.0157 16.00 20.00 37.50
 1000100010000000 1110000000000000 0.0012416666666666667 16.00 12.00 30.00
 1000100010000000 1100111001100000 0.0214 16.00 20.00 37.50
 1000100010000000 0110111011000000 0.020983333333333333 16.00 22.00 37.50
 1000100010000000 1100100000000000 0.0 16.00 16.00 30.00
 1000100010000000 1110010000000000 0.0 16.00 18.00 35.00
 1000100010000000 1111111111111111 0.0 16.00 4.00 25.00
 1000100010000000 0100110000000000 0.0 16.00 20.00 35.00
 1000100010000000 1000100010000000 0.29412083333333333 16.00 16.00 25.00
 1000100010000000 0100110001000000 0.020608333333333333 16.00 22.00 32.50
 1000100010000000 1000110000000000 0.0 16.00 18.00 32.50
 1000100010000000 0100111000000000 0.0 16.00 20.00 32.50
 1000100010000000 1000110010000000 0.02109166666666667 16.00 20.00 30.00
 1000100010000000 0100111001000000 0.0 16.00 20.00 35.00
 1000100010000000 0110111111110110 0.0 16.00 24.00 40.00
 0100110001000000 0000000000000000 0.32342916666666666 22.00 4.00 27.50
 0100110001000000 1000000000000000 0.1133875 22.00 10.00 32.50
 0100110001000000 1100000000000000 0.005408333333333334 22.00 12.00 35.00
 0100110001000000 1100110000000000 0.003075 22.00 18.00 37.50
 0100110001000000 0100011111100010 0.0 22.00 24.00 45.00
 0100110001000000 0010111001110100 0.0 22.00 24.00 47.50
 0100110001000000 1000100000000000 0.0 22.00 16.00 35.00
 0100110001000000 1100010000000000 0.09179583333333333 22.00 16.00 32.50
 0100110001000000 1110101011100000 0.0 22.00 20.00 45.00
 0100110001000000 1110000000000000 0.0 22.00 12.00 37.50
 0100110001000000 1100111001100000 0.0 22.00 20.00 40.00
 0100110001000000 0110111011000000 0.0 22.00 22.00 45.00
 0100110001000000 1100100000000000 0.0 22.00 16.00 37.50
 0100110001000000 1110010000000000 0.0 22.00 18.00 40.00
 0100110001000000 1111111111111111 0.0 22.00 4.00 32.50
 0100110001000000 0100110000000000 0.09179583333333333 22.00 20.00 37.50
 0100110001000000 1000100010000000 0.09179583333333333 22.00 16.00 32.50
 0100110001000000 0100110001000000 0.2477375 22.00 22.00 32.50
 0100110001000000 1000110000000000 0.0 22.00 18.00 40.00
 0100110001000000 0100111000000000 0.0 22.00 20.00 40.00
 0100110001000000 1000110010000000 0.0 22.00 20.00 37.50
 0100110001000000 0100111001000000 0.020816666666666667 22.00 20.00 37.50
 0100110001000000 0110111111110110 0.010758333333333333 22.00 24.00 47.50
 1000110000000000 0000000000000000 0.3339958333333333 18.00 4.00 22.50
 1000110000000000 1000000000000000 0.10483333333333333 18.00 10.00 27.50
 1000110000000000 1100000000000000 0.09330833333333333 18.00 12.00 27.50
 1000110000000000 1100110000000000 0.01265 18.00 18.00 32.50
 1000110000000000 0100011111100010 0.003779166666666667 18.00 24.00 40.00
 1000110000000000 0010111001110100 0.004066666666666666 18.00 24.00 40.00
 1000110000000000 1000100000000000 0.09332916666666667 18.00 16.00 30.00
 1000110000000000 1100010000000000 0.0012416666666666667 18.00 16.00 30.00
 1000110000000000 1110101011100000 0.007575 18.00 20.00 37.50
 1000110000000000 1110000000000000 0.0 18.00 12.00 30.00
 1000110000000000 1100111001100000 0.0 18.00 20.00 37.50
 1000110000000000 0110111011000000 0.0 18.00 22.00 37.50
 1000110000000000 1100100000000000 0.0 18.00 16.00 30.00
 1000110000000000 1110010000000000 0.0 18.00 18.00 32.50
 1000110000000000 1111111111111111 0.0 18.00 4.00 25.00
 1000110000000000 0100110000000000 0.0 18.00 20.00 30.00
 1000110000000000 1000100010000000 0.0 18.00 16.00 30.00
 1000110000000000 0100110001000000 0.0 18.00 22.00 32.50
 1000110000000000 1000110000000000 0.2949041666666667 18.00 18.00 27.50
 1000110000000000 0100111000000000 0.021329166666666666 18.00 20.00 32.50
 1000110000000000 1000110010000000 0.021066666666666668 18.00 20.00 32.50
 1000110000000000 0100111001000000 0.0 18.00 20.00 35.00
 1000110000000000 0110111111110110 0.007920833333333334 18.00 24.00 40.00
 0100111000000000 0000000000000000 0.3238375 20.00 4.00 25.00
 0100111000000000 1000000000000000 0.1132125 20.00 10.00 32.50
 0100111000000000 1100000000000000 0.0 20.00 12.00 32.50
 0100111000000000 1100110000000000 0.00325 20.00 18.00 35.00
 0100111000000000 0100011111100010 0.0 20.00 24.00 45.00
 0100111000000000 0010111001110100 0.0 20.00 24.00 42.50
 0100111000000000 1000100000000000 0.005358333333333333 20.00 16.00 35.00
 0100111000000000 1100010000000000 0.0 20.00 16.00 35.00
 0100111000000000 1110101011100000 0.0 20.00 20.00 42.50
 0100111000000000 1110000000000000 0.09170833333333334 20.00 12.00 32.50
 0100111000000000 1100111001100000 0.0 20.00 20.00 37.50
 0100111000000000 0110111011000000 0.0 20.00 22.00 42.50
 0100111000000000 1100100000000000 0.0 20.00 16.00 32.50
 0100111000000000 1110010000000000 0.0 20.00 18.00 35.00
 0100111000000000 1111111111111111 0.0 20.00 4.00 30.00
 0100111000000000 0100110000000000 0.09170833333333334 20.00 20.00 35.00
 0100111000000000 1000100010000000 0.0 20.00 16.00 35.00
 0100111000000000 0100110001000000 0.0 20.00 22.00 37.50
 0100111000000000 1000110000000000 0.09170833333333334 20.00 18.00 35.00
 0100111000000000 0100111000000000 0.24807916666666666 20.00 20.00 30.00
 0100111000000000 1000110010000000 0.0 20.00 20.00 37.50
 0100111000000000 0100111001000000 0.020670833333333333 20.00 20.00 35.00
 0100111000000000 0110111111110110 0.010466666666666668 20.00 24.00 45.00
 1000000000000000 0000000000000000 0.15556666666666666 10.00 4.00 12.50
 1000000000000000 1000000000000000 0.6799625 10.00 10.00 17.50
 1000000000000000 1100000000000000 0.038329166666666664 10.00 12.00 20.00
 1000000000000000 1100110000000000 0.060754166666666665 10.00 18.00 25.00
 1000000000000000 0100011111100010 0.0030583333333333335 10.00 24.00 32.50
 1000000000000000 0010111001110100 0.0031541666666666667 10.00 24.00 35.00
 1000000000000000 1000100000000000 0.03914583333333333 10.00 16.00 22.50
 1000000000000000 1100010000000000 0.0027875 10.00 16.00 25.00
 1000000000000000 1110101011100000 0.0 10.00 20.00 30.00
 1000000000000000 1110000000000000 0.0023875 10.00 12.00 22.50
 1000000000000000 1100111001100000 0.00115 10.00 20.00 30.00
 1000000000000000 0110111011000000 0.0012041666666666668 10.00 22.00 30.00
 1000000000000000 1100100000000000 0.0026708333333333332 10.00 16.00 25.00
 1000000000000000 1110010000000000 0.0005166666666666667 10.00 18.00 27.50
 1000000000000000 1111111111111111 0.0 10.00 4.00 17.50
 1000000000000000 0100110000000000 0.0023791666666666666 10.00 20.00 25.00
 1000000000000000 1000100010000000 0.00255 10.00 16.00 22.50
 1000000000000000 0100110001000000 0.0006583333333333334 10.00 22.00 27.50
 1000000000000000 1000110000000000 0.002608333333333333 10.00 18.00 25.00
 1000000000000000 0100111000000000 0.0005041666666666667 10.00 20.00 25.00
 1000000000000000 1000110010000000 0.0005291666666666667 10.00 20.00 27.50
 1000000000000000 0100111001000000 8.333333333333333e-05 10.00 20.00 27.50
 1000000000000000 0110111111110110 0.0 10.00 24.00 32.50
 1000110010000000 0000000000000000 0.3230458333333333 20.00 4.00 25.00
 1000110010000000 1000000000000000 0.1133 20.00 10.00 27.50
 1000110010000000 1100000000000000 0.005354166666666667 20.00 12.00 30.00
 1000110010000000 1100110000000000 0.0032333333333333333 20.00 18.00 35.00
 1000110010000000 0100011111100010 0.0 20.00 24.00 45.00
 1000110010000000 0010111001110100 0.0 20.00 24.00 45.00
 1000110010000000 1000100000000000 0.0 20.00 16.00 32.50
 1000110010000000 1100010000000000 0.0 20.00 16.00 32.50
 1000110010000000 1110101011100000 0.0 20.00 20.00 42.50
 1000110010000000 1110000000000000 0.0 20.00 12.00 35.00
 1000110010000000 1100111001100000 0.0 20.00 20.00 37.50
 1000110010000000 0110111011000000 0.0 20.00 22.00 40.00
 1000110010000000 1100100000000000 0.0918 20.00 16.00 27.50
 1000110010000000 1110010000000000 0.0 20.00 18.00 35.00
 1000110010000000 1111111111111111 0.0 20.00 4.00 30.00
 1000110010000000 0100110000000000 0.0 20.00 20.00 37.50
 1000110010000000 1000100010000000 0.0918 20.00 16.00 32.50
 1000110010000000 0100110001000000 0.0 20.00 22.00 35.00
 1000110010000000 1000110000000000 0.0918 20.00 18.00 35.00
 1000110010000000 0100111000000000 0.0 20.00 20.00 37.50
 1000110010000000 1000110010000000 0.2485 20.00 20.00 30.00
 1000110010000000 0100111001000000 0.020758333333333333 20.00 20.00 37.50
 1000110010000000 0110111111110110 0.010408333333333334 20.00 24.00 45.00
 0100111001000000 0000000000000000 0.29825 20.00 4.00 25.00
 0100111001000000 1000000000000000 0.125 20.00 10.00 32.50
 0100111001000000 1100000000000000 0.0 20.00 12.00 35.00
 0100111001000000 1100110000000000 0.0 20.00 18.00 37.50
 0100111001000000 0100011111100010 0.0 20.00 24.00 45.00
 0100111001000000 0010111001110100 0.0 20.00 24.00 45.00
 0100111001000000 1000100000000000 0.0 20.00 16.00 35.00
 0100111001000000 1100010000000000 0.0 20.00 16.00 37.50
 0100111001000000 1110101011100000 0.0 20.00 20.00 42.50
 0100111001000000 1110000000000000 0.0 20.00 12.00 35.00
 0100111001000000 1100111001100000 0.0 20.00 20.00 37.50
 0100111001000000 0110111011000000 0.0 20.00 22.00 42.50
 0100111001000000 1100100000000000 0.0 20.00 16.00 32.50
 0100111001000000 1110010000000000 0.09475 20.00 18.00 35.00
 0100111001000000 1111111111111111 0.0 20.00 4.00 30.00
 0100111001000000 0100110000000000 0.0 20.00 20.00 37.50
 0100111001000000 1000100010000000 0.0 20.00 16.00 35.00
 0100111001000000 0100110001000000 0.09475 20.00 22.00 35.00
 0100111001000000 1000110000000000 0.0 20.00 18.00 40.00
 0100111001000000 0100111000000000 0.09475 20.00 20.00 35.00
 0100111001000000 1000110010000000 0.09475 20.00 20.00 35.00
 0100111001000000 0100111001000000 0.19775 20.00 20.00 30.00
 0100111001000000 0110111111110110 0.0 20.00 24.00 45.00
 1100000000000000 0000000000000000 0.28018333333333334 12.00 4.00 15.00
 1100000000000000 1000000000000000 0.1860375 12.00 10.00 17.50
 1100000000000000 1100000000000000 0.35387083333333336 12.00 12.00 20.00
 1100000000000000 1100110000000000 0.06367916666666666 12.00 18.00 27.50
 1100000000000000 0100011111100010 0.011495833333333334 12.00 24.00 35.00
 1100000000000000 0010111001110100 0.011133333333333334 12.00 24.00 37.50
 1100000000000000 1000100000000000 0.005845833333333333 12.00 16.00 22.50
 1100000000000000 1100010000000000 0.010479166666666666 12.00 16.00 25.00
 1100000000000000 1110101011100000 0.022308333333333333 12.00 20.00 32.50
 1100000000000000 1110000000000000 0.020745833333333335 12.00 12.00 20.00
 1100000000000000 1100111001100000 0.0002458333333333333 12.00 20.00 32.50
 1100000000000000 0110111011000000 0.0002708333333333333 12.00 22.00 32.50
 1100000000000000 1100100000000000 0.01095 12.00 16.00 25.00
 1100000000000000 1110010000000000 0.0 12.00 18.00 27.50
 1100000000000000 1111111111111111 0.0 12.00 4.00 20.00
 1100000000000000 0100110000000000 0.010645833333333334 12.00 20.00 27.50
 1100000000000000 1000100010000000 0.0009 12.00 16.00 25.00
 1100000000000000 0100110001000000 0.00015833333333333332 12.00 22.00 30.00
 1100000000000000 1000110000000000 0.0109 12.00 18.00 27.50
 1100000000000000 0100111000000000 0.0 12.00 20.00 27.50
 1100000000000000 1000110010000000 0.00015 12.00 20.00 30.00
 1100000000000000 0100111001000000 0.0 12.00 20.00 30.00
 1100000000000000 0110111111110110 0.0 12.00 24.00 35.00
 1100110000000000 0000000000000000 0.3747916666666667 18.00 4.00 22.50
 1100110000000000 1000000000000000 0.16752916666666667 18.00 10.00 27.50
 1100110000000000 1100000000000000 0.036254166666666664 18.00 12.00 30.00
 1100110000000000 1100110000000000 0.33722083333333336 18.00 18.00 27.50
 1100110000000000 0100011111100010 0.010225 18.00 24.00 42.50
 1100110000000000 0010111001110100 0.010141666666666667 18.00 24.00 40.00
 1100110000000000 1000100000000000 0.035908333333333334 18.00 16.00 30.00
 1100110000000000 1100010000000000 0.0007625 18.00 16.00 30.00
 1100110000000000 1110101011100000 0.0025625 18.00 20.00 40.00
 1100110000000000 1110000000000000 0.00031666666666666665 18.00 12.00 30.00
 1100110000000000 1100111001100000 0.00555 18.00 20.00 35.00
 1100110000000000 0110111011000000 0.005908333333333333 18.00 22.00 40.00
 1100110000000000 1100100000000000 0.0008125 18.00 16.00 30.00
 1100110000000000 1110010000000000 5.4166666666666664e-05 18.00 18.00 32.50
 1100110000000000 1111111111111111 0.008595833333333334 18.00 4.00 27.50
 1100110000000000 0100110000000000 0.000825 18.00 20.00 27.50
 1100110000000000 1000100010000000 0.00029583333333333333 18.00 16.00 30.00
 1100110000000000 0100110001000000 7.083333333333334e-05 18.00 22.00 32.50
 1100110000000000 1000110000000000 0.0008208333333333334 18.00 18.00 32.50
 1100110000000000 0100111000000000 2.9166666666666666e-05 18.00 20.00 32.50
 1100110000000000 1000110010000000 7.916666666666666e-05 18.00 20.00 35.00
 1100110000000000 0100111001000000 0.0 18.00 20.00 35.00
 1100110000000000 0110111111110110 0.0012458333333333334 18.00 24.00 42.50
 0100011111100010 0000000000000000 0.4937125 24.00 4.00 30.00
 0100011111100010 1000000000000000 0.0861875 24.00 10.00 35.00
 0100011111100010 1100000000000000 0.06527916666666667 24.00 12.00 37.50
 0100011111100010 1100110000000000 0.10645833333333334 24.00 18.00 40.00
 0100011111100010 0100011111100010 0.13024166666666667 24.00 24.00 35.00
 0100011111100010 0010111001110100 0.004670833333333333 24.00 24.00 47.50
 0100011111100010 1000100000000000 0.064425 24.00 16.00 35.00
 0100011111100010 1100010000000000 0.0026875 24.00 16.00 35.00
 0100011111100010 1110101011100000 0.006758333333333333 24.00 20.00 42.50
 0100011111100010 1110000000000000 0.005216666666666666 24.00 12.00 37.50
 0100011111100010 1100111001100000 0.0 24.00 20.00 42.50
 0100011111100010 0110111011000000 0.0 24.00 22.00 47.50
 0100011111100010 1100100000000000 0.0025916666666666666 24.00 16.00 40.00
 0100011111100010 1110010000000000 0.0 24.00 18.00 40.00
 0100011111100010 1111111111111111 0.010875 24.00 4.00 35.00
 0100011111100010 0100110000000000 0.0026541666666666667 24.00 20.00 42.50
 0100011111100010 1000100010000000 0.005204166666666667 24.00 16.00 37.50
 0100011111100010 0100110001000000 0.0 24.00 22.00 40.00
 0100011111100010 1000110000000000 0.0025958333333333332 24.00 18.00 37.50
 0100011111100010 0100111000000000 0.0 24.00 20.00 42.50
 0100011111100010 1000110010000000 0.0 24.00 20.00 40.00
 0100011111100010 0100111001000000 0.0 24.00 20.00 42.50
 0100011111100010 0110111111110110 0.010441666666666667 24.00 24.00 45.00
 0010111001110100 0000000000000000 0.493525 24.00 4.00 32.50
 0010111001110100 1000000000000000 0.08600416666666667 24.00 10.00 32.50
 0010111001110100 1100000000000000 0.06425833333333333 24.00 12.00 35.00
 0010111001110100 1100110000000000 0.1060375 24.00 18.00 37.50
 0010111001110100 0100011111100010 0.004804166666666667 24.00 24.00 47.50
 0010111001110100 0010111001110100 0.13085 24.00 24.00 35.00
 0010111001110100 1000100000000000 0.06550416666666667 24.00 16.00 37.50
 0010111001110100 1100010000000000 0.0025166666666666666 24.00 16.00 37.50
 0010111001110100 1110101011100000 0.006825 24.00 20.00 37.50
 0010111001110100 1110000000000000 0.005470833333333334 24.00 12.00 35.00
 0010111001110100 1100111001100000 0.0 24.00 20.00 37.50
 0010111001110100 0110111011000000 0.0 24.00 22.00 45.00
 0010111001110100 1100100000000000 0.002616666666666667 24.00 16.00 37.50
 0010111001110100 1110010000000000 0.0 24.00 18.00 37.50
 0010111001110100 1111111111111111 0.011016666666666666 24.00 4.00 35.00
 0010111001110100 0100110000000000 0.002533333333333333 24.00 20.00 40.00
 0010111001110100 1000100010000000 0.005141666666666667 24.00 16.00 37.50
 0010111001110100 0100110001000000 0.0 24.00 22.00 40.00
 0010111001110100 1000110000000000 0.00265 24.00 18.00 40.00
 0010111001110100 0100111000000000 0.0 24.00 20.00 40.00
 0010111001110100 1000110010000000 0.0 24.00 20.00 40.00
 0010111001110100 0100111001000000 0.0 24.00 20.00 42.50
 0010111001110100 0110111111110110 0.010245833333333332 24.00 24.00 47.50
 1000100000000000 0000000000000000 0.28100416666666667 16.00 4.00 20.00
 1000100000000000 1000000000000000 0.18710833333333332 16.00 10.00 25.00
 1000100000000000 1100000000000000 0.005241666666666667 16.00 12.00 30.00
 1000100000000000 1100110000000000 0.0627125 16.00 18.00 32.50
 1000100000000000 0100011111100010 0.010958333333333334 16.00 24.00 40.00
 1000100000000000 0010111001110100 0.010725 16.00 24.00 42.50
 1000100000000000 1000100000000000 0.35462083333333333 16.00 16.00 25.00
 1000100000000000 1100010000000000 0.0106875 16.00 16.00 27.50
 1000100000000000 1110101011100000 0.021683333333333332 16.00 20.00 37.50
 1000100000000000 1110000000000000 0.0010291666666666667 16.00 12.00 30.00
 1000100000000000 1100111001100000 0.00029583333333333333 16.00 20.00 37.50
 1000100000000000 0110111011000000 0.00028333333333333335 16.00 22.00 37.50
 1000100000000000 1100100000000000 0.010558333333333333 16.00 16.00 30.00
 1000100000000000 1110010000000000 0.0001125 16.00 18.00 32.50
 1000100000000000 1111111111111111 0.0 16.00 4.00 25.00
 1000100000000000 0100110000000000 0.011120833333333333 16.00 20.00 32.50
 1000100000000000 1000100010000000 0.020595833333333334 16.00 16.00 27.50
 1000100000000000 0100110001000000 0.0 16.00 22.00 32.50
 1000100000000000 1000110000000000 0.011120833333333333 16.00 18.00 32.50
 1000100000000000 0100111000000000 0.00014166666666666668 16.00 20.00 32.50
 1000100000000000 1000110010000000 0.0 16.00 20.00 32.50
 1000100000000000 0100111001000000 0.0 16.00 20.00 35.00
 1000100000000000 0110111111110110 0.0 16.00 24.00 40.00
 1100010000000000 0000000000000000 0.335475 16.00 4.00 20.00
 1100010000000000 1000000000000000 0.10470416666666667 16.00 10.00 27.50
 1100010000000000 1100000000000000 0.09317083333333333 16.00 12.00 30.00
 1100010000000000 1100110000000000 0.012745833333333333 16.00 18.00 32.50
 1100010000000000 0100011111100010 0.003820833333333333 16.00 24.00 40.00
 1100010000000000 0010111001110100 0.0037333333333333333 16.00 24.00 42.50
 1100010000000000 1000100000000000 0.09340833333333333 16.00 16.00 25.00
 1100010000000000 1100010000000000 0.29489166666666666 16.00 16.00 25.00
 1100010000000000 1110101011100000 0.007658333333333333 16.00 20.00 37.50
 1100010000000000 1110000000000000 0.0 16.00 12.00 30.00
 1100010000000000 1100111001100000 0.0 16.00 20.00 37.50
 1100010000000000 0110111011000000 0.0 16.00 22.00 37.50
 1100010000000000 1100100000000000 0.0 16.00 16.00 30.00
 1100010000000000 1110010000000000 0.0208875 16.00 18.00 32.50
 1100010000000000 1111111111111111 0.0 16.00 4.00 25.00
 1100010000000000 0100110000000000 0.0 16.00 20.00 32.50
 1100010000000000 1000100010000000 0.0 16.00 16.00 27.50
 1100010000000000 0100110001000000 0.0207625 16.00 22.00 32.50
 1100010000000000 1000110000000000 0.0011958333333333333 16.00 18.00 32.50
 1100010000000000 0100111000000000 0.0 16.00 20.00 32.50
 1100010000000000 1000110010000000 0.0 16.00 20.00 32.50
 1100010000000000 0100111001000000 0.0 16.00 20.00 35.00
 1100010000000000 0110111111110110 0.007545833333333333 16.00 24.00 40.00
 1110101011100000 0000000000000000 0.5324916666666667 20.00 4.00 25.00
 1110101011100000 1000000000000000 0.0 20.00 10.00 32.50
 1110101011100000 1100000000000000 0.12943333333333334 20.00 12.00 35.00
 1110101011100000 1100110000000000 0.0254625 20.00 18.00 40.00
 1110101011100000 0100011111100010 0.006904166666666667 20.00 24.00 45.00
 1110101011100000 0010111001110100 0.006604166666666667 20.00 24.00 40.00
 1110101011100000 1000100000000000 0.12936666666666666 20.00 16.00 35.00
 1110101011100000 1100010000000000 0.005591666666666667 20.00 16.00 37.50
 1110101011100000 1110101011100000 0.12805416666666666 20.00 20.00 30.00
 1110101011100000 1110000000000000 0.010366666666666666 20.00 12.00 32.50
 1110101011100000 1100111001100000 0.0 20.00 20.00 40.00
 1110101011100000 0110111011000000 0.0 20.00 22.00 37.50
 1110101011100000 1100100000000000 0.005075 20.00 16.00 37.50
 1110101011100000 1110010000000000 0.0 20.00 18.00 37.50
 1110101011100000 1111111111111111 0.0 20.00 4.00 30.00
 1110101011100000 0100110000000000 0.0051333333333333335 20.00 20.00 37.50
 1110101011100000 1000100010000000 0.010358333333333334 20.00 16.00 35.00
 1110101011100000 0100110001000000 0.0 20.00 22.00 37.50
 1110101011100000 1000110000000000 0.005158333333333333 20.00 18.00 37.50
 1110101011100000 0100111000000000 0.0 20.00 20.00 37.50
 1110101011100000 1000110010000000 0.0 20.00 20.00 37.50
 1110101011100000 0100111001000000 0.0 20.00 20.00 40.00
 1110101011100000 0110111111110110 0.0 20.00 24.00 42.50
 1110000000000000 0000000000000000 0.292775 12.00 4.00 15.00
 1110000000000000 1000000000000000 0.1050375 12.00 10.00 22.50
 1110000000000000 1100000000000000 0.1784 12.00 12.00 20.00
 1110000000000000 1100110000000000 0.005075 12.00 18.00 25.00
 1110000000000000 0100011111100010 0.0074875 12.00 24.00 35.00
 1110000000000000 0010111001110100 0.0074875 12.00 24.00 37.50
 1110000000000000 1000100000000000 0.007516666666666666 12.00 16.00 25.00
 1110000000000000 1100010000000000 0.0 12.00 16.00 25.00
 1110000000000000 1110101011100000 0.015508333333333334 12.00 20.00 32.50
 1110000000000000 1110000000000000 0.2959583333333333 12.00 12.00 20.00
 1110000000000000 1100111001100000 0.0209125 12.00 20.00 32.50
 1110000000000000 0110111011000000 0.0213875 12.00 22.00 32.50
 1110000000000000 1100100000000000 0.0 12.00 16.00 25.00
 1110000000000000 1110010000000000 0.020583333333333332 12.00 18.00 27.50
 1110000000000000 1111111111111111 0.0 12.00 4.00 20.00
 1110000000000000 0100110000000000 0.0 12.00 20.00 27.50
 1110000000000000 1000100010000000 0.0011416666666666667 12.00 16.00 25.00
 1110000000000000 0100110001000000 0.0 12.00 22.00 30.00
 1110000000000000 1000110000000000 0.0 12.00 18.00 27.50
 1110000000000000 0100111000000000 0.020729166666666667 12.00 20.00 27.50
 1110000000000000 1000110010000000 0.0 12.00 20.00 30.00
 1110000000000000 0100111001000000 0.0 12.00 20.00 30.00
 1110000000000000 0110111111110110 0.0 12.00 24.00 35.00
